   0    0.000000000000e+00    0.000000000000e+00    0.000000000000e+00    0.000000000000e+00    0.000000000000e+00    0.000000000000e+00    0.000000000000e+00    0.000000000000e+00
   1    0.000000000000e+00    0.000000000000e+00    0.000000000000e+00    0.000000000000e+00    0.000000000000e+00    0.000000000000e+00    0.000000000000e+00    0.000000000000e+00
   2    0.000000000000e+00    0.000000000000e+00    0.000000000000e+00    0.000000000000e+00    0.000000000000e+00    0.000000000000e+00    0.000000000000e+00    0.000000000000e+00
   3    0.000000000000e+00    0.000000000000e+00    0.000000000000e+00    0.000000000000e+00    0.000000000000e+00    0.000000000000e+00    0.000000000000e+00    0.000000000000e+00
   4    0.000000000000e+00    0.000000000000e+00    0.000000000000e+00    0.000000000000e+00    0.000000000000e+00    0.000000000000e+00    0.000000000000e+00    0.000000000000e+00
   5    0.000000000000e+00    0.000000000000e+00    0.000000000000e+00    0.000000000000e+00    0.000000000000e+00    0.000000000000e+00    0.000000000000e+00    0.000000000000e+00
   6    0.000000000000e+00    0.000000000000e+00    0.000000000000e+00    0.000000000000e+00    0.000000000000e+00    0.000000000000e+00    0.000000000000e+00    0.000000000000e+00
   7    2.163064749539e-07    0.000000000000e+00    1.942426735013e-07    0.000000000000e+00   -1.502622922089e-06    0.000000000000e+00   -1.495450192124e-06    0.000000000000e+00
   8    0.000000000000e+00    0.000000000000e+00    0.000000000000e+00    0.000000000000e+00    0.000000000000e+00    0.000000000000e+00    0.000000000000e+00    0.000000000000e+00
   9    0.000000000000e+00    0.000000000000e+00    0.000000000000e+00    0.000000000000e+00    0.000000000000e+00    0.000000000000e+00    0.000000000000e+00    0.000000000000e+00
  10    0.000000000000e+00    0.000000000000e+00    0.000000000000e+00    0.000000000000e+00    0.000000000000e+00    0.000000000000e+00    0.000000000000e+00    0.000000000000e+00
  11   -4.790833685320e-08    0.000000000000e+00   -5.963991611679e-08    0.000000000000e+00   -1.017770159706e-06    0.000000000000e+00   -1.017912040879e-06    0.000000000000e+00
  12   -4.569045302105e-07    0.000000000000e+00   -4.829378781324e-07    0.000000000000e+00   -4.740122960811e-07    0.000000000000e+00   -4.577240133585e-07    0.000000000000e+00
  13    1.571044947468e-07    0.000000000000e+00    1.406590257602e-07    0.000000000000e+00   -4.852951747125e-07    0.000000000000e+00   -4.691648030075e-07    0.000000000000e+00
  14    0.000000000000e+00    0.000000000000e+00    0.000000000000e+00    0.000000000000e+00    0.000000000000e+00    0.000000000000e+00    0.000000000000e+00    0.000000000000e+00
  15    0.000000000000e+00    0.000000000000e+00    0.000000000000e+00    0.000000000000e+00    0.000000000000e+00    0.000000000000e+00    0.000000000000e+00    0.000000000000e+00
  16   -1.467982855274e-07    0.000000000000e+00   -1.529359394681e-07    0.000000000000e+00    4.099678108105e-07    0.000000000000e+00    4.147507581820e-07    0.000000000000e+00
  17    3.501138934325e-08    0.000000000000e+00    2.382065389384e-08    0.000000000000e+00   -2.327152692772e-08    0.000000000000e+00   -1.045825381851e-08    0.000000000000e+00
  18    0.000000000000e+00    0.000000000000e+00    0.000000000000e+00    0.000000000000e+00    0.000000000000e+00    0.000000000000e+00    0.000000000000e+00    0.000000000000e+00
  19    0.000000000000e+00    0.000000000000e+00    0.000000000000e+00    0.000000000000e+00    0.000000000000e+00    0.000000000000e+00    0.000000000000e+00    0.000000000000e+00
  20    0.000000000000e+00    0.000000000000e+00    0.000000000000e+00    0.000000000000e+00    0.000000000000e+00    0.000000000000e+00    0.000000000000e+00    0.000000000000e+00
  21    0.000000000000e+00    0.000000000000e+00    0.000000000000e+00    0.000000000000e+00    0.000000000000e+00    0.000000000000e+00    0.000000000000e+00    0.000000000000e+00
  22    0.000000000000e+00    0.000000000000e+00    0.000000000000e+00    0.000000000000e+00    0.000000000000e+00    0.000000000000e+00    0.000000000000e+00    0.000000000000e+00
  23    5.250199208717e-08    0.000000000000e+00    4.028705191672e-08    0.000000000000e+00    3.398491266182e-09    0.000000000000e+00    1.726089315923e-08    0.000000000000e+00
  24    0.000000000000e+00    0.000000000000e+00    0.000000000000e+00    0.000000000000e+00    0.000000000000e+00    0.000000000000e+00    0.000000000000e+00    0.000000000000e+00
  25   -3.465767051125e-08    1.971306602400e-07   -7.037306204438e-08    2.039112843022e-07    2.103981557866e-07   -1.588305877931e-07    2.505968268451e-07   -1.542239118635e-07
  26   -1.597134513531e-08    0.000000000000e+00   -3.546898952322e-08    0.000000000000e+00    2.468746096440e-09    0.000000000000e+00    2.634349804964e-08    0.000000000000e+00
  27   -4.244267017839e-07   -2.223400308310e-08   -4.803862907465e-07   -3.949125115810e-08    5.896422550222e-08    2.013863280581e-07    1.170378780557e-07    2.104598451069e-07
  28   -4.039319492222e-07   -8.911018767321e-08   -4.479266806356e-07   -1.020417315090e-07    7.193828821528e-08    2.392643807525e-07    1.218125476043e-07    2.347529033386e-07
  29   -3.612887837789e-07   -2.755491479434e-08   -4.168783789282e-07   -3.446275798069e-08    9.663420996731e-08    6.649806039150e-08    1.616683249495e-07    6.569240440513e-08
  30   -5.168370194042e-07    3.946037807623e-08   -6.036180479896e-07    2.982295654874e-08    5.990187901261e-08    5.016593362939e-09    1.531587798809e-07    9.353303020987e-09
  31   -3.941009936170e-07   -2.112709580615e-07   -4.468397492019e-07   -2.292689060823e-07   -2.724832484091e-07    1.934917435165e-07   -2.298009746937e-07    2.123860269876e-07
  32   -2.365242011138e-07   -1.401545262070e-07   -2.802187850648e-07   -1.579127939522e-07   -3.044270613373e-07    1.774841109636e-07   -2.657850188825e-07    1.911911198249e-07
  33   -2.765326883036e-07    2.083228309857e-07   -3.457261357198e-07    1.684018116066e-07    3.594583475319e-08    3.654762181782e-08    1.178144728442e-07    6.350015979706e-08
  34   -1.981608193091e-07    5.089908086120e-07   -2.612697187487e-07    4.826829353988e-07    2.585915410691e-07   -3.169754165810e-07    3.495601959003e-07   -3.157915386964e-07
  35   -8.867608869423e-08    1.275084969166e-06   -1.264845224114e-07    1.314879114034e-06    2.967266539144e-07   -7.721762358415e-07    3.261668268806e-07   -8.538415841031e-07
  36    5.176873969504e-07    2.860468839572e-06    5.579049684457e-07    3.045888661291e-06    5.026560501165e-08   -1.431133682672e-06   -6.654481410351e-08   -1.715658072499e-06
  37    1.226480890182e-06    3.632238076534e-06    1.328630446551e-06    3.895306235790e-06   -2.774588381271e-07   -1.670721530900e-06   -5.420923798738e-07   -2.102485495925e-06
  38    1.484811832597e-06    3.428961917962e-06    1.488298153163e-06    3.689913683047e-06   -9.317160447608e-07   -1.192546733364e-06   -1.087688588086e-06   -1.587578026374e-06
  39    7.416887228828e-07    4.259294655640e-06    7.300662332455e-07    4.499834176386e-06   -5.504271172185e-08   -1.674310283306e-06   -2.061829178501e-07   -2.116654286510e-06
  40    6.220778345778e-07    4.672992872656e-06    7.696777402089e-07    4.860648914473e-06    4.826619601772e-07   -1.959549081221e-06    1.653967132142e-07   -2.453700062688e-06
  41    3.053700936562e-07    4.562428330246e-06    5.102797331347e-07    4.666267159337e-06    6.469319941971e-07   -2.203517169619e-06    2.808286012623e-07   -2.665703959792e-06
  42    4.969856490789e-07    5.286782652547e-06    7.164751423261e-07    5.441475877888e-06    6.155028700050e-07   -2.832151722032e-06    2.437614341488e-07   -3.368298393980e-06
  43    5.876972863916e-07    6.382353603840e-06    8.801039257378e-07    6.583293270523e-06    8.109664122458e-07   -3.758079856198e-06    3.977964979640e-07   -4.432314653968e-06
  44    6.998192816354e-07    9.464704817219e-06    1.470824599892e-06    9.750484423421e-06    1.251401727131e-06   -6.430376288336e-06    3.573072433483e-07   -7.543406809418e-06
  45    3.915542379218e-07    1.093224727811e-05    1.614846496523e-06    1.109331242333e-05    1.202880866913e-06   -7.214633114927e-06   -2.017840188273e-07   -8.562542461732e-06
  46    8.397597639487e-08    1.097249423765e-05    1.404271415595e-06    1.106530544348e-05    1.090064756681e-06   -6.686257620458e-06   -4.197069642942e-07   -8.084345608950e-06
  47   -3.923694436025e-08    1.066744243872e-05    1.329013002760e-06    1.071103270078e-05    9.719780109663e-07   -5.995667379466e-06   -5.825473294863e-07   -7.402120900224e-06
  48   -4.749962556616e-08    1.025827805279e-05    1.374678276989e-06    1.019650790113e-05    8.817945058581e-07   -5.421313289844e-06   -7.282193905667e-07   -6.788432074245e-06
  49   -7.119358542695e-07    8.850591257215e-06    6.231052225303e-07    8.556982720620e-06    7.341637910940e-07   -3.637811914814e-06   -8.607213999312e-07   -4.861697107117e-06
  50   -1.364273202853e-06    7.288476354006e-06   -9.845577153555e-08    6.786583981011e-06    5.843450594512e-07   -2.005569058383e-06   -1.011752942759e-06   -3.057518370042e-06
  51   -1.831467443481e-06    6.514834694826e-06   -5.691769615623e-07    5.804044576507e-06    4.845416015087e-07   -1.070271764547e-06   -1.182883920592e-06   -2.018597115239e-06
  52   -2.448367922625e-06    5.195106496103e-06   -1.431021814824e-06    4.307896233513e-06    6.490978421425e-07    2.811962360738e-07   -8.460593790005e-07   -4.844495720135e-07
  53   -2.267956233482e-06    4.572848865791e-06   -1.369508709104e-06    3.535906898833e-06    2.884342507059e-07    1.008201707009e-06   -1.095936227102e-06    3.755450848075e-07
  54   -2.336096486033e-06    4.302255092625e-06   -1.505132786406e-06    3.111251089649e-06    2.243840526717e-07    1.377941657665e-06   -1.116893827202e-06    8.389897061534e-07
  55   -3.043760216315e-06    3.271457217124e-06   -2.340753781027e-06    1.985047447306e-06    6.912055141584e-07    2.456154106767e-06   -5.728470000577e-07    1.974679207706e-06
  56   -3.229111371184e-06    2.013279072344e-06   -2.859537289623e-06    6.326903303489e-07    6.289108114288e-07    3.712361831276e-06   -3.353910074111e-07    3.344096967339e-06
  57   -3.409916416786e-06    1.395377807967e-06   -3.220120788683e-06   -1.040033268396e-07    5.262308491183e-07    4.000395165349e-06   -2.838693262674e-07    3.802680566878e-06
  58   -3.298125420770e-06    1.056352289197e-06   -3.244774916311e-06   -5.352838456929e-07    2.984999696309e-07    4.356541921879e-06   -3.969173860696e-07    4.245685886417e-06
  59   -3.382683416930e-06    6.603709721276e-07   -3.474934828773e-06   -9.855061762210e-07    2.591252439288e-07    4.774163244292e-06   -3.203478229352e-07    4.710591838375e-06
  60   -3.499444801491e-06   -6.220179926686e-08   -3.882164492097e-06   -1.715119310575e-06    2.313791753750e-07    5.493550361280e-06   -7.985982364289e-08    5.498356586031e-06
  61   -3.687950766107e-06   -9.822480251387e-07   -4.434147285792e-06   -2.631293227751e-06    2.984922389260e-07    6.377019872161e-06    3.187161325968e-07    6.497878985101e-06
  62   -3.740419970200e-06   -1.477444698139e-06   -4.822280061489e-06   -3.173777486154e-06    2.993031102960e-07    6.908800969541e-06    6.295817911450e-07    7.192063549155e-06
  63   -3.779974804274e-06   -1.905278168124e-06   -5.147646788828e-06   -3.569206455722e-06    3.412166904582e-07    7.389732672891e-06    9.517052603769e-07    7.732764061075e-06
  64   -3.778811333177e-06   -2.332825488338e-06   -5.410724043031e-06   -3.914975422958e-06    3.722534529516e-07    7.818485755706e-06    1.266994217985e-06    8.178666575986e-06
  65   -3.580439397410e-06   -2.599160552563e-06   -5.509144557436e-06   -4.152305791649e-06    3.024651107353e-07    8.126442480716e-06    1.515034000477e-06    8.560046808270e-06
  66   -3.356771458130e-06   -2.746392965491e-06   -5.519327260117e-06   -4.237887878844e-06    3.185228365510e-07    8.371838703169e-06    1.814018673940e-06    8.814858119877e-06
  67   -3.063094709432e-06   -2.834432507370e-06   -5.438005246106e-06   -4.222918505548e-06    3.684626790346e-07    8.467206498608e-06    2.124711045326e-06    8.879593224265e-06
  68   -2.482487843736e-06   -2.647441533554e-06   -5.001490535506e-06   -3.919262326235e-06    2.325766672584e-07    8.286487172882e-06    2.243204335173e-06    8.659124432597e-06
  69   -2.037558260781e-06   -2.424714921290e-06   -4.611460553861e-06   -3.551593636075e-06    2.713520927955e-07    7.905658094387e-06    2.480759803802e-06    8.242064723163e-06
  70   -1.585674908711e-06   -2.243516291855e-06   -4.253154656908e-06   -3.268333102824e-06    4.138889551086e-07    7.801651918271e-06    2.853102614608e-06    8.073317076196e-06
  71   -1.171888698082e-06   -2.277408384543e-06   -4.048192295159e-06   -3.237050350435e-06    4.760198066833e-07    7.933764209156e-06    3.224017291359e-06    8.184344551410e-06
  72   -7.711186640336e-07   -2.424515741950e-06   -3.899425337295e-06   -3.277446012362e-06    4.413681153892e-07    8.087953574432e-06    3.536801386872e-06    8.359679668501e-06
  73   -4.086635954081e-07   -2.618793587317e-06   -3.757450258490e-06   -3.292729161330e-06    4.489170635225e-07    8.164106475306e-06    3.875521088048e-06    8.441134013992e-06
  74    1.162062019944e-07   -2.561473138485e-06   -3.394155100978e-06   -3.091039388892e-06    4.051765927215e-07    8.004503797565e-06    4.106832420803e-06    8.264616553788e-06
  75    7.200904974525e-07   -2.240791673103e-06   -2.826830950653e-06   -2.648070449141e-06    2.955511320124e-07    7.757918865536e-06    4.181737040199e-06    7.970767910592e-06
  76    1.080438096324e-06   -1.829785560403e-06   -2.494618001947e-06   -2.074214762615e-06    4.662311994252e-07    7.427220680256e-06    4.562641152006e-06    7.597747753607e-06
  77    1.737778802635e-06   -1.813477297219e-06   -1.987088353417e-06   -1.841903099375e-06    3.448887468949e-07    7.386724064418e-06    4.802359399037e-06    7.559333425888e-06
  78    2.254631453980e-06   -1.783614720807e-06   -1.650900912864e-06   -1.547738179397e-06    2.808203589666e-07    7.224244654935e-06    5.107073320687e-06    7.387588084384e-06
  79    2.726540742515e-06   -1.624344577067e-06   -1.324963250227e-06   -1.200261067424e-06    2.016139433181e-07    6.992730504862e-06    5.344198143575e-06    7.148932127166e-06
  80    3.128794787699e-06   -1.522472871329e-06   -1.033182343235e-06   -8.787504270913e-07    1.848526238746e-07    6.926809419383e-06    5.614297606371e-06    7.024154911051e-06
  81    3.522521410559e-06   -1.488388306825e-06   -7.074152676978e-07   -6.362009230543e-07    1.199449144451e-07    6.924763056304e-06    5.855442850589e-06    7.019496479188e-06
  82    3.975582330895e-06   -1.491633497608e-06   -3.346108314872e-07   -4.454915654151e-07    2.561119316624e-08    6.770487743779e-06    6.112215487519e-06    6.913852757862e-06
  83    4.556973181025e-06   -1.450278432458e-06    1.498680148870e-07   -2.268509007308e-07   -1.125470419083e-07    6.612638571823e-06    6.301524081209e-06    6.771308562747e-06
  84    4.998830718250e-06   -1.359149337077e-06    4.717243200503e-07    7.628583631458e-08   -1.895114820627e-07    6.372055395332e-06    6.521855539177e-06    6.508895694424e-06
  85    5.215944838710e-06   -1.385223185935e-06    5.835182719238e-07    3.223987050660e-07   -1.978035868433e-07    6.325048161671e-06    6.825592208770e-06    6.427906555473e-06
  86    5.537614470086e-06   -1.398669041919e-06    8.626860221739e-07    5.668638891621e-07   -2.311553970458e-07    6.294182185229e-06    7.095289674908e-06    6.343646873574e-06
  87    6.215689154487e-06   -1.081194795916e-06    1.637794639464e-06    1.052663833434e-06   -3.992956578713e-07    5.923135631747e-06    7.149513294280e-06    5.940643404756e-06
  88    6.638138529524e-06   -7.961986057126e-07    2.251855676150e-06    1.510106812930e-06   -2.979692226290e-07    5.586808129010e-06    7.392639872705e-06    5.554359177040e-06
  89    7.046557584545e-06   -5.768227993030e-07    2.793122121147e-06    1.943512870639e-06   -2.644709695687e-07    5.294721177052e-06    7.608018677274e-06    5.231794602878e-06
  90    7.470147465938e-06   -4.926463361699e-07    3.225839691368e-06    2.286190465384e-06   -3.794650922373e-07    5.116115971759e-06    7.790502422722e-06    5.004884314985e-06
  91    7.784521585563e-06   -4.527569785751e-07    3.583942998375e-06    2.554503225838e-06   -3.802750256909e-07    4.986200565327e-06    8.041623914323e-06    4.835773324885e-06
  92    8.285484000226e-06   -3.245619097925e-07    4.196668214718e-06    2.796941771521e-06   -5.327066219252e-07    4.798876034329e-06    8.127371984301e-06    4.699151304521e-06
  93    8.759500815358e-06   -3.224380691336e-07    4.803912361240e-06    2.900980234699e-06   -6.451077183556e-07    4.736485607282e-06    8.259777132480e-06    4.672041086451e-06
  94    8.794499990472e-06   -1.668453819548e-07    5.029310614191e-06    3.226199623896e-06   -3.733831022146e-07    4.477566108108e-06    8.716024240130e-06    4.359956164990e-06
  95    9.184835107590e-06   -4.189580349312e-10    5.539827270695e-06    3.505077074806e-06   -4.107921824925e-07    4.252173312125e-06    8.917180821300e-06    4.148793323111e-06
  96    9.692091225588e-06    2.538849344091e-07    6.217652298801e-06    3.927549187210e-06   -4.528906458745e-07    3.889017989422e-06    9.082278666028e-06    3.761446578210e-06
  97    1.015282396111e-05    3.459496440428e-07    6.902769200678e-06    4.130937668378e-06   -4.649562299619e-07    3.656750095615e-06    9.234218850906e-06    3.512706825859e-06
  98    1.051823164744e-05    2.726489753968e-07    7.435842235282e-06    4.103907940589e-06   -4.436276128672e-07    3.561063294910e-06    9.463383321417e-06    3.404309836696e-06
  99    1.072484519682e-05    4.176490620011e-07    7.759271284158e-06    4.302567958803e-06   -4.459612057417e-07    3.438882458795e-06    9.674776265456e-06    3.248983375670e-06
 100    1.092959519156e-05    4.971243470209e-07    8.060008440225e-06    4.489976618061e-06   -4.894876042272e-07    3.190510597051e-06    9.909759683069e-06    3.087260211032e-06
 101    1.127322047978e-05    6.798871368119e-07    8.568979865231e-06    4.816069122171e-06   -3.701956359237e-07    2.785944843708e-06    1.024820903694e-05    2.801051550705e-06
 102    1.148421597463e-05    5.132020532983e-07    8.980073289422e-06    4.819819423574e-06   -5.755188681178e-07    2.790350436044e-06    1.025424626278e-05    2.875761083487e-06
 103    1.178507682198e-05    5.139359018358e-07    9.371710802952e-06    4.947701199853e-06   -6.487449581982e-07    2.751129841272e-06    1.039250128088e-05    2.787418907246e-06
 104    1.171576786874e-05    7.255239324877e-07    9.354659596283e-06    5.253506969893e-06   -4.808172207049e-07    2.516603444747e-06    1.084668383555e-05    2.585073389128e-06
 105    1.235790205101e-05    3.573120466172e-07    1.011969652609e-05    4.907228685624e-06   -8.715689148175e-08    2.258500444441e-06    1.152729873866e-05    2.463122427798e-06
 106    1.249520300917e-05    3.418952019274e-07    1.044063083100e-05    5.009331744077e-06   -2.889381107707e-07    2.240232788608e-06    1.160643569165e-05    2.595833620944e-06
 107    1.261424313270e-05    1.384812691185e-07    1.067161247192e-05    4.938548045175e-06   -2.598504238449e-07    2.041497737082e-06    1.190836883325e-05    2.487510528226e-06
 108    1.270130633202e-05    1.000130325224e-07    1.084773430193e-05    4.999653810955e-06   -2.817733957272e-07    1.912685320349e-06    1.214108397107e-05    2.352551064178e-06
 109    1.301784050156e-05   -1.380666070361e-08    1.128877920564e-05    4.923912001686e-06   -1.908561984010e-07    1.714219706628e-06    1.256935320271e-05    2.248576720376e-06
 110    1.340152448392e-05   -1.831980682709e-07    1.179182527267e-05    4.806977358385e-06   -1.728088534492e-07    1.655458845562e-06    1.294457069889e-05    2.325355580979e-06
 111    1.321166109847e-05   -1.142767160900e-07    1.170690939034e-05    5.023175617680e-06   -2.998468175974e-07    1.686191922090e-06    1.317641272180e-05    2.537484078857e-06
 112    1.334624175797e-05   -5.105451350573e-07    1.189878457808e-05    4.753612302011e-06   -1.585823810046e-07    1.510046445219e-06    1.368215635011e-05    2.510181730031e-06
 113    1.341667757515e-05   -6.448564704442e-07    1.203670672112e-05    4.655873453885e-06   -1.943403731275e-07    1.429916096640e-06    1.397289179295e-05    2.493889724065e-06
 114    1.352802701149e-05   -8.584652277932e-07    1.219354908244e-05    4.488154900173e-06   -9.407457213229e-08    1.377641865474e-06    1.443418841518e-05    2.598881337690e-06
 115    1.355606309517e-05   -9.489274361840e-07    1.224408788403e-05    4.475690275285e-06   -6.411718800337e-08    1.349955823571e-06    1.484451695433e-05    2.823806653396e-06
 116    1.360350779578e-05   -1.158952386504e-06    1.234822138940e-05    4.331787749834e-06   -6.037876687515e-08    1.205096396006e-06    1.521337162558e-05    2.850368673535e-06
 117    1.373912800773e-05   -1.442690063413e-06    1.259203327209e-05    4.045678451803e-06    3.420746352845e-08    1.007890659821e-06    1.566287028254e-05    2.737425802479e-06
 118    1.397342111886e-05   -1.649818727856e-06    1.289667761739e-05    3.815795480477e-06    1.088705445795e-07    9.426741485186e-07    1.611229163245e-05    2.774984068310e-06
 119    1.400403289153e-05   -1.943261850101e-06    1.296542814089e-05    3.514991021802e-06    1.235562905322e-07    8.344251796188e-07    1.649095793255e-05    2.921106897702e-06
 120    1.389899443893e-05   -2.165565547330e-06    1.290244017582e-05    3.291417897344e-06    5.860907847932e-08    6.758243102922e-07    1.678298576735e-05    3.052149395444e-06
 121    1.390535362589e-05   -2.321811962247e-06    1.301127849729e-05    3.108310693278e-06    7.851703998085e-08    5.024543838772e-07    1.711543882266e-05    3.021509655809e-06
 122    1.413959762431e-05   -2.544032895457e-06    1.340029666608e-05    2.919060761997e-06    1.562406453104e-07    2.998116883646e-07    1.758246617101e-05    2.943142362710e-06
 123    1.432347380614e-05   -2.774926997517e-06    1.365625121252e-05    2.682895228645e-06    2.198417945465e-07    1.298445084785e-07    1.803294435376e-05    2.896485966630e-06
 124    1.435484045942e-05   -3.050804252780e-06    1.365407570120e-05    2.379427087362e-06    2.911640706316e-07   -5.554196391699e-08    1.853598951129e-05    2.901874495365e-06
 125    1.434736441297e-05   -3.291852863185e-06    1.360607438983e-05    2.124150796590e-06    3.796802445777e-07   -1.844128121320e-07    1.910116588988e-05    2.996444663950e-06
 126    1.447606155125e-05   -3.497086936477e-06    1.381632046105e-05    1.913631422212e-06    4.468295742299e-07   -3.084462889547e-07    1.958323991857e-05    3.060686367462e-06
 127    1.466517096560e-05   -3.771612682613e-06    1.415354290657e-05    1.650078729654e-06    4.693257835697e-07   -5.471143822433e-07    1.993148543988e-05    2.946370841528e-06
 128    1.484020958742e-05   -3.889025265380e-06    1.437941955373e-05    1.518395492894e-06    5.276208980831e-07   -7.361369966929e-07    2.032678821706e-05    2.828961896739e-06
 129    1.480225819250e-05   -4.095697477169e-06    1.425512709829e-05    1.251326693819e-06    6.349972636599e-07   -1.011567633213e-06    2.088766996167e-05    2.702476422201e-06
 130    1.467841502745e-05   -4.328638169682e-06    1.404130671290e-05    9.032461889547e-07    7.735350209259e-07   -1.198316226692e-06    2.154400317522e-05    2.756918775049e-06
 131    1.466064713895e-05   -4.654357780964e-06    1.406463252351e-05    4.938985966874e-07    8.446824608654e-07   -1.351123728455e-06    2.207194847870e-05    2.904507709900e-06
 132    1.484359017923e-05   -4.967803761247e-06    1.434359273844e-05    1.633430599668e-07    8.524822874278e-07   -1.549308422000e-06    2.247680822620e-05    2.955989430120e-06
 133    1.505943691882e-05   -5.254416919342e-06    1.458730730519e-05   -1.214744855815e-07    8.782803888607e-07   -1.814258212107e-06    2.291001146659e-05    2.852291117961e-06
 134    1.513298593636e-05   -5.591237368208e-06    1.456074551243e-05   -5.203567070566e-07    9.095521704694e-07   -2.069098400170e-06    2.339985803701e-05    2.742388460319e-06
 135    1.507658180344e-05   -5.984695235384e-06    1.437488663214e-05   -1.019834144245e-06    9.261727313969e-07   -2.266931232953e-06    2.387161839579e-05    2.749138047875e-06
 136    1.503514522483e-05   -6.319595740933e-06    1.424324273103e-05   -1.436263346477e-06    9.418228614777e-07   -2.497860805306e-06    2.432440123812e-05    2.806212251016e-06
 137    1.509174217063e-05   -6.612815923290e-06    1.421408524038e-05   -1.728109282340e-06    9.740567747940e-07   -2.779421265586e-06    2.481539013388e-05    2.804242512866e-06
 138    1.511930531706e-05   -6.998330718488e-06    1.413709651388e-05   -2.079653313558e-06    1.050383502843e-06   -3.025355454156e-06    2.537997170293e-05    2.785518518067e-06
 139    1.505527507106e-05   -7.460904271284e-06    1.396605603077e-05   -2.566663852122e-06    1.120357637774e-06   -3.213780246369e-06    2.589292125776e-05    2.794331976474e-06
 140    1.492626506661e-05   -7.867175554566e-06    1.373633858748e-05   -3.084324362135e-06    1.145881469711e-06   -3.402842366995e-06    2.628895344969e-05    2.860433824026e-06
 141    1.484353742853e-05   -8.178455573216e-06    1.352808703814e-05   -3.528593197188e-06    1.141058987741e-06   -3.696294697875e-06    2.665952524694e-05    2.894496219596e-06
 142    1.484012591391e-05   -8.434898518317e-06    1.333654563496e-05   -3.861468030664e-06    1.166125571217e-06   -3.916745754395e-06    2.718102768995e-05    2.985739001815e-06
 143    1.482663901697e-05   -8.867805263435e-06    1.311066625931e-05   -4.293251549825e-06    1.206496904160e-06   -4.187055310467e-06    2.780114118650e-05    2.984512093462e-06
 144    1.475945737184e-05   -9.281991879106e-06    1.287757459068e-05   -4.707476364274e-06    1.261113879991e-06   -4.386256023281e-06    2.837499596353e-05    3.007063014593e-06
 145    1.471759605920e-05   -9.604553270037e-06    1.270864959224e-05   -5.098282144900e-06    1.207289756167e-06   -4.602664375852e-06    2.874883284676e-05    3.069366584896e-06
 146    1.471178620704e-05   -9.876385774987e-06    1.257870098925e-05   -5.532326667890e-06    1.086563202080e-06   -4.808576250070e-06    2.905918336182e-05    3.233850975448e-06
 147    1.468685604777e-05   -1.033698572428e-05    1.239613811777e-05   -6.177275736263e-06    1.035826244333e-06   -5.132361366122e-06    2.951144961116e-05    3.327856575197e-06
 148    1.467838956160e-05   -1.078850073100e-05    1.220463673235e-05   -6.766509159206e-06    1.167106461253e-06   -5.426312327472e-06    3.018743700522e-05    3.297077455500e-06
 149    1.468341815780e-05   -1.119286935136e-05    1.200942097057e-05   -7.226734396681e-06    1.343952249044e-06   -5.795075594506e-06    3.087770528509e-05    3.045323637707e-06
 150    1.465978584747e-05   -1.157372298621e-05    1.176220030175e-05   -7.638097486051e-06    1.396618472427e-06   -6.174421287142e-06    3.141782872262e-05    2.813096443788e-06
 151    1.459544819227e-05   -1.201875420520e-05    1.144257566921e-05   -8.144325875037e-06    1.296849404753e-06   -6.414138624677e-06    3.181558713550e-05    2.870854359571e-06
 152    1.448620059818e-05   -1.255166353076e-05    1.105054889194e-05   -8.747552783461e-06    1.213416794599e-06   -6.605064754694e-06    3.225539694540e-05    3.100660251221e-06
 153    1.436753700546e-05   -1.299837003899e-05    1.063038052962e-05   -9.238317034033e-06    1.233432953995e-06   -6.807968475186e-06    3.279113298049e-05    3.281084900664e-06
 154    1.420616899850e-05   -1.343491658190e-05    1.013861583488e-05   -9.683564712759e-06    1.287832105845e-06   -7.161629582697e-06    3.334083521622e-05    3.246182586736e-06
 155    1.405278271704e-05   -1.386368603562e-05    9.639046766097e-06   -1.012229768094e-05    1.275596673622e-06   -7.428213848470e-06    3.381128772162e-05    3.257095841036e-06
 156    1.398689255439e-05   -1.434362911823e-05    9.238133316103e-06   -1.060732665792e-05    1.139104142567e-06   -7.922025361040e-06    3.416700928938e-05    3.106760232185e-06
 157    1.395366143697e-05   -1.477669411543e-05    8.845815500536e-06   -1.105049341277e-05    1.074458964467e-06   -8.197598617699e-06    3.460959123913e-05    3.191918949597e-06
 158    1.384075949318e-05   -1.513656843599e-05    8.297240128741e-06   -1.145648457168e-05    1.109130266741e-06   -8.383663953282e-06    3.520033715176e-05    3.374370180609e-06
 159    1.367918866890e-05   -1.556820825499e-05    7.627589184267e-06   -1.198030986416e-05    1.145233682109e-06   -8.543329386157e-06    3.586347156670e-05    3.562096708265e-06
 160    1.358281133435e-05   -1.607411104487e-05    7.073880169628e-06   -1.257614985661e-05    1.098463258131e-06   -8.839370821079e-06    3.644521711976e-05    3.592621624193e-06
 161    1.358324152534e-05   -1.656002314121e-05    6.695724096062e-06   -1.305433397647e-05    1.019724095386e-06   -9.277077879233e-06    3.695801933645e-05    3.457190132394e-06
 162    1.348202476947e-05   -1.693868944130e-05    6.206084890437e-06   -1.341026381851e-05    1.061916691469e-06   -9.716353815747e-06    3.754318822757e-05    3.403870550756e-06
 163    1.325295670540e-05   -1.716940641927e-05    5.476780188474e-06   -1.371292910335e-05    1.180351091534e-06   -9.970256542147e-06    3.824251325568e-05    3.536516487657e-06
 164    1.311771848123e-05   -1.745362351357e-05    4.800725037057e-06   -1.425364007446e-05    1.143736881204e-06   -1.025518758979e-05    3.884239049512e-05    3.671717422549e-06
 165    1.317769692832e-05   -1.802912811399e-05    4.357963462098e-06   -1.510348738520e-05    9.073751243704e-07   -1.058768339135e-05    3.923440453946e-05    3.771839601541e-06
 166    1.311430605710e-05   -1.866973252618e-05    3.840026238322e-06   -1.586693542777e-05    7.835420774427e-07   -1.106884155888e-05    3.965412906837e-05    3.741752152564e-06
 167    1.283398978558e-05   -1.921160946949e-05    3.074965206906e-06   -1.645488191571e-05    7.946961773087e-07   -1.148957380792e-05    4.015502418042e-05    3.790735263465e-06
 168    1.246480769623e-05   -1.957061249414e-05    2.172808308387e-06   -1.692879595794e-05    9.035474022312e-07   -1.178984985017e-05    4.075295146322e-05    3.902746811946e-06
 169    1.231480382557e-05   -1.991274984903e-05    1.418751253368e-06   -1.749162038323e-05    8.087202445495e-07   -1.206387423736e-05    4.119027653360e-05    3.993914560851e-06
 170    1.220273770741e-05   -2.039421997324e-05    5.820272690471e-07   -1.813429844333e-05    5.849599347130e-07   -1.242388680112e-05    4.154518319410e-05    4.035629444843e-06
 171    1.179730952572e-05   -2.100287929352e-05   -5.961703095636e-07   -1.871451786428e-05    4.808316020899e-07   -1.286113092647e-05    4.204292054055e-05    4.089241883776e-06
 172    1.130051441578e-05   -2.145801045117e-05   -1.845363954089e-06   -1.908306876430e-05    4.477933259750e-07   -1.338832134934e-05    4.268199336366e-05    4.070227532793e-06
 173    1.099634755519e-05   -2.196781133534e-05   -2.789844529616e-06   -1.960499503184e-05    4.416892238623e-07   -1.371910275338e-05    4.338215148891e-05    4.153472673352e-06
 174    1.101280031435e-05   -2.239943569293e-05   -3.383674538782e-06   -2.011779542954e-05    3.970618251969e-07   -1.411029097653e-05    4.406968218973e-05    4.090370566701e-06
 175    1.093396804208e-05   -2.294539808645e-05   -4.157570401730e-06   -2.064226464427e-05    3.230127276765e-07   -1.444505869586e-05    4.470402927836e-05    4.115214778722e-06
 176    1.053113737726e-05   -2.344469976379e-05   -5.354396307666e-06   -2.106122701662e-05    2.211790928186e-07   -1.473444081057e-05    4.525194526650e-05    4.312695182307e-06
 177    1.014803365251e-05   -2.396240779490e-05   -6.518218469864e-06   -2.164378020098e-05    2.425517209304e-08   -1.500790585851e-05    4.563504626276e-05    4.627391263057e-06
 178    1.008074377751e-05   -2.452544686093e-05   -7.377328529401e-06   -2.253281854792e-05   -1.364111170687e-07   -1.539902405057e-05    4.611124313669e-05    4.817474291485e-06
 179    1.027410780807e-05   -2.507397948648e-05   -8.076909580268e-06   -2.343198138988e-05   -2.201734332630e-07   -1.590157626197e-05    4.675298259826e-05    4.826391432289e-06
 180    1.030276598613e-05   -2.554826642154e-05   -9.112892257690e-06   -2.405936356809e-05   -2.887802850182e-07   -1.631566374272e-05    4.749899380840e-05    4.973636350769e-06
 181    9.863662853604e-06   -2.582108027127e-05   -1.074791543942e-05   -2.432711880829e-05   -2.675432142496e-07   -1.669351695455e-05    4.839134271606e-05    5.283562131808e-06
 182    9.355428119306e-06   -2.613445394672e-05   -1.246573356184e-05   -2.474510074535e-05   -4.085557918643e-07   -1.703642374196e-05    4.910535790259e-05    5.698094355466e-06
 183    9.039074939210e-06   -2.670941285032e-05   -1.390137185808e-05   -2.555895480327e-05   -6.135812213870e-07   -1.735230762279e-05    4.966820779373e-05    6.028306415828e-06
 184    8.939951840148e-06   -2.727549326664e-05   -1.504532338004e-05   -2.633085387060e-05   -7.719896757408e-07   -1.781449827831e-05    5.017699004384e-05    6.157467851153e-06
 185    8.903421075956e-06   -2.774090535240e-05   -1.620132024982e-05   -2.676112490008e-05   -9.268773055737e-07   -1.823080128815e-05    5.072329076938e-05    6.333120836644e-06
 186    8.737277312321e-06   -2.810577279888e-05   -1.767223693605e-05   -2.708517422434e-05   -1.132783722824e-06   -1.865330341388e-05    5.134165621712e-05    6.598863365070e-06
 187    8.462034202239e-06   -2.863606823666e-05   -1.928238816618e-05   -2.776975088636e-05   -1.395471713295e-06   -1.905980934680e-05    5.188266732148e-05    6.792239219067e-06
 188    8.158521268342e-06   -2.929556103481e-05   -2.074083749903e-05   -2.874057645386e-05   -1.611168158888e-06   -1.947873897734e-05    5.232630064711e-05    6.809755632275e-06
 189    7.847869710531e-06   -2.996703733515e-05   -2.214713458670e-05   -2.960216261272e-05   -1.704196279206e-06   -1.980435263249e-05    5.285653969622e-05    6.969341029617e-06
 190    7.543614628958e-06   -3.057638605242e-05   -2.381560989306e-05   -3.015156289621e-05   -1.892728732855e-06   -2.011176184169e-05    5.340703137335e-05    7.445974461007e-06
 191    7.106729754014e-06   -3.127826857963e-05   -2.597751154099e-05   -3.070801540161e-05   -2.256148945889e-06   -2.038925231318e-05    5.384852920542e-05    8.139505553117e-06
 192    6.604871032323e-06   -3.199119964847e-05   -2.833844155248e-05   -3.144895890728e-05   -2.669298737601e-06   -2.072827010124e-05    5.423757465906e-05    8.663001608511e-06
 193    6.242670224310e-06   -3.262287646066e-05   -3.028532046301e-05   -3.226817352697e-05   -2.910469220296e-06   -2.091290843964e-05    5.477794911712e-05    9.048827450897e-06
 194    6.008812306391e-06   -3.309324893053e-05   -3.187433685525e-05   -3.297621515230e-05   -2.903470203819e-06   -2.106155989168e-05    5.558996053878e-05    9.488234354649e-06
 195    5.644683369610e-06   -3.350276165293e-05   -3.375214510015e-05   -3.365969678271e-05   -2.916551011367e-06   -2.135217800969e-05    5.632897591568e-05    1.009365860227e-05
 196    5.090446848044e-06   -3.393230872462e-05   -3.619828930823e-05   -3.435212056502e-05   -3.200242190360e-06   -2.179862894991e-05    5.672252154909e-05    1.069684731192e-05
 197    4.489485490922e-06   -3.441485023359e-05   -3.879464566126e-05   -3.502318577375e-05   -3.492955329421e-06   -2.221284921688e-05    5.720727858716e-05    1.118598265748e-05
 198    4.144902959524e-06   -3.482871397864e-05   -4.096219345229e-05   -3.558148091543e-05   -3.613197350205e-06   -2.257455889776e-05    5.815363329020e-05    1.153663833975e-05
 199    3.934186679544e-06   -3.514329000609e-05   -4.289952630643e-05   -3.611089050537e-05   -3.640622253442e-06   -2.297258652106e-05    5.926769154030e-05    1.185664041259e-05
 200    3.615138211899e-06   -3.538044256857e-05   -4.509420978138e-05   -3.672348975670e-05   -3.832860329567e-06   -2.347655208723e-05    5.994513048790e-05    1.217340013682e-05
 201    3.081047680098e-06   -3.573185676942e-05   -4.770251325681e-05   -3.752777047339e-05   -4.212141902826e-06   -2.397279240540e-05    6.020134605933e-05    1.260696899408e-05
 202    2.432890369164e-06   -3.623669908848e-05   -5.040122414357e-05   -3.834070230369e-05   -4.501195235207e-06   -2.437102921249e-05    6.071433745092e-05    1.312323911407e-05
 203    1.873365022220e-06   -3.682761962409e-05   -5.296574454405e-05   -3.909887527698e-05   -4.583414920489e-06   -2.475129804225e-05    6.175330781844e-05    1.366736887576e-05
 204    1.583245648362e-06   -3.729838863364e-05   -5.547204273171e-05   -3.973921775469e-05   -4.742724286189e-06   -2.517615212128e-05    6.272228347370e-05    1.414725920768e-05
 205    1.539776576465e-06   -3.763298082049e-05   -5.795179822599e-05   -4.031795833725e-05   -5.287081421557e-06   -2.559473978181e-05    6.297919753706e-05    1.461695319449e-05
 206    1.465034188186e-06   -3.809526242549e-05   -6.051206582924e-05   -4.099703437532e-05   -6.029052201484e-06   -2.585361653473e-05    6.297719664872e-05    1.534437251394e-05
 207    1.055587517840e-06   -3.874176400132e-05   -6.330211908789e-05   -4.177643495495e-05   -6.510745151900e-06   -2.615006997075e-05    6.350233888952e-05    1.625571167096e-05
 208    4.240156670221e-07   -3.942786497646e-05   -6.637387559749e-05   -4.264840754331e-05   -6.692894203297e-06   -2.651989052538e-05    6.445279723266e-05    1.721812986943e-05
 209   -1.238102811385e-07   -3.985443618149e-05   -6.962663610466e-05   -4.347944559413e-05   -6.828376172052e-06   -2.683446655283e-05    6.515275163110e-05    1.807178159652e-05
 210   -4.303650200654e-07   -3.992774145445e-05   -7.280548743438e-05   -4.410040855873e-05   -7.294561783056e-06   -2.691724694159e-05    6.522217881866e-05    1.886383870442e-05
 211   -6.173621613925e-07   -4.003026697319e-05   -7.583167462144e-05   -4.465896927286e-05   -8.007602446014e-06   -2.690482324397e-05    6.529585516546e-05    1.977939427888e-05
 212   -9.430107752451e-07   -4.058255217387e-05   -7.897144678282e-05   -4.544178591459e-05   -8.656201316626e-06   -2.700924596866e-05    6.599446351174e-05    2.093256807711e-05
 213   -1.494799676038e-06   -4.149273809162e-05   -8.245825301856e-05   -4.648336835089e-05   -9.056271665031e-06   -2.725433841988e-05    6.707217107760e-05    2.212374602095e-05
 214   -2.228160155937e-06   -4.221676135785e-05   -8.628225623397e-05   -4.752606037073e-05   -9.392420906806e-06   -2.755248351605e-05    6.783275603084e-05    2.308047987754e-05
 215   -3.036993575734e-06   -4.253540464561e-05   -9.021553705679e-05   -4.840552719543e-05   -9.864333151199e-06   -2.780743488984e-05    6.812078936491e-05    2.385448897257e-05
 216   -3.734490746865e-06   -4.274435195839e-05   -9.397493704455e-05   -4.915442696074e-05   -1.045136014000e-05   -2.811317244777e-05    6.843220035080e-05    2.467766353220e-05
 217   -4.187209924567e-06   -4.324613109929e-05   -9.750014578458e-05   -4.992898539058e-05   -1.098521261156e-05   -2.844563823601e-05    6.905051122885e-05    2.570850665506e-05
 218   -4.423428890732e-06   -4.400604302646e-05   -1.011269705486e-04   -5.090225749882e-05   -1.149422860180e-05   -2.871214564948e-05    6.972262781346e-05    2.683993807295e-05
 219   -4.863007234235e-06   -4.458214971237e-05   -1.052504667314e-04   -5.187503847992e-05   -1.181363859359e-05   -2.882206899812e-05    7.029770495137e-05    2.813574246829e-05
 220   -5.626381152979e-06   -4.482446456677e-05   -1.098255233956e-04   -5.266753578326e-05   -1.202007388201e-05   -2.885492540372e-05    7.100903167157e-05    2.968272747239e-05
 221   -6.448455678765e-06   -4.495981556829e-05   -1.141301254393e-04   -5.328155384632e-05   -1.215843985847e-05   -2.896994556068e-05    7.203537825262e-05    3.139166074106e-05
 222   -6.962175120862e-06   -4.522878589341e-05   -1.179155879072e-04   -5.376811532187e-05   -1.255941424461e-05   -2.929191941803e-05    7.291127258213e-05    3.275019844295e-05
 223   -7.312411526073e-06   -4.554725819617e-05   -1.219278055942e-04   -5.423524271464e-05   -1.328468079009e-05   -2.982499972859e-05    7.332599489018e-05    3.365504744579e-05
 224   -7.851772352296e-06   -4.577159052133e-05   -1.269847853109e-04   -5.471222539200e-05   -1.427341976523e-05   -3.027365710295e-05    7.335824921029e-05    3.470811134321e-05
 225   -8.667348083691e-06   -4.589310992742e-05   -1.326238707406e-04   -5.529371264856e-05   -1.516263182566e-05   -3.056957939407e-05    7.350035593845e-05    3.627331170719e-05
 226   -9.598866199667e-06   -4.606967922882e-05   -1.379429886583e-04   -5.606325430563e-05   -1.571911343490e-05   -3.080094393226e-05    7.404661300825e-05    3.802459468716e-05
 227   -1.054251788446e-05   -4.635111326934e-05   -1.428067480447e-04   -5.698948370991e-05   -1.605666329851e-05   -3.113610728178e-05    7.472249126295e-05    3.933443440474e-05
 228   -1.161371801572e-05   -4.655116208596e-05   -1.481142680859e-04   -5.776766192866e-05   -1.651887396292e-05   -3.151782948407e-05    7.511807780247e-05    4.026395254186e-05
 229   -1.269569747819e-05   -4.661104685511e-05   -1.540560624562e-04   -5.840175072080e-05   -1.725824768073e-05   -3.181246574968e-05    7.505781832151e-05    4.157990042586e-05
 230   -1.375113515678e-05   -4.666882887250e-05   -1.600544783287e-04   -5.927399615757e-05   -1.798448647605e-05   -3.182525688317e-05    7.495698810089e-05    4.381252801977e-05
 231   -1.489652368036e-05   -4.665710002882e-05   -1.657490938669e-04   -6.021355875419e-05   -1.850304579420e-05   -3.158117760904e-05    7.507246482419e-05    4.632141644834e-05
 232   -1.634052205191e-05   -4.637260644813e-05   -1.718636631267e-04   -6.085206769058e-05   -1.885250458145e-05   -3.139331602142e-05    7.565072155558e-05    4.836023072130e-05
 233   -1.795952812245e-05   -4.582868859870e-05   -1.787904038792e-04   -6.086784560466e-05   -1.919706301123e-05   -3.161542190355e-05    7.643739081686e-05    4.971020098310e-05
 234   -1.934113970492e-05   -4.544940748019e-05   -1.859473413788e-04   -6.081498941057e-05   -1.981418427022e-05   -3.218031633878e-05    7.693231600570e-05    5.104758020025e-05
 235   -2.052440140687e-05   -4.547921344056e-05   -1.927243574755e-04   -6.138013122836e-05   -2.065208536806e-05   -3.259779987275e-05    7.697514229221e-05    5.320668788045e-05
 236   -2.187032259826e-05   -4.555815030471e-05   -1.995472557610e-04   -6.218912312761e-05   -2.161976408388e-05   -3.265441409894e-05    7.689817721257e-05    5.588347994490e-05
 237   -2.348949055886e-05   -4.508414349402e-05   -2.069923648378e-04   -6.247247074498e-05   -2.238706292701e-05   -3.281181852799e-05    7.720346911810e-05    5.816425982630e-05
 238   -2.502735333110e-05   -4.437292227522e-05   -2.146938495571e-04   -6.236436456675e-05   -2.296030106663e-05   -3.318042945466e-05    7.759702566545e-05    5.985864481772e-05
 239   -2.624463559187e-05   -4.412610724103e-05   -2.219325833721e-04   -6.273373583099e-05   -2.366410080867e-05   -3.331320476718e-05    7.748522330076e-05    6.184904486872e-05
 240   -2.740122909017e-05   -4.416699448484e-05   -2.289655240020e-04   -6.347986345645e-05   -2.467290687491e-05   -3.295842179796e-05    7.713600643910e-05    6.460781878559e-05
 241   -2.894835051848e-05   -4.369859379949e-05   -2.367158303969e-04   -6.384521839209e-05   -2.568706622696e-05   -3.260948142270e-05    7.710055069765e-05    6.757836672477e-05
 242   -3.086842116318e-05   -4.271305806469e-05   -2.454517234582e-04   -6.394894444384e-05   -2.644913365657e-05   -3.265523264417e-05    7.725211617071e-05    7.033561269054e-05
 243   -3.286502033006e-05   -4.194735811325e-05   -2.546352043282e-04   -6.454550020862e-05   -2.705326369323e-05   -3.286268474767e-05    7.702280709054e-05    7.316762639675e-05
 244   -3.457102866378e-05   -4.150001041126e-05   -2.636140561663e-04   -6.537407898577e-05   -2.791668521240e-05   -3.277582072769e-05    7.656177331228e-05    7.637778617209e-05
 245   -3.646177719929e-05   -4.084754618816e-05   -2.726773673203e-04   -6.573805876542e-05   -2.876259713958e-05   -3.239590296289e-05    7.662179996260e-05    7.976744382177e-05
 246   -3.874533649650e-05   -3.966096846852e-05   -2.822118694894e-04   -6.567623495357e-05   -2.952270187961e-05   -3.234733230784e-05    7.704244490014e-05    8.283161878353e-05
 247   -4.126983185415e-05   -3.850409848383e-05   -2.922397980001e-04   -6.611337448703e-05   -3.042516618734e-05   -3.273050242569e-05    7.671673665754e-05    8.563951269025e-05
 248   -4.359709782875e-05   -3.783451757045e-05   -3.023262252100e-04   -6.700611993438e-05   -3.173262302880e-05   -3.291352186352e-05    7.523538806709e-05    8.878952939995e-05
 249   -4.584472844726e-05   -3.727923831320e-05   -3.123749920633e-04   -6.738082447555e-05   -3.286628270871e-05   -3.247558561270e-05    7.399802416330e-05    9.258715726901e-05
 250   -4.823064955417e-05   -3.624201053753e-05   -3.225877881050e-04   -6.665226828773e-05   -3.349170219735e-05   -3.194681630703e-05    7.383690535789e-05    9.634424350224e-05
 251   -5.074915316072e-05   -3.462909444352e-05   -3.331211919431e-04   -6.556847802131e-05   -3.411949001020e-05   -3.202433435945e-05    7.379964517895e-05    9.945242345566e-05
 252   -5.332708315109e-05   -3.288638617960e-05   -3.442368470132e-04   -6.530143582495e-05   -3.539413592080e-05   -3.258478318457e-05    7.270858623087e-05    1.023511285894e-04
 253   -5.629544466501e-05   -3.140549233649e-05   -3.559016622603e-04   -6.543442577822e-05   -3.703603942995e-05   -3.288475636509e-05    7.082158845151e-05    1.054194435710e-04
 254   -6.000143912388e-05   -3.022629425686e-05   -3.680709633045e-04   -6.535877764691e-05   -3.810803536908e-05   -3.257221760578e-05    6.954126729397e-05    1.090469158953e-04
 255   -6.433674570872e-05   -2.924767068180e-05   -3.808261535596e-04   -6.514088454423e-05   -3.845242827083e-05   -3.187878246536e-05    6.921134627191e-05    1.132212928496e-04
 256   -6.868166383356e-05   -2.808272802213e-05   -3.941395261791e-04   -6.527027289849e-05   -3.894374094671e-05   -3.118385211565e-05    6.859481800348e-05    1.177697558887e-04
 257   -7.282417209353e-05   -2.647888686624e-05   -4.078707715962e-04   -6.589991244255e-05   -4.025358066428e-05   -3.073657353525e-05    6.672827294096e-05    1.223947037943e-04
 258   -7.700444984948e-05   -2.461132135068e-05   -4.217941022944e-04   -6.641229992965e-05   -4.213405190967e-05   -3.048564758501e-05    6.391596252797e-05    1.267701591132e-04
 259   -8.152649388649e-05   -2.258071435790e-05   -4.359310551081e-04   -6.684847176075e-05   -4.318083301769e-05   -3.038077375095e-05    6.142503843876e-05    1.316601410508e-04
 260   -8.587844786234e-05   -2.097227115883e-05   -4.507988633122e-04   -6.588178075617e-05   -4.480461939238e-05   -2.973821210617e-05    5.946799501544e-05    1.359666202916e-04
 261   -9.030295768753e-05   -1.856271592260e-05   -4.658960097004e-04   -6.529975507874e-05   -4.587938747136e-05   -2.912217678386e-05    5.726302697440e-05    1.415651640855e-04
 262   -9.366541780764e-05   -1.555075505166e-05   -4.765831690747e-04   -6.445829058066e-05   -4.752534732688e-05   -2.880086321966e-05    5.318042894942e-05    1.464965025662e-04
 263   -9.580712503521e-05   -1.246979172720e-05   -4.800338647328e-04   -6.233416206669e-05   -4.887648537988e-05   -2.853344085452e-05    4.725041435449e-05    1.475807512179e-04
 264   -1.013520304696e-04   -1.039501239575e-05   -4.956410848536e-04   -6.260255031521e-05   -5.093438448966e-05   -2.853440491890e-05    4.368655208964e-05    1.537090429338e-04
 265   -1.097297281376e-04   -9.151495760307e-06   -5.208841757849e-04   -6.306335126283e-05   -5.193741526455e-05   -2.650977694429e-05    4.281180736143e-05    1.597408263478e-04
 266   -1.172773554572e-04   -6.900929292897e-06   -5.438156658784e-04   -6.310159369605e-05   -5.292071000440e-05   -2.542269430705e-05    4.078008714714e-05    1.679681445239e-04
 267   -1.230203342857e-04   -3.659231879283e-06   -5.581084988080e-04   -6.204858800629e-05   -5.406979107647e-05   -2.561249311839e-05    3.630673745647e-05    1.730921503622e-04
 268   -1.299087889493e-04   -2.554933189458e-07   -5.763570079580e-04   -6.160200427985e-05   -5.637681533699e-05   -2.601069172670e-05    3.069415106438e-05    1.788020163076e-04
 269   -1.346763310721e-04    2.444720166750e-06   -5.851390305907e-04   -5.978269837215e-05   -5.723243884859e-05   -2.474262873875e-05    2.518213113945e-05    1.812888367567e-04
 270   -1.443723886041e-04    6.062161901355e-06   -6.109945825301e-04   -5.904714635108e-05   -5.773608791060e-05   -2.290039083164e-05    2.251976002299e-05    1.892236905405e-04
 271   -1.535340416012e-04    1.055998109223e-05   -6.342759006657e-04   -5.794165554107e-05   -5.861379395355e-05   -2.117339136021e-05    1.862114550022e-05    1.983960828511e-04
 272   -1.649299956625e-04    1.585024256201e-05   -6.656302139163e-04   -5.784690438304e-05   -6.129085522844e-05   -2.174003384425e-05    1.312954191235e-05    2.076428936562e-04
 273   -1.754583499860e-04    2.022449916694e-05   -6.909376825206e-04   -5.792785668746e-05   -6.482580647571e-05   -2.261882582388e-05    5.167371000425e-06    2.144976315321e-04
 274   -1.848639367381e-04    2.335401768505e-05   -7.124320254661e-04   -5.674472777173e-05   -6.757660594303e-05   -2.195141496486e-05   -1.906822490128e-06    2.195943525294e-04
 275   -1.949814759428e-04    2.691142071853e-05   -7.403814815916e-04   -5.632904867525e-05   -7.001695485087e-05   -2.021802538366e-05   -7.610286502313e-06    2.298940671608e-04
 276   -2.015741338255e-04    3.145539812976e-05   -7.550400332548e-04   -5.304366641212e-05   -7.041713251965e-05   -1.786770553736e-05   -1.234644059878e-05    2.346439869143e-04
 277   -2.118206757586e-04    3.760159597732e-05   -7.792410324328e-04   -5.113960287417e-05   -7.235915109050e-05   -1.758091093507e-05   -1.968320975720e-05    2.425885177217e-04
 278   -2.256873704027e-04    4.277657353668e-05   -8.098889957182e-04   -5.122928632773e-05   -7.543613173766e-05   -1.707625233394e-05   -2.831093661371e-05    2.528348995838e-04
 279   -2.411055320408e-04    4.674023875850e-05   -8.429389563389e-04   -5.130934005138e-05   -7.861087215133e-05   -1.521429658169e-05   -3.663102324936e-05    2.640708407853e-04
 280   -2.557332045399e-04    5.139258064446e-05   -8.726138039492e-04   -4.930818249704e-05   -8.080293628154e-05   -1.307534967054e-05   -4.441483906703e-05    2.739956835285e-04
 281   -2.693252463359e-04    5.811180380988e-05   -9.012640803121e-04   -4.605906724464e-05   -8.231629180955e-05   -1.184822576761e-05   -5.258942837827e-05    2.837711072061e-04
 282   -2.828265423886e-04    6.568587559741e-05   -9.293631883338e-04   -4.262941001798e-05   -8.398782665608e-05   -1.133300793299e-05   -6.212341395440e-05    2.926116576418e-04
 283   -2.981924044434e-04    7.232178177219e-05   -9.594497387297e-04   -4.033550794702e-05   -8.637084101792e-05   -1.049223465088e-05   -7.248894689837e-05    3.019507275894e-04
 284   -3.158890176564e-04    7.798284786986e-05   -9.928486542776e-04   -3.872660454363e-05   -8.963675645646e-05   -8.878499102138e-06   -8.361438813154e-05    3.121141344309e-04
 285   -3.343933203723e-04    8.454599446850e-05   -1.028361031786e-03   -3.684855983010e-05   -9.318741649622e-05   -6.803384621890e-06   -9.555622818880e-05    3.232429735363e-04
 286   -3.524726489559e-04    9.291250171373e-05   -1.064053503796e-03   -3.367371755303e-05   -9.633278386900e-05   -4.864503807767e-06   -1.086211268557e-04    3.343033895362e-04
 287   -3.704967384692e-04    1.019483752316e-04   -1.098901615478e-03   -2.982624937431e-05   -9.915418195305e-05   -3.340802322782e-06   -1.231065980392e-04    3.447546332609e-04
 288   -3.895058762282e-04    1.104320181184e-04   -1.133607467636e-03   -2.649275847943e-05   -1.023595687002e-04   -2.227333425253e-06   -1.387556403643e-04    3.552224661689e-04
 289   -4.103062965441e-04    1.184234934044e-04   -1.169780618511e-03   -2.415687413304e-05   -1.063627933036e-04   -1.391858859279e-06   -1.552321191411e-04    3.665640251711e-04
 290   -4.322982276790e-04    1.269660715479e-04   -1.207663677633e-03   -2.153628338419e-05   -1.112395402743e-04   -2.650531030213e-07   -1.726323680487e-04    3.793048090301e-04
 291   -4.553892067634e-04    1.364885101793e-04   -1.246841391549e-03   -1.722957495076e-05   -1.164621498901e-04    1.613959057067e-06   -1.916019245982e-04    3.926202771254e-04
 292   -4.797442525160e-04    1.472854928579e-04   -1.287235645577e-03   -1.170887844637e-05   -1.210579503095e-04    3.882666533173e-06   -2.116175601259e-04    4.063760279678e-04
 293   -5.058630486019e-04    1.590614119777e-04   -1.328778453171e-03   -6.272553036979e-06   -1.244927261723e-04    5.679843525286e-06   -2.319062623428e-04    4.199651884846e-04
 294   -5.332410219125e-04    1.715567195788e-04   -1.371073303744e-03   -1.040167148858e-06   -1.273534726351e-04    6.913125616848e-06   -2.517904213164e-04    4.330982337706e-04
 295   -5.615432164632e-04    1.846327795647e-04   -1.414745580405e-03    4.693049959315e-06   -1.308869250352e-04    8.814890861686e-06   -2.720908087213e-04    4.470279673114e-04
 296   -5.910567706451e-04    1.978626096388e-04   -1.460966770537e-03    1.031395549944e-05   -1.361163886031e-04    1.213697669300e-05   -2.950075140689e-04    4.627740418073e-04
 297   -6.226440309547e-04    2.110675850417e-04   -1.510238042101e-03    1.501321003161e-05   -1.419738255208e-04    1.548005820950e-05   -3.206341352779e-04    4.792601685040e-04
 298   -6.560342735611e-04    2.242481714347e-04   -1.560871256515e-03    1.838376920205e-05   -1.467235560995e-04    1.724613866827e-05   -3.471709787846e-04    4.952158196829e-04
 299   -6.908034556545e-04    2.377333148615e-04   -1.610865583643e-03    2.251262412756e-05   -1.498492638348e-04    1.801725375117e-05   -3.734364581760e-04    5.100661073811e-04
 300   -7.263034931384e-04    2.521477872506e-04   -1.661065965891e-03    2.785997276078e-05   -1.531398011139e-04    1.976971907425e-05   -4.003635840490e-04    5.266121588647e-04
 301   -7.634782814421e-04    2.675892901607e-04   -1.713650301099e-03    3.348968675709e-05   -1.582242402947e-04    2.326876165171e-05   -4.300942528062e-04    5.453353514895e-04
 302   -8.034710772336e-04    2.835975028574e-04   -1.768550602719e-03    3.880673102685e-05   -1.645293377806e-04    2.703415520955e-05   -4.629281465895e-04    5.636138375849e-04
 303   -8.463460835628e-04    2.995944814757e-04   -1.823907368816e-03    4.387692388264e-05   -1.702500449028e-04    2.993488851644e-05   -4.975469200872e-04    5.804783431813e-04
 304   -8.906370494515e-04    3.158207691740e-04   -1.879450748675e-03    4.996980715077e-05   -1.753573014867e-04    3.258729338995e-05   -5.330546991900e-04    5.977490218356e-04
 305   -9.354713256471e-04    3.331092302687e-04   -1.937924535014e-03    5.658467125613e-05   -1.811770343920e-04    3.615397872636e-05   -5.692970007658e-04    6.184713565744e-04
 306   -9.820163249969e-04    3.511001414154e-04   -2.000821288675e-03    6.347230373649e-05   -1.885138190119e-04    4.030846321257e-05   -6.069106166251e-04    6.401792634279e-04
 307   -1.031326013617e-03    3.699609078467e-04   -2.065889770165e-03    7.016000745352e-05   -1.957869244507e-04    4.378366793389e-05   -6.457864656113e-04    6.608693511225e-04
 308   -1.083664363250e-03    3.901036398020e-04   -2.129657892510e-03    7.768499199301e-05   -2.018430386670e-04    4.703807644546e-05   -6.872988888063e-04    6.813438376412e-04
 309   -1.138985040598e-03    4.119322402403e-04   -2.192823914811e-03    8.675702702021e-05   -2.069772308460e-04    5.155018880032e-05   -7.322495803237e-04    7.042892975733e-04
 310   -1.197054516524e-03    4.345264169388e-04   -2.259730361402e-03    9.675123874331e-05   -2.122377482010e-04    5.684047937393e-05   -7.787447539158e-04    7.291265646927e-04
 311   -1.257531112060e-03    4.562447138596e-04   -2.331839408726e-03    1.064564930857e-04   -2.182598254876e-04    6.114986899775e-05   -8.251891122200e-04    7.524876273237e-04
 312   -1.320121111348e-03    4.781838797498e-04   -2.406513085589e-03    1.158877566922e-04   -2.245810028398e-04    6.376011879183e-05   -8.719844627194e-04    7.737896521576e-04
 313   -1.385937095620e-03    5.023827543482e-04   -2.479933202267e-03    1.269609929295e-04   -2.317654289072e-04    6.676567136310e-05   -9.239250211976e-04    7.953955791891e-04
 314   -1.455284538679e-03    5.296834860928e-04   -2.553967293352e-03    1.393065467710e-04   -2.401120291324e-04    7.160538370954e-05   -9.814234217629e-04    8.207809878513e-04
 315   -1.526850159280e-03    5.567888729274e-04   -2.631042152643e-03    1.505116379121e-04   -2.494833024684e-04    7.719834684394e-05   -1.041396753863e-03    8.482104749419e-04
 316   -1.599059673026e-03    5.806082626805e-04   -2.710398286581e-03    1.583437551744e-04   -2.583174791653e-04    8.229466766352e-05   -1.100107328966e-03    8.752975845709e-04
 317   -1.671825652011e-03    6.032972596586e-04   -2.788663841784e-03    1.646827149671e-04   -2.657037402969e-04    8.703556522960e-05   -1.158890780061e-03    9.020337020047e-04
 318   -1.748117967509e-03    6.296662613750e-04   -2.866387600079e-03    1.739568106132e-04   -2.728969557211e-04    9.208585106535e-05   -1.222066581249e-03    9.298790828325e-04
 319   -1.830617198721e-03    6.608217372559e-04   -2.948415931314e-03    1.866252423497e-04   -2.813904720824e-04    9.745948045747e-05   -1.290087937377e-03    9.596779709682e-04
 320   -1.919358619489e-03    6.930907838978e-04   -3.035488538444e-03    2.014450292336e-04   -2.913156931754e-04    1.017072136165e-04   -1.360979862511e-03    9.875535033643e-04
 321   -2.010624855757e-03    7.241726852953e-04   -3.123514819890e-03    2.154657413485e-04   -3.006022016052e-04    1.048067642841e-04   -1.432105316781e-03    1.014418201521e-03
 322   -2.102629980072e-03    7.554278126918e-04   -3.209334099665e-03    2.296908351127e-04   -3.084067138843e-04    1.077972847270e-04   -1.505877124146e-03    1.042432850227e-03
 323   -2.196934306994e-03    7.886791718192e-04   -3.295467235148e-03    2.449821622577e-04   -3.163933288306e-04    1.122482353821e-04   -1.586221274920e-03    1.073903054930e-03
 324   -2.296409336850e-03    8.244688506238e-04   -3.386542899534e-03    2.609777438920e-04   -3.259801596869e-04    1.172845513793e-04   -1.671248581260e-03    1.106901559979e-03
 325   -2.402013167739e-03    8.623195462860e-04   -3.482083091512e-03    2.772262669168e-04   -3.372351056896e-04    1.209217007272e-04   -1.757549471222e-03    1.138275139965e-03
 326   -2.511934144422e-03    9.017806150950e-04   -3.578240517527e-03    2.939797705039e-04   -3.488857182674e-04    1.231646165252e-04   -1.844015554525e-03    1.168976188637e-03
 327   -2.624213928357e-03    9.411329519935e-04   -3.671989077702e-03    3.124542708974e-04   -3.597240138333e-04    1.264046877623e-04   -1.935306587256e-03    1.200768514536e-03
 328   -2.737370319664e-03    9.793987264857e-04   -3.764959983528e-03    3.293388581369e-04   -3.689751902130e-04    1.323571341345e-04   -2.031211508438e-03    1.236589858308e-03
 329   -2.854442223907e-03    1.017611473799e-03   -3.860459895805e-03    3.422029549256e-04   -3.779515100177e-04    1.408881216776e-04   -2.130408538505e-03    1.275376416743e-03
 330   -2.978634554893e-03    1.058580935933e-03   -3.960297908634e-03    3.531296097208e-04   -3.895513364114e-04    1.498247147538e-04   -2.233551116660e-03    1.314238761552e-03
 331   -3.109312849119e-03    1.102754380554e-03   -4.063162021339e-03    3.668464487419e-04   -4.041165811941e-04    1.568724546814e-04   -2.342782216147e-03    1.351742655970e-03
 332   -3.241465194151e-03    1.146699418314e-03   -4.165389575064e-03    3.836429386865e-04   -4.195537767373e-04    1.617998641450e-04   -2.458852482960e-03    1.388529548422e-03
 333   -3.374332096428e-03    1.188568188809e-03   -4.268126562238e-03    3.986778610852e-04   -4.329752118792e-04    1.673633087194e-04   -2.577345352620e-03    1.429083175026e-03
 334   -3.513903124258e-03    1.230401452631e-03   -4.374418873340e-03    4.100667138118e-04   -4.451291752048e-04    1.761157618603e-04   -2.697882940993e-03    1.473738579080e-03
 335   -3.664052346721e-03    1.276958500966e-03   -4.487012512982e-03    4.212554777041e-04   -4.572586913127e-04    1.866244710982e-04   -2.819974441081e-03    1.521610072814e-03
 336   -3.821902442724e-03    1.327578444034e-03   -4.602953791618e-03    4.374527779873e-04   -4.699888231698e-04    1.954373146873e-04   -2.946610795334e-03    1.567807747051e-03
 337   -3.981423564255e-03    1.377171254717e-03   -4.718156997114e-03    4.580760432873e-04   -4.843534843531e-04    2.025005960604e-04   -3.080663038418e-03    1.611020998098e-03
 338   -4.141863901168e-03    1.422785688192e-03   -4.832283593714e-03    4.780921444762e-04   -5.014824564569e-04    2.107752225129e-04   -3.221841063350e-03    1.654924242757e-03
 339   -4.308816976845e-03    1.468374626711e-03   -4.948662593961e-03    4.950803704560e-04   -5.203473265283e-04    2.224970230600e-04   -3.366891061887e-03    1.704827649519e-03
 340   -4.485954064876e-03    1.520657795481e-03   -5.069832317531e-03    5.109815392643e-04   -5.367136327550e-04    2.359148347750e-04   -3.512525232509e-03    1.761588384397e-03
 341   -4.671387374401e-03    1.579265808687e-03   -5.192821845412e-03    5.287900567055e-04   -5.508672329597e-04    2.477612288203e-04   -3.664376679808e-03    1.817038981244e-03
 342   -4.856866318733e-03    1.638957415707e-03   -5.313291214406e-03    5.476194783114e-04   -5.673662526533e-04    2.561770670582e-04   -3.824353916571e-03    1.866671722382e-03
 343   -5.041157826781e-03    1.695133396424e-03   -5.429188720882e-03    5.663419724442e-04   -5.901111871935e-04    2.625174820423e-04   -3.990148194134e-03    1.911974395625e-03
 344   -5.230442620814e-03    1.749058370478e-03   -5.543828010559e-03    5.842091049999e-04   -6.161346100271e-04    2.697019081097e-04   -4.158261697739e-03    1.960767898709e-03
 345   -5.431407596916e-03    1.804796978831e-03   -5.663434509188e-03    6.009413627908e-04   -6.390583585016e-04    2.793118765112e-04   -4.330819472671e-03    2.017772756517e-03
 346   -5.642273463309e-03    1.864589983597e-03   -5.787578877062e-03    6.167965475470e-04   -6.578747997992e-04    2.890087198466e-04   -4.513506777585e-03    2.077336888760e-03
 347   -5.856972187757e-03    1.928365323693e-03   -5.910360720009e-03    6.325258291326e-04   -6.749716121703e-04    2.958760305773e-04   -4.701682832092e-03    2.131706103683e-03
 348   -6.075545679778e-03    1.993822865188e-03   -6.027208175510e-03    6.511851679534e-04   -6.942283362150e-04    3.011761291418e-04   -4.890668205917e-03    2.179047092795e-03
 349   -6.300798151642e-03    2.059067599475e-03   -6.145500112325e-03    6.695354240946e-04   -7.151475292630e-04    3.100221219938e-04   -5.079183727503e-03    2.232011873275e-03
 350   -6.536067463458e-03    2.121953060851e-03   -6.273747421801e-03    6.847434560768e-04   -7.374009583145e-04    3.251206944697e-04   -5.277646239847e-03    2.297795377672e-03
 351   -6.779583171010e-03    2.182908356190e-03   -6.408548448235e-03    6.978855817579e-04   -7.608453161083e-04    3.424834285397e-04   -5.489513743669e-03    2.368808723986e-03
 352   -7.025935687125e-03    2.245278563350e-03   -6.538336630911e-03    7.113653700799e-04   -7.854309515096e-04    3.575238224585e-04   -5.706076044589e-03    2.434480469674e-03
 353   -7.274102885276e-03    2.311902819201e-03   -6.658687721938e-03    7.248343899846e-04   -8.113934891298e-04    3.706047718879e-04   -5.922505166382e-03    2.494853688404e-03
 354   -7.529025431722e-03    2.382943406701e-03   -6.778458133340e-03    7.347753853537e-04   -8.384615066461e-04    3.851795627270e-04   -6.145022809505e-03    2.559816231951e-03
 355   -7.798684295267e-03    2.454065019265e-03   -6.903793662786e-03    7.442656788044e-04   -8.679746533744e-04    4.006913804915e-04   -6.385505199432e-03    2.628062386066e-03
 356   -8.080621249974e-03    2.522448776290e-03   -7.034825161099e-03    7.520213257521e-04   -8.983988082036e-04    4.161085525993e-04   -6.635798141360e-03    2.697831718251e-03
 357   -8.368981070817e-03    2.587847877294e-03   -7.166202645749e-03    7.555068004876e-04   -9.284915286116e-04    4.303633468226e-04   -6.884731817991e-03    2.766630612314e-03
 358   -8.662725798786e-03    2.652369206771e-03   -7.296782918274e-03    7.533796015196e-04   -9.579422185197e-04    4.447776300367e-04   -7.132478523999e-03    2.838212996721e-03
 359   -8.964995853603e-03    2.718899399042e-03   -7.429119665176e-03    7.500569918193e-04   -9.893540991470e-04    4.600006795954e-04   -7.390829268843e-03    2.914618700743e-03
 360   -9.275307878852e-03    2.787076868117e-03   -7.563725579530e-03    7.503992528655e-04   -1.025723875500e-03    4.757592105307e-04   -7.665342651308e-03    2.992084715515e-03
 361   -9.591059759259e-03    2.853706479073e-03   -7.701434195042e-03    7.502499502152e-04   -1.063733245246e-03    4.931006114930e-04   -7.944680750370e-03    3.068907652050e-03
 362   -9.916421957314e-03    2.917087636888e-03   -7.838740013540e-03    7.439843029715e-04   -1.097655156627e-03    5.110135534778e-04   -8.222933858633e-03    3.142721019685e-03
 363   -1.025281473994e-02    2.981959842145e-03   -7.972368039191e-03    7.298241253011e-04   -1.123184803873e-03    5.275107105263e-04   -8.500431664288e-03    3.215944860131e-03
 364   -1.059625763446e-02    3.051538718864e-03   -8.098441176116e-03    7.184299174696e-04   -1.146829221398e-03    5.408151773736e-04   -8.788432925940e-03    3.285063896328e-03
 365   -1.094204280525e-02    3.122681053355e-03   -8.219518698752e-03    7.185439462774e-04   -1.179554499686e-03    5.515611264855e-04   -9.093479253352e-03    3.347627818584e-03
 366   -1.129831653088e-02    3.189491573721e-03   -8.347171358764e-03    7.223771535791e-04   -1.222968217917e-03    5.616518901661e-04   -9.410283528268e-03    3.407995216548e-03
 367   -1.167720276862e-02    3.252117661759e-03   -8.486357517540e-03    7.127241115086e-04   -1.268901163712e-03    5.733076832257e-04   -9.734245948493e-03    3.475459758192e-03
 368   -1.207898277789e-02    3.316315123811e-03   -8.633498102427e-03    6.797007517889e-04   -1.308906008489e-03    5.882672267035e-04   -1.006374694407e-02    3.554831026122e-03
 369   -1.249430701137e-02    3.382924012840e-03   -8.777439594269e-03    6.385174347088e-04   -1.348027028143e-03    6.056755082682e-04   -1.040787249804e-02    3.636691952124e-03
 370   -1.291277166456e-02    3.447407158092e-03   -8.919047191739e-03    6.061201565899e-04   -1.394186168909e-03    6.229436257854e-04   -1.076326426119e-02    3.713000100106e-03
 371   -1.334283873439e-02    3.504989203066e-03   -9.061669930816e-03    5.817861529067e-04   -1.450277748518e-03    6.388503825292e-04   -1.112846005708e-02    3.783270949498e-03
 372   -1.380375493318e-02    3.557328600436e-03   -9.205021895468e-03    5.395346088335e-04   -1.512254239060e-03    6.552308332175e-04   -1.150840334594e-02    3.856686176732e-03
 373   -1.430405769497e-02    3.607224673033e-03   -9.345922619104e-03    4.566583957057e-04   -1.576913753524e-03    6.725708371960e-04   -1.190991792828e-02    3.937610425055e-03
 374   -1.482810825109e-02    3.651248989627e-03   -9.484211914241e-03    3.462266467977e-04   -1.644709031098e-03    6.889740470797e-04   -1.233112532645e-02    4.016470629722e-03
 375   -1.535894721746e-02    3.683065297082e-03   -9.625053964555e-03    2.359428763157e-04   -1.715106889606e-03    7.034213631414e-04   -1.276076771319e-02    4.083053208888e-03
 376   -1.592391170561e-02    3.691886086017e-03   -9.762967936695e-03    1.034794477164e-04   -1.797138829716e-03    7.160292007029e-04   -1.322026830167e-02    4.141469486058e-03
 377   -1.657531410456e-02    3.662558272481e-03   -9.894357062876e-03   -1.342697214568e-04   -1.900021685287e-03    7.191231707111e-04   -1.373267173767e-02    4.203001037240e-03
 378   -1.733556017280e-02    3.582553472370e-03   -1.001493539661e-02   -5.264349165373e-04   -2.029961906374e-03    7.008049869910e-04   -1.430899277329e-02    4.260294605047e-03
