   0   -0.000000000000e+00    0.000000000000e+00   -0.000000000000e+00    0.000000000000e+00   -0.000000000000e+00    0.000000000000e+00   -0.000000000000e+00    0.000000000000e+00
   1   -0.000000000000e+00    0.000000000000e+00   -0.000000000000e+00    0.000000000000e+00   -0.000000000000e+00    0.000000000000e+00   -0.000000000000e+00    0.000000000000e+00
   2   -0.000000000000e+00    0.000000000000e+00   -0.000000000000e+00    0.000000000000e+00   -0.000000000000e+00    0.000000000000e+00   -0.000000000000e+00    0.000000000000e+00
   3   -0.000000000000e+00    0.000000000000e+00   -0.000000000000e+00    0.000000000000e+00   -0.000000000000e+00    0.000000000000e+00   -0.000000000000e+00    0.000000000000e+00
   4   -0.000000000000e+00    0.000000000000e+00   -0.000000000000e+00    0.000000000000e+00   -0.000000000000e+00    0.000000000000e+00   -0.000000000000e+00    0.000000000000e+00
   5   -0.000000000000e+00    0.000000000000e+00   -0.000000000000e+00    0.000000000000e+00   -0.000000000000e+00    0.000000000000e+00   -0.000000000000e+00    0.000000000000e+00
   6   -0.000000000000e+00    0.000000000000e+00   -0.000000000000e+00    0.000000000000e+00   -0.000000000000e+00    0.000000000000e+00   -0.000000000000e+00    0.000000000000e+00
   7   -1.828232075236e-16    0.000000000000e+00    1.438388999380e-16    3.536149142189e-18    1.438388999380e-16   -3.536149142189e-18   -1.027933509102e-16    0.000000000000e+00
   8   -0.000000000000e+00    0.000000000000e+00   -0.000000000000e+00    0.000000000000e+00   -0.000000000000e+00    0.000000000000e+00   -0.000000000000e+00    0.000000000000e+00
   9   -0.000000000000e+00    0.000000000000e+00   -0.000000000000e+00    0.000000000000e+00   -0.000000000000e+00    0.000000000000e+00   -0.000000000000e+00    0.000000000000e+00
  10   -0.000000000000e+00    0.000000000000e+00   -0.000000000000e+00    0.000000000000e+00   -0.000000000000e+00    0.000000000000e+00   -0.000000000000e+00    0.000000000000e+00
  11   -1.681128922077e-16    0.000000000000e+00    1.059743500563e-16    7.917758761287e-18    1.059743500563e-16   -7.917758761287e-18   -3.177108750332e-17    0.000000000000e+00
  12   -4.060991998306e-16    0.000000000000e+00    3.568196170527e-16    1.206630527972e-17    3.568196170527e-16   -1.206630527972e-17   -2.926504656115e-16    0.000000000000e+00
  13   -3.219278682658e-16    0.000000000000e+00    3.279896330830e-16    4.710482982169e-18    3.279896330830e-16   -4.710482982169e-18   -3.265808055335e-16    0.000000000000e+00
  14   -0.000000000000e+00    0.000000000000e+00   -0.000000000000e+00    0.000000000000e+00   -0.000000000000e+00    0.000000000000e+00   -0.000000000000e+00    0.000000000000e+00
  15   -0.000000000000e+00    0.000000000000e+00   -0.000000000000e+00    0.000000000000e+00   -0.000000000000e+00    0.000000000000e+00   -0.000000000000e+00    0.000000000000e+00
  16   -1.393101324064e-16    0.000000000000e+00    1.049363972063e-16   -7.634862164613e-18    1.049363972063e-16    7.634862164613e-18   -8.483729798466e-17    0.000000000000e+00
  17   -3.298455352100e-16    0.000000000000e+00    3.503434678358e-16   -8.346963755987e-19    3.503434678358e-16    8.346963755987e-19   -3.714837161334e-16    0.000000000000e+00
  18   -0.000000000000e+00    0.000000000000e+00   -0.000000000000e+00    0.000000000000e+00   -0.000000000000e+00    0.000000000000e+00   -0.000000000000e+00    0.000000000000e+00
  19   -0.000000000000e+00    0.000000000000e+00   -0.000000000000e+00    0.000000000000e+00   -0.000000000000e+00    0.000000000000e+00   -0.000000000000e+00    0.000000000000e+00
  20   -0.000000000000e+00    0.000000000000e+00   -0.000000000000e+00    0.000000000000e+00   -0.000000000000e+00    0.000000000000e+00   -0.000000000000e+00    0.000000000000e+00
  21   -0.000000000000e+00    0.000000000000e+00   -0.000000000000e+00    0.000000000000e+00   -0.000000000000e+00    0.000000000000e+00   -0.000000000000e+00    0.000000000000e+00
  22   -0.000000000000e+00    0.000000000000e+00   -0.000000000000e+00    0.000000000000e+00   -0.000000000000e+00    0.000000000000e+00   -0.000000000000e+00    0.000000000000e+00
  23   -5.799197309091e-16    0.000000000000e+00    5.869032528614e-16   -7.291870896438e-18    5.869032528614e-16    7.291870896438e-18   -6.080887115426e-16    0.000000000000e+00
  24   -0.000000000000e+00    0.000000000000e+00   -0.000000000000e+00    0.000000000000e+00   -0.000000000000e+00    0.000000000000e+00   -0.000000000000e+00    0.000000000000e+00
  25   -1.815831751116e-15    0.000000000000e+00    1.821645149991e-15   -3.348661906560e-16    1.821645149991e-15    3.348661906560e-16   -1.895891399466e-15    0.000000000000e+00
  26   -1.005778674152e-15    0.000000000000e+00    1.125343198008e-15   -1.965580899544e-18    1.125343198008e-15    1.965580899544e-18   -1.235356260714e-15    0.000000000000e+00
  27   -2.452417668559e-15    0.000000000000e+00    2.829496196128e-15    4.195226603413e-16    2.829496196128e-15   -4.195226603413e-16   -3.003201901302e-15    0.000000000000e+00
  28   -1.784361512510e-15    0.000000000000e+00    2.307850108528e-15    7.224027957963e-16    2.307850108528e-15   -7.224027957963e-16   -2.605825923219e-15    0.000000000000e+00
  29   -2.575083921189e-15    0.000000000000e+00    3.208699294086e-15    3.383381522370e-16    3.208699294086e-15   -3.383381522370e-16   -3.630561935884e-15    0.000000000000e+00
  30   -4.229528579040e-15    0.000000000000e+00    5.097959272608e-15    3.322736610324e-16    5.097959272608e-15   -3.322736610324e-16   -5.561039384652e-15    0.000000000000e+00
  31   -2.181900332678e-15    0.000000000000e+00    2.895605211837e-15    3.188543827469e-16    2.895605211837e-15   -3.188543827469e-16   -2.962806900048e-15    0.000000000000e+00
  32   -2.080857772400e-15    0.000000000000e+00    2.808722713096e-15    5.157405738913e-16    2.808722713096e-15   -5.157405738913e-16   -2.923646449314e-15    0.000000000000e+00
  33   -4.098700528689e-15    0.000000000000e+00    4.944545512235e-15    7.889164285564e-16    4.944545512235e-15   -7.889164285564e-16   -5.435459973958e-15    0.000000000000e+00
  34   -4.448709789087e-15    0.000000000000e+00    5.310251140179e-15    7.611781112371e-16    5.310251140179e-15   -7.611781112371e-16   -6.160593445158e-15    0.000000000000e+00
  35   -4.497899109917e-15    0.000000000000e+00    3.371014523703e-15    1.428950193611e-15    3.371014523703e-15   -1.428950193611e-15   -2.548531344117e-15    0.000000000000e+00
  36   -4.884468006385e-15    0.000000000000e+00   -1.225406588199e-15    4.408149616408e-15   -1.225406588199e-15   -4.408149616408e-15    6.213234425247e-15    0.000000000000e+00
  37   -6.475726123953e-15    0.000000000000e+00   -5.815979784633e-15    7.872996755942e-15   -5.815979784633e-15   -7.872996755942e-15    1.590471054554e-14    0.000000000000e+00
  38   -1.721486045077e-14    0.000000000000e+00    4.772133649887e-15    8.121837248153e-15    4.772133649887e-15   -8.121837248153e-15    6.120953150259e-15    0.000000000000e+00
  39   -1.777020574418e-14    0.000000000000e+00    4.178135701999e-15    1.113203225347e-14    4.178135701999e-15   -1.113203225347e-14    7.489512753468e-15    0.000000000000e+00
  40   -6.304350182900e-15    0.000000000000e+00   -9.500035239268e-15    1.540250809924e-14   -9.500035239268e-15   -1.540250809924e-14    2.224054748419e-14    0.000000000000e+00
  41    8.559267932005e-17    0.000000000000e+00   -1.458486211306e-14    1.711636068340e-14   -1.458486211306e-14   -1.711636068340e-14    2.642933208440e-14    0.000000000000e+00
  42   -4.555424505497e-15    0.000000000000e+00   -1.172280385286e-14    1.761070266395e-14   -1.172280385286e-14   -1.761070266395e-14    2.465316159225e-14    0.000000000000e+00
  43   -5.309551490964e-15    0.000000000000e+00   -1.214420952038e-14    2.046075677322e-14   -1.214420952038e-14   -2.046075677322e-14    2.536449139102e-14    0.000000000000e+00
  44    2.165873749338e-14    0.000000000000e+00   -4.246242571969e-14    3.290004377331e-14   -4.246242571969e-14   -3.290004377331e-14    5.788270795830e-14    0.000000000000e+00
  45    5.785724275977e-14    0.000000000000e+00   -7.943036555097e-14    5.239888113250e-14   -7.943036555097e-14   -5.239888113250e-14    9.836634951672e-14    0.000000000000e+00
  46    6.803484506454e-14    0.000000000000e+00   -8.887647697875e-14    6.349756739290e-14   -8.887647697875e-14   -6.349756739290e-14    1.097219510344e-13    0.000000000000e+00
  47    7.453134382449e-14    0.000000000000e+00   -9.526686622734e-14    7.181415022112e-14   -9.526686622734e-14   -7.181415022112e-14    1.177758249000e-13    0.000000000000e+00
  48    8.126243682951e-14    0.000000000000e+00   -1.024261648804e-13    7.938854922843e-14   -1.024261648804e-13   -7.938854922843e-14    1.266108528783e-13    0.000000000000e+00
  49    9.039796499246e-14    0.000000000000e+00   -1.091048367104e-13    9.518851229158e-14   -1.091048367104e-13   -9.518851229158e-14    1.366872652390e-13    0.000000000000e+00
  50    1.049027604691e-13    0.000000000000e+00   -1.192874873315e-13    1.078930781523e-13   -1.192874873315e-13   -1.078930781523e-13    1.489109128974e-13    0.000000000000e+00
  51    1.201325416098e-13    0.000000000000e+00   -1.317553921867e-13    1.226157440555e-13   -1.317553921867e-13   -1.226157440555e-13    1.645621301987e-13    0.000000000000e+00
  52    1.177685878505e-13    0.000000000000e+00   -1.272533781908e-13    1.314729846259e-13   -1.272533781908e-13   -1.314729846259e-13    1.625862123969e-13    0.000000000000e+00
  53    1.095759090018e-13    0.000000000000e+00   -1.183702929512e-13    1.389885927704e-13   -1.183702929512e-13   -1.389885927704e-13    1.566738411099e-13    0.000000000000e+00
  54    1.087121251310e-13    0.000000000000e+00   -1.164075211007e-13    1.477565492918e-13   -1.164075211007e-13   -1.477565492918e-13    1.574717461462e-13    0.000000000000e+00
  55    1.227011656342e-13    0.000000000000e+00   -1.266978329976e-13    1.596697492105e-13   -1.266978329976e-13   -1.596697492105e-13    1.688336970229e-13    0.000000000000e+00
  56    1.066043818975e-13    0.000000000000e+00   -1.091596566827e-13    1.686035886643e-13   -1.091596566827e-13   -1.686035886643e-13    1.546418429508e-13    0.000000000000e+00
  57    1.023220408142e-13    0.000000000000e+00   -9.930209053047e-14    1.699090358426e-13   -9.930209053047e-14   -1.699090358426e-13    1.444612929714e-13    0.000000000000e+00
  58    9.297854912209e-14    0.000000000000e+00   -8.915591653618e-14    1.762012844658e-13   -8.915591653618e-14   -1.762012844658e-13    1.378738703067e-13    0.000000000000e+00
  59    8.761977146436e-14    0.000000000000e+00   -8.236424373477e-14    1.831788572822e-13   -8.236424373477e-14   -1.831788572822e-13    1.342163684880e-13    0.000000000000e+00
  60    7.028456457244e-14    0.000000000000e+00   -6.413733476610e-14    1.874740055037e-13   -6.413733476610e-14   -1.874740055037e-13    1.192776888544e-13    0.000000000000e+00
  61    5.020022754692e-14    0.000000000000e+00   -4.422747297518e-14    1.891739938526e-13   -4.422747297518e-14   -1.891739938526e-13    1.026299406787e-13    0.000000000000e+00
  62    2.517004142545e-14    0.000000000000e+00   -2.064403945641e-14    1.887121914897e-13   -2.064403945641e-14   -1.887121914897e-13    8.281072496567e-14    0.000000000000e+00
  63    3.817828215028e-15    0.000000000000e+00   -3.408087885255e-16    1.894860272378e-13   -3.408087885255e-16   -1.894860272378e-13    6.556392798465e-14    0.000000000000e+00
  64   -1.678227733648e-14    0.000000000000e+00    2.014247397889e-14    1.888051889311e-13    2.014247397889e-14   -1.888051889311e-13    4.664398343479e-14    0.000000000000e+00
  65   -4.913759422140e-14    0.000000000000e+00    4.859795969510e-14    1.855854879496e-13    4.859795969510e-14   -1.855854879496e-13    2.151878393357e-14    0.000000000000e+00
  66   -7.755929009928e-14    0.000000000000e+00    7.196484077057e-14    1.838259226913e-13    7.196484077057e-14   -1.838259226913e-13    1.364509091654e-15    0.000000000000e+00
  67   -1.079076132377e-13    0.000000000000e+00    9.508584512211e-14    1.795881152122e-13    9.508584512211e-14   -1.795881152122e-13   -1.865180102381e-14    0.000000000000e+00
  68   -1.457908772005e-13    0.000000000000e+00    1.250210330227e-13    1.710681292802e-13    1.250210330227e-13   -1.710681292802e-13   -4.673786856667e-14    0.000000000000e+00
  69   -1.704783232984e-13    0.000000000000e+00    1.454352859930e-13    1.569201853961e-13    1.454352859930e-13   -1.569201853961e-13   -7.104836467417e-14    0.000000000000e+00
  70   -1.995478164218e-13    0.000000000000e+00    1.650009881331e-13    1.491255849275e-13    1.650009881331e-13   -1.491255849275e-13   -9.125712067525e-14    0.000000000000e+00
  71   -2.372330305291e-13    0.000000000000e+00    1.914737086332e-13    1.435627468684e-13    1.914737086332e-13   -1.435627468684e-13   -1.155069150136e-13    0.000000000000e+00
  72   -2.792357274226e-13    0.000000000000e+00    2.224083818590e-13    1.336369166369e-13    2.224083818590e-13   -1.336369166369e-13   -1.445955849630e-13    0.000000000000e+00
  73   -3.173440514277e-13    0.000000000000e+00    2.500939993294e-13    1.191317010318e-13    2.500939993294e-13   -1.191317010318e-13   -1.733035915295e-13    0.000000000000e+00
  74   -3.607759165199e-13    0.000000000000e+00    2.793877325671e-13    1.039791557435e-13    2.793877325671e-13   -1.039791557435e-13   -2.024566359829e-13    0.000000000000e+00
  75   -3.994616594970e-13    0.000000000000e+00    3.031505981573e-13    9.203988753873e-14    3.031505981573e-13   -9.203988753873e-14   -2.250026201597e-13    0.000000000000e+00
  76   -4.315628800503e-13    0.000000000000e+00    3.228338549179e-13    7.468435863234e-14    3.228338549179e-13   -7.468435863234e-14   -2.488186252089e-13    0.000000000000e+00
  77   -4.829765060110e-13    0.000000000000e+00    3.568930632795e-13    5.255054068764e-14    3.568930632795e-13   -5.255054068764e-14   -2.856633115819e-13    0.000000000000e+00
  78   -5.341917771844e-13    0.000000000000e+00    3.921492579446e-13    2.694163116343e-14    3.921492579446e-13   -2.694163116343e-14   -3.252657746009e-13    0.000000000000e+00
  79   -5.817969803840e-13    0.000000000000e+00    4.247967266575e-13    5.986401966588e-15    4.247967266575e-13   -5.986401966588e-15   -3.608526780337e-13    0.000000000000e+00
  80   -6.232513420287e-13    0.000000000000e+00    4.502147894943e-13   -1.029663415078e-14    4.502147894943e-13    1.029663415078e-14   -3.882880345377e-13    0.000000000000e+00
  81   -6.586327620448e-13    0.000000000000e+00    4.738632988603e-13   -2.838315249064e-14    4.738632988603e-13    2.838315249064e-14   -4.176369536660e-13    0.000000000000e+00
  82   -6.974370083193e-13    0.000000000000e+00    5.030252473240e-13   -5.380797126224e-14    5.030252473240e-13    5.380797126224e-14   -4.570138755280e-13    0.000000000000e+00
  83   -7.459005743789e-13    0.000000000000e+00    5.341212498330e-13   -7.692460492377e-14    5.341212498330e-13    7.692460492377e-14   -4.939847359289e-13    0.000000000000e+00
  84   -7.946177353266e-13    0.000000000000e+00    5.643151961346e-13   -1.001103768026e-13    5.643151961346e-13    1.001103768026e-13   -5.284657802508e-13    0.000000000000e+00
  85   -8.308230947836e-13    0.000000000000e+00    5.876130745180e-13   -1.201549710422e-13    5.876130745180e-13    1.201549710422e-13   -5.581319911449e-13    0.000000000000e+00
  86   -8.659099912794e-13    0.000000000000e+00    6.093868899076e-13   -1.391065268617e-13    6.093868899076e-13    1.391065268617e-13   -5.875820121258e-13    0.000000000000e+00
  87   -9.107288491059e-13    0.000000000000e+00    6.348291033478e-13   -1.636536771984e-13    6.348291033478e-13    1.636536771984e-13   -6.209288725550e-13    0.000000000000e+00
  88   -9.299815691838e-13    0.000000000000e+00    6.399973866839e-13   -1.858522558941e-13    6.399973866839e-13    1.858522558941e-13   -6.404453248114e-13    0.000000000000e+00
  89   -9.553661030684e-13    0.000000000000e+00    6.493510698764e-13   -2.102882212980e-13    6.493510698764e-13    2.102882212980e-13   -6.627180358307e-13    0.000000000000e+00
  90   -9.940112968843e-13    0.000000000000e+00    6.722222604949e-13   -2.336193575831e-13    6.722222604949e-13    2.336193575831e-13   -6.952590629952e-13    0.000000000000e+00
  91   -1.020371721144e-12    0.000000000000e+00    6.853743375786e-13   -2.540824538613e-13    6.853743375786e-13    2.540824538613e-13   -7.205911214947e-13    0.000000000000e+00
  92   -1.049674561680e-12    0.000000000000e+00    7.011497502388e-13   -2.753491336847e-13    7.011497502388e-13    2.753491336847e-13   -7.485386008949e-13    0.000000000000e+00
  93   -1.071948085851e-12    0.000000000000e+00    7.109394453350e-13   -2.929862570004e-13    7.109394453350e-13    2.929862570004e-13   -7.719896770453e-13    0.000000000000e+00
  94   -1.068911343986e-12    0.000000000000e+00    7.061993134369e-13   -3.125268056500e-13    7.061993134369e-13    3.125268056500e-13   -7.897971556273e-13    0.000000000000e+00
  95   -1.093455295927e-12    0.000000000000e+00    7.178317185455e-13   -3.331431268003e-13    7.178317185455e-13    3.331431268003e-13   -8.158038047185e-13    0.000000000000e+00
  96   -1.123570203890e-12    0.000000000000e+00    7.304079216452e-13   -3.583511525712e-13    7.304079216452e-13    3.583511525712e-13   -8.433024786293e-13    0.000000000000e+00
  97   -1.137568229718e-12    0.000000000000e+00    7.314383473900e-13   -3.766378485134e-13    7.314383473900e-13    3.766378485134e-13   -8.611769609056e-13    0.000000000000e+00
  98   -1.144542685454e-12    0.000000000000e+00    7.296232845330e-13   -3.890391698028e-13    7.296232845330e-13    3.890391698028e-13   -8.769227748465e-13    0.000000000000e+00
  99   -1.153842321168e-12    0.000000000000e+00    7.328080742046e-13   -3.981167609121e-13    7.328080742046e-13    3.981167609121e-13   -8.927875257657e-13    0.000000000000e+00
 100   -1.163721462943e-12    0.000000000000e+00    7.401637896337e-13   -4.201454722325e-13    7.401637896337e-13    4.201454722325e-13   -9.189781097554e-13    0.000000000000e+00
 101   -1.177304022500e-12    0.000000000000e+00    7.400002377360e-13   -4.515038245622e-13    7.400002377360e-13    4.515038245622e-13   -9.422155980779e-13    0.000000000000e+00
 102   -1.165340393627e-12    0.000000000000e+00    7.351195932363e-13   -4.611133523624e-13    7.351195932363e-13    4.611133523624e-13   -9.536371258639e-13    0.000000000000e+00
 103   -1.173227313911e-12    0.000000000000e+00    7.349055175174e-13   -4.669917881214e-13    7.349055175174e-13    4.669917881214e-13   -9.632479276017e-13    0.000000000000e+00
 104   -1.168089930337e-12    0.000000000000e+00    7.351989568354e-13   -4.813483596086e-13    7.351989568354e-13    4.813483596086e-13   -9.831398932805e-13    0.000000000000e+00
 105   -1.184377140633e-12    0.000000000000e+00    7.192363024600e-13   -5.156342475394e-13    7.192363024600e-13    5.156342475394e-13   -1.002417116328e-12    0.000000000000e+00
 106   -1.175526147777e-12    0.000000000000e+00    7.191875133622e-13   -5.269692017820e-13    7.191875133622e-13    5.269692017820e-13   -1.018730022215e-12    0.000000000000e+00
 107   -1.163806030713e-12    0.000000000000e+00    7.132319908287e-13   -5.445646104191e-13    7.132319908287e-13    5.445646104191e-13   -1.035626228871e-12    0.000000000000e+00
 108   -1.153646188995e-12    0.000000000000e+00    7.097039427494e-13   -5.507824014581e-13    7.097039427494e-13    5.507824014581e-13   -1.047368897340e-12    0.000000000000e+00
 109   -1.151796756929e-12    0.000000000000e+00    7.040439195180e-13   -5.676232053831e-13    7.040439195180e-13    5.676232053831e-13   -1.067065056107e-12    0.000000000000e+00
 110   -1.155519148248e-12    0.000000000000e+00    6.992462164845e-13   -5.823738843599e-13    6.992462164845e-13    5.823738843599e-13   -1.084433866490e-12    0.000000000000e+00
 111   -1.132297380857e-12    0.000000000000e+00    6.988492900692e-13   -5.886587875134e-13    6.988492900692e-13    5.886587875134e-13   -1.099318336015e-12    0.000000000000e+00
 112   -1.116330660723e-12    0.000000000000e+00    6.887948870125e-13   -6.085272260051e-13    6.887948870125e-13    6.085272260051e-13   -1.117890827650e-12    0.000000000000e+00
 113   -1.097907788988e-12    0.000000000000e+00    6.850700562389e-13   -6.114151069117e-13    6.850700562389e-13    6.114151069117e-13   -1.131079388136e-12    0.000000000000e+00
 114   -1.083078071673e-12    0.000000000000e+00    6.769728549440e-13   -6.203778810110e-13    6.769728549440e-13    6.203778810110e-13   -1.144903074256e-12    0.000000000000e+00
 115   -1.071523078600e-12    0.000000000000e+00    6.727344918113e-13   -6.319425234838e-13    6.727344918113e-13    6.319425234838e-13   -1.159034131691e-12    0.000000000000e+00
 116   -1.054713282857e-12    0.000000000000e+00    6.679062684867e-13   -6.431404887819e-13    6.679062684867e-13    6.431404887819e-13   -1.174137284794e-12    0.000000000000e+00
 117   -1.033499674730e-12    0.000000000000e+00    6.583019719619e-13   -6.506232184955e-13    6.583019719619e-13    6.506232184955e-13   -1.188201880636e-12    0.000000000000e+00
 118   -1.021788339703e-12    0.000000000000e+00    6.501119629611e-13   -6.529107766592e-13    6.501119629611e-13    6.529107766592e-13   -1.198816978847e-12    0.000000000000e+00
 119   -9.989882185368e-13    0.000000000000e+00    6.407266210651e-13   -6.578564732893e-13    6.407266210651e-13    6.578564732893e-13   -1.208052321372e-12    0.000000000000e+00
 120   -9.702606556736e-13    0.000000000000e+00    6.335475221698e-13   -6.624535447107e-13    6.335475221698e-13    6.624535447107e-13   -1.217027889057e-12    0.000000000000e+00
 121   -9.500685828334e-13    0.000000000000e+00    6.278814274063e-13   -6.670289320887e-13    6.278814274063e-13    6.670289320887e-13   -1.230439144670e-12    0.000000000000e+00
 122   -9.323368899833e-13    0.000000000000e+00    6.178952206663e-13   -6.750784826981e-13    6.178952206663e-13    6.750784826981e-13   -1.242698977576e-12    0.000000000000e+00
 123   -9.176187370716e-13    0.000000000000e+00    6.109869554738e-13   -6.799006887007e-13    6.109869554738e-13    6.799006887007e-13   -1.254160620842e-12    0.000000000000e+00
 124   -9.007514786136e-13    0.000000000000e+00    6.064253916735e-13   -6.842734386926e-13    6.064253916735e-13    6.842734386926e-13   -1.267137761905e-12    0.000000000000e+00
 125   -8.829804834347e-13    0.000000000000e+00    6.014255933551e-13   -6.874889112857e-13    6.014255933551e-13    6.874889112857e-13   -1.280215950611e-12    0.000000000000e+00
 126   -8.660121773342e-13    0.000000000000e+00    5.931033658993e-13   -6.900808049992e-13    5.931033658993e-13    6.900808049992e-13   -1.289355341244e-12    0.000000000000e+00
 127   -8.482583667598e-13    0.000000000000e+00    5.838736070150e-13   -6.940914314656e-13    5.838736070150e-13    6.940914314656e-13   -1.295834858688e-12    0.000000000000e+00
 128   -8.394151259500e-13    0.000000000000e+00    5.781548742360e-13   -6.947592457937e-13    5.781548742360e-13    6.947592457937e-13   -1.300940691978e-12    0.000000000000e+00
 129   -8.235197463194e-13    0.000000000000e+00    5.756255931980e-13   -6.969233133300e-13    5.756255931980e-13    6.969233133300e-13   -1.313725712417e-12    0.000000000000e+00
 130   -8.004337210404e-13    0.000000000000e+00    5.710822982043e-13   -6.961107038017e-13    5.710822982043e-13    6.961107038017e-13   -1.327648386194e-12    0.000000000000e+00
 131   -7.747302148767e-13    0.000000000000e+00    5.621618079897e-13   -6.959900320999e-13    5.621618079897e-13    6.959900320999e-13   -1.337058176849e-12    0.000000000000e+00
 132   -7.597149363596e-13    0.000000000000e+00    5.545137916549e-13   -6.987097532496e-13    5.545137916549e-13    6.987097532496e-13   -1.343792590223e-12    0.000000000000e+00
 133   -7.520443144095e-13    0.000000000000e+00    5.511146552138e-13   -7.026935457122e-13    5.511146552138e-13    7.026935457122e-13   -1.352830607954e-12    0.000000000000e+00
 134   -7.415356306426e-13    0.000000000000e+00    5.515711585385e-13   -7.032855200984e-13    5.515711585385e-13    7.032855200984e-13   -1.364725606828e-12    0.000000000000e+00
 135   -7.235928436294e-13    0.000000000000e+00    5.505099956622e-13   -7.002776180112e-13    5.505099956622e-13    7.002776180112e-13   -1.374429975214e-12    0.000000000000e+00
 136   -7.062993852974e-13    0.000000000000e+00    5.474810058428e-13   -7.001145540045e-13    5.474810058428e-13    7.001145540045e-13   -1.382557805220e-12    0.000000000000e+00
 137   -6.971120729282e-13    0.000000000000e+00    5.457778868602e-13   -7.047077222981e-13    5.457778868602e-13    7.047077222981e-13   -1.392255993653e-12    0.000000000000e+00
 138   -6.875274546729e-13    0.000000000000e+00    5.441306042894e-13   -7.086896716170e-13    5.441306042894e-13    7.086896716170e-13   -1.402443590946e-12    0.000000000000e+00
 139   -6.718146004780e-13    0.000000000000e+00    5.412661963598e-13   -7.072473032568e-13    5.412661963598e-13    7.072473032568e-13   -1.408910856905e-12    0.000000000000e+00
 140   -6.521617013783e-13    0.000000000000e+00    5.377301793945e-13   -7.023763081565e-13    5.377301793945e-13    7.023763081565e-13   -1.411705821686e-12    0.000000000000e+00
 141   -6.369601569280e-13    0.000000000000e+00    5.360939556859e-13   -7.004364536295e-13    5.360939556859e-13    7.004364536295e-13   -1.416177938807e-12    0.000000000000e+00
 142   -6.302693826912e-13    0.000000000000e+00    5.366968263039e-13   -6.997395826831e-13    5.366968263039e-13    6.997395826831e-13   -1.423986796534e-12    0.000000000000e+00
 143   -6.229345381539e-13    0.000000000000e+00    5.379153069154e-13   -7.018359417937e-13    5.379153069154e-13    7.018359417937e-13   -1.435398241240e-12    0.000000000000e+00
 144   -6.117400423028e-13    0.000000000000e+00    5.373683269194e-13   -7.011850952296e-13    5.373683269194e-13    7.011850952296e-13   -1.443280933135e-12    0.000000000000e+00
 145   -6.005602373911e-13    0.000000000000e+00    5.380583673921e-13   -6.995465404863e-13    5.380583673921e-13    6.995465404863e-13   -1.447709790589e-12    0.000000000000e+00
 146   -5.903856505236e-13    0.000000000000e+00    5.393086151273e-13   -6.964000773615e-13    5.393086151273e-13    6.964000773615e-13   -1.451036122854e-12    0.000000000000e+00
 147   -5.778655548863e-13    0.000000000000e+00    5.389324511836e-13   -6.950223816610e-13    5.389324511836e-13    6.950223816610e-13   -1.458151416452e-12    0.000000000000e+00
 148   -5.679425571330e-13    0.000000000000e+00    5.372976369378e-13   -6.921697373249e-13    5.372976369378e-13    6.921697373249e-13   -1.467698467102e-12    0.000000000000e+00
 149   -5.614166900467e-13    0.000000000000e+00    5.380596142246e-13   -6.911143749302e-13    5.380596142246e-13    6.911143749302e-13   -1.478058344120e-12    0.000000000000e+00
 150   -5.559709593747e-13    0.000000000000e+00    5.418190310476e-13   -6.909761391533e-13    5.418190310476e-13    6.909761391533e-13   -1.485957407468e-12    0.000000000000e+00
 151   -5.493887137754e-13    0.000000000000e+00    5.455165399265e-13   -6.883395763102e-13    5.455165399265e-13    6.883395763102e-13   -1.489875388859e-12    0.000000000000e+00
 152   -5.410094572854e-13    0.000000000000e+00    5.471007219308e-13   -6.861749666728e-13    5.471007219308e-13    6.861749666728e-13   -1.494528676163e-12    0.000000000000e+00
 153   -5.342109675628e-13    0.000000000000e+00    5.484051255646e-13   -6.857136928586e-13    5.484051255646e-13    6.857136928586e-13   -1.501274582080e-12    0.000000000000e+00
 154   -5.272661647571e-13    0.000000000000e+00    5.518534305742e-13   -6.879253026601e-13    5.518534305742e-13    6.879253026601e-13   -1.509443178088e-12    0.000000000000e+00
 155   -5.215235795303e-13    0.000000000000e+00    5.565161504371e-13   -6.860431818988e-13    5.565161504371e-13    6.860431818988e-13   -1.513548726455e-12    0.000000000000e+00
 156   -5.184373980463e-13    0.000000000000e+00    5.633143691092e-13   -6.870942616949e-13    5.633143691092e-13    6.870942616949e-13   -1.518695542588e-12    0.000000000000e+00
 157   -5.180341832584e-13    0.000000000000e+00    5.680359611501e-13   -6.850870240029e-13    5.680359611501e-13    6.850870240029e-13   -1.522560831753e-12    0.000000000000e+00
 158   -5.176183375151e-13    0.000000000000e+00    5.734638566963e-13   -6.826243129782e-13    5.734638566963e-13    6.826243129782e-13   -1.528884332504e-12    0.000000000000e+00
 159   -5.162924666784e-13    0.000000000000e+00    5.809759682888e-13   -6.791762248090e-13    5.809759682888e-13    6.791762248090e-13   -1.537082310391e-12    0.000000000000e+00
 160   -5.144618997303e-13    0.000000000000e+00    5.883390020826e-13   -6.769546403475e-13    5.883390020826e-13    6.769546403475e-13   -1.544217661728e-12    0.000000000000e+00
 161   -5.144810358987e-13    0.000000000000e+00    5.940895019853e-13   -6.778476434668e-13    5.940895019853e-13    6.778476434668e-13   -1.550023998043e-12    0.000000000000e+00
 162   -5.129221700151e-13    0.000000000000e+00    5.978539603484e-13   -6.801703297810e-13    5.978539603484e-13    6.801703297810e-13   -1.555567632171e-12    0.000000000000e+00
 163   -5.115388364632e-13    0.000000000000e+00    6.039855573146e-13   -6.783011652356e-13    6.039855573146e-13    6.783011652356e-13   -1.562318525418e-12    0.000000000000e+00
 164   -5.115053346161e-13    0.000000000000e+00    6.133995763581e-13   -6.740034420340e-13    6.133995763581e-13    6.740034420340e-13   -1.570136598864e-12    0.000000000000e+00
 165   -5.125611306916e-13    0.000000000000e+00    6.220094426503e-13   -6.693743324383e-13    6.220094426503e-13    6.693743324383e-13   -1.575397039384e-12    0.000000000000e+00
 166   -5.094624808827e-13    0.000000000000e+00    6.268446590789e-13   -6.690592090769e-13    6.268446590789e-13    6.690592090769e-13   -1.579209527904e-12    0.000000000000e+00
 167   -5.032518997881e-13    0.000000000000e+00    6.304889336312e-13   -6.685992363052e-13    6.304889336312e-13    6.685992363052e-13   -1.581742332599e-12    0.000000000000e+00
 168   -4.975501347732e-13    0.000000000000e+00    6.348491610880e-13   -6.643280218467e-13    6.348491610880e-13    6.643280218467e-13   -1.583422845966e-12    0.000000000000e+00
 169   -4.992000736392e-13    0.000000000000e+00    6.430792855693e-13   -6.572180950501e-13    6.430792855693e-13    6.572180950501e-13   -1.583850238462e-12    0.000000000000e+00
 170   -5.040313327299e-13    0.000000000000e+00    6.543930978695e-13   -6.526215115196e-13    6.543930978695e-13    6.526215115196e-13   -1.585335595439e-12    0.000000000000e+00
 171   -5.022513980234e-13    0.000000000000e+00    6.651455102848e-13   -6.533492280178e-13    6.651455102848e-13    6.533492280178e-13   -1.590495747258e-12    0.000000000000e+00
 172   -4.995959158524e-13    0.000000000000e+00    6.775666724738e-13   -6.578088226038e-13    6.775666724738e-13    6.578088226038e-13   -1.601211676271e-12    0.000000000000e+00
 173   -4.978964289470e-13    0.000000000000e+00    6.870267158995e-13   -6.573006570455e-13    6.870267158995e-13    6.573006570455e-13   -1.610443766190e-12    0.000000000000e+00
 174   -5.036657939675e-13    0.000000000000e+00    6.957384971959e-13   -6.556210652500e-13    6.957384971959e-13    6.556210652500e-13   -1.617298417585e-12    0.000000000000e+00
 175   -5.085855239555e-13    0.000000000000e+00    7.040688561680e-13   -6.532902474196e-13    7.040688561680e-13    6.532902474196e-13   -1.620557854576e-12    0.000000000000e+00
 176   -5.086490582028e-13    0.000000000000e+00    7.140515392509e-13   -6.512426774068e-13    7.140515392509e-13    6.512426774068e-13   -1.622640932210e-12    0.000000000000e+00
 177   -5.075130311664e-13    0.000000000000e+00    7.239542624236e-13   -6.477330065542e-13    7.239542624236e-13    6.477330065542e-13   -1.623600017452e-12    0.000000000000e+00
 178   -5.116565266090e-13    0.000000000000e+00    7.335293396998e-13   -6.436928897888e-13    7.335293396998e-13    6.436928897888e-13   -1.627484713836e-12    0.000000000000e+00
 179   -5.242704057343e-13    0.000000000000e+00    7.444318599059e-13   -6.423185009048e-13    7.444318599059e-13    6.423185009048e-13   -1.634706801347e-12    0.000000000000e+00
 180   -5.392022548942e-13    0.000000000000e+00    7.589847804065e-13   -6.434727967478e-13    7.589847804065e-13    6.434727967478e-13   -1.643991800332e-12    0.000000000000e+00
 181   -5.485982761816e-13    0.000000000000e+00    7.761659153935e-13   -6.460077156371e-13    7.761659153935e-13    6.460077156371e-13   -1.654860493430e-12    0.000000000000e+00
 182   -5.544570878813e-13    0.000000000000e+00    7.935267026804e-13   -6.445992828050e-13    7.935267026804e-13    6.445992828050e-13   -1.662431043520e-12    0.000000000000e+00
 183   -5.589322407684e-13    0.000000000000e+00    8.071339278361e-13   -6.390185689625e-13    8.071339278361e-13    6.390185689625e-13   -1.665942557516e-12    0.000000000000e+00
 184   -5.672095280441e-13    0.000000000000e+00    8.184513180035e-13   -6.373002711495e-13    8.184513180035e-13    6.373002711495e-13   -1.668716163514e-12    0.000000000000e+00
 185   -5.812253347885e-13    0.000000000000e+00    8.314222791142e-13   -6.405364520040e-13    8.314222791142e-13    6.405364520040e-13   -1.672685319247e-12    0.000000000000e+00
 186   -5.967275285013e-13    0.000000000000e+00    8.488177608706e-13   -6.444318277794e-13    8.488177608706e-13    6.444318277794e-13   -1.678896496653e-12    0.000000000000e+00
 187   -6.074939813347e-13    0.000000000000e+00    8.665930928582e-13   -6.412656863852e-13    8.665930928582e-13    6.412656863852e-13   -1.682841691518e-12    0.000000000000e+00
 188   -6.117707252243e-13    0.000000000000e+00    8.800389345205e-13   -6.322995512592e-13    8.800389345205e-13    6.322995512592e-13   -1.682941221277e-12    0.000000000000e+00
 189   -6.147461554563e-13    0.000000000000e+00    8.895071094625e-13   -6.254325399593e-13    8.895071094625e-13    6.254325399593e-13   -1.681828613008e-12    0.000000000000e+00
 190   -6.241441283077e-13    0.000000000000e+00    9.020454739064e-13   -6.261874157219e-13    9.020454739064e-13    6.261874157219e-13   -1.681839129769e-12    0.000000000000e+00
 191   -6.376475953154e-13    0.000000000000e+00    9.206060393174e-13   -6.284739438936e-13    9.206060393174e-13    6.284739438936e-13   -1.681544877299e-12    0.000000000000e+00
 192   -6.524104173566e-13    0.000000000000e+00    9.435173996264e-13   -6.269879363960e-13    9.435173996264e-13    6.269879363960e-13   -1.682439344092e-12    0.000000000000e+00
 193   -6.646139801697e-13    0.000000000000e+00    9.621211162839e-13   -6.201305202853e-13    9.621211162839e-13    6.201305202853e-13   -1.684241179682e-12    0.000000000000e+00
 194   -6.741796790971e-13    0.000000000000e+00    9.740995987259e-13   -6.142006391333e-13    9.740995987259e-13    6.142006391333e-13   -1.687255695403e-12    0.000000000000e+00
 195   -6.822911376506e-13    0.000000000000e+00    9.854703858503e-13   -6.109432621262e-13    9.854703858503e-13    6.109432621262e-13   -1.687409326850e-12    0.000000000000e+00
 196   -6.931958262610e-13    0.000000000000e+00    1.003267130831e-12   -6.084560481324e-13    1.003267130831e-12    6.084560481324e-13   -1.684170489701e-12    0.000000000000e+00
 197   -7.062278279540e-13    0.000000000000e+00    1.024904336747e-12   -6.059527879465e-13    1.024904336747e-12    6.059527879465e-13   -1.684918914460e-12    0.000000000000e+00
 198   -7.224168095329e-13    0.000000000000e+00    1.046329906398e-12   -6.055389479773e-13    1.046329906398e-12    6.055389479773e-13   -1.695187393236e-12    0.000000000000e+00
 199   -7.386659643324e-13    0.000000000000e+00    1.065399938410e-12   -6.060722670259e-13    1.065399938410e-12    6.060722670259e-13   -1.707153407353e-12    0.000000000000e+00
 200   -7.531406054362e-13    0.000000000000e+00    1.083792994586e-12   -6.037802094232e-13    1.083792994586e-12    6.037802094232e-13   -1.710040637738e-12    0.000000000000e+00
 201   -7.647749621087e-13    0.000000000000e+00    1.102958002708e-12   -5.978432809570e-13    1.102958002708e-12    5.978432809570e-13   -1.705338561336e-12    0.000000000000e+00
 202   -7.738256650042e-13    0.000000000000e+00    1.122119216122e-12   -5.925060247124e-13    1.122119216122e-12    5.925060247124e-13   -1.704854790327e-12    0.000000000000e+00
 203   -7.842185017690e-13    0.000000000000e+00    1.140908656612e-12   -5.910321060690e-13    1.140908656612e-12    5.910321060690e-13   -1.712572466651e-12    0.000000000000e+00
 204   -8.032698855034e-13    0.000000000000e+00    1.161879620293e-12   -5.911230706312e-13    1.161879620293e-12    5.911230706312e-13   -1.719181004153e-12    0.000000000000e+00
 205   -8.299500409842e-13    0.000000000000e+00    1.185172619766e-12   -5.892983041648e-13    1.185172619766e-12    5.892983041648e-13   -1.715983583526e-12    0.000000000000e+00
 206   -8.558087506889e-13    0.000000000000e+00    1.209336450425e-12   -5.861844755255e-13    1.209336450425e-12    5.861844755255e-13   -1.710623721667e-12    0.000000000000e+00
 207   -8.727823151700e-13    0.000000000000e+00    1.231705926488e-12   -5.861026724716e-13    1.231705926488e-12    5.861026724716e-13   -1.713370547871e-12    0.000000000000e+00
 208   -8.847089185381e-13    0.000000000000e+00    1.251826984086e-12   -5.868096264981e-13    1.251826984086e-12    5.868096264981e-13   -1.719673231940e-12    0.000000000000e+00
 209   -9.009765589846e-13    0.000000000000e+00    1.271382955512e-12   -5.828700694842e-13    1.271382955512e-12    5.828700694842e-13   -1.718215738959e-12    0.000000000000e+00
 210   -9.251183803391e-13    0.000000000000e+00    1.293838191967e-12   -5.733343487468e-13    1.293838191967e-12    5.733343487468e-13   -1.707539817007e-12    0.000000000000e+00
 211   -9.518451565133e-13    0.000000000000e+00    1.319946864482e-12   -5.654554515594e-13    1.319946864482e-12    5.654554515594e-13   -1.701195607995e-12    0.000000000000e+00
 212   -9.737534129722e-13    0.000000000000e+00    1.347071759694e-12   -5.642060169758e-13    1.347071759694e-12    5.642060169758e-13   -1.707210219547e-12    0.000000000000e+00
 213   -9.898042671944e-13    0.000000000000e+00    1.371539600642e-12   -5.654417906120e-13    1.371539600642e-12    5.654417906120e-13   -1.716679858162e-12    0.000000000000e+00
 214   -1.004379739100e-12    0.000000000000e+00    1.394966607504e-12   -5.623481281331e-13    1.394966607504e-12    5.623481281331e-13   -1.718543818537e-12    0.000000000000e+00
 215   -1.021359537744e-12    0.000000000000e+00    1.420791652731e-12   -5.545142253358e-13    1.420791652731e-12    5.545142253358e-13   -1.713817672847e-12    0.000000000000e+00
 216   -1.041259309678e-12    0.000000000000e+00    1.448838553471e-12   -5.491008038885e-13    1.448838553471e-12    5.491008038885e-13   -1.712545795278e-12    0.000000000000e+00
 217   -1.061927672533e-12    0.000000000000e+00    1.474024027837e-12   -5.486623525300e-13    1.474024027837e-12    5.486623525300e-13   -1.715585789749e-12    0.000000000000e+00
 218   -1.084551719266e-12    0.000000000000e+00    1.496829570014e-12   -5.475745724903e-13    1.496829570014e-12    5.475745724903e-13   -1.716301688444e-12    0.000000000000e+00
 219   -1.106744687215e-12    0.000000000000e+00    1.518380365016e-12   -5.428441984118e-13    1.518380365016e-12    5.428441984118e-13   -1.710427589494e-12    0.000000000000e+00
 220   -1.128735451460e-12    0.000000000000e+00    1.543395294380e-12   -5.381254795066e-13    1.543395294380e-12    5.381254795066e-13   -1.706652939630e-12    0.000000000000e+00
 221   -1.147262189763e-12    0.000000000000e+00    1.567683483028e-12   -5.377613502069e-13    1.567683483028e-12    5.377613502069e-13   -1.710134529646e-12    0.000000000000e+00
 222   -1.166584949301e-12    0.000000000000e+00    1.591014212737e-12   -5.404388958921e-13    1.591014212737e-12    5.404388958921e-13   -1.715051278078e-12    0.000000000000e+00
 223   -1.192095901159e-12    0.000000000000e+00    1.618128591188e-12   -5.425883266991e-13    1.618128591188e-12    5.425883266991e-13   -1.715103319783e-12    0.000000000000e+00
 224   -1.225273680260e-12    0.000000000000e+00    1.653886012518e-12   -5.422486461584e-13    1.653886012518e-12    5.422486461584e-13   -1.710324698707e-12    0.000000000000e+00
 225   -1.256402750935e-12    0.000000000000e+00    1.691179531485e-12   -5.407620965597e-13    1.691179531485e-12    5.407620965597e-13   -1.706176541195e-12    0.000000000000e+00
 226   -1.278129295110e-12    0.000000000000e+00    1.721768127377e-12   -5.389801560791e-13    1.721768127377e-12    5.389801560791e-13   -1.705801298824e-12    0.000000000000e+00
 227   -1.293703100376e-12    0.000000000000e+00    1.746051762376e-12   -5.360730305840e-13    1.746051762376e-12    5.360730305840e-13   -1.705191651942e-12    0.000000000000e+00
 228   -1.312431608703e-12    0.000000000000e+00    1.773126784288e-12   -5.316884085782e-13    1.773126784288e-12    5.316884085782e-13   -1.699680760719e-12    0.000000000000e+00
 229   -1.336416546004e-12    0.000000000000e+00    1.804216064744e-12   -5.269879042695e-13    1.804216064744e-12    5.269879042695e-13   -1.687703362480e-12    0.000000000000e+00
 230   -1.357445406081e-12    0.000000000000e+00    1.832664228707e-12   -5.210744487803e-13    1.832664228707e-12    5.210744487803e-13   -1.673942017985e-12    0.000000000000e+00
 231   -1.372462256691e-12    0.000000000000e+00    1.856420399349e-12   -5.132642358005e-13    1.856420399349e-12    5.132642358005e-13   -1.661643262221e-12    0.000000000000e+00
 232   -1.388267213860e-12    0.000000000000e+00    1.884266397426e-12   -5.058117011174e-13    1.884266397426e-12    5.058117011174e-13   -1.656341079917e-12    0.000000000000e+00
 233   -1.411135097662e-12    0.000000000000e+00    1.919819121385e-12   -5.035211613977e-13    1.919819121385e-12    5.035211613977e-13   -1.655892328638e-12    0.000000000000e+00
 234   -1.439495549670e-12    0.000000000000e+00    1.958034862720e-12   -5.062086817428e-13    1.958034862720e-12    5.062086817428e-13   -1.654227861463e-12    0.000000000000e+00
 235   -1.463807048664e-12    0.000000000000e+00    1.990558759490e-12   -5.081663171855e-13    1.990558759490e-12    5.081663171855e-13   -1.646471587541e-12    0.000000000000e+00
 236   -1.483860777307e-12    0.000000000000e+00    2.021613128636e-12   -5.065442423152e-13    2.021613128636e-12    5.065442423152e-13   -1.636765809693e-12    0.000000000000e+00
 237   -1.506446660124e-12    0.000000000000e+00    2.056995632854e-12   -5.052122999463e-13    2.056995632854e-12    5.052122999463e-13   -1.631377433316e-12    0.000000000000e+00
 238   -1.534203103101e-12    0.000000000000e+00    2.093729269820e-12   -5.051094091602e-13    2.093729269820e-12    5.051094091602e-13   -1.625774710169e-12    0.000000000000e+00
 239   -1.561543429285e-12    0.000000000000e+00    2.125497477676e-12   -5.023839959491e-13    2.125497477676e-12    5.023839959491e-13   -1.612868584348e-12    0.000000000000e+00
 240   -1.585923991958e-12    0.000000000000e+00    2.156276025789e-12   -4.967033728764e-13    2.156276025789e-12    4.967033728764e-13   -1.598778076074e-12    0.000000000000e+00
 241   -1.608973588044e-12    0.000000000000e+00    2.192162684017e-12   -4.921639268005e-13    2.192162684017e-12    4.921639268005e-13   -1.590316745480e-12    0.000000000000e+00
 242   -1.632603882813e-12    0.000000000000e+00    2.231291757263e-12   -4.894382425388e-13    2.231291757263e-12    4.894382425388e-13   -1.582642545662e-12    0.000000000000e+00
 243   -1.655787594708e-12    0.000000000000e+00    2.267015351484e-12   -4.853540529551e-13    2.267015351484e-12    4.853540529551e-13   -1.566564694806e-12    0.000000000000e+00
 244   -1.681849321269e-12    0.000000000000e+00    2.301430313684e-12   -4.804260288205e-13    2.301430313684e-12    4.804260288205e-13   -1.548205574159e-12    0.000000000000e+00
 245   -1.706164940232e-12    0.000000000000e+00    2.337418670076e-12   -4.765438261015e-13    2.337418670076e-12    4.765438261015e-13   -1.537411799431e-12    0.000000000000e+00
 246   -1.726451989183e-12    0.000000000000e+00    2.376604989196e-12   -4.744502317064e-13    2.376604989196e-12    4.744502317064e-13   -1.532648790867e-12    0.000000000000e+00
 247   -1.742295001848e-12    0.000000000000e+00    2.414998322847e-12   -4.699346922883e-13    2.414998322847e-12    4.699346922883e-13   -1.518877688553e-12    0.000000000000e+00
 248   -1.760589070365e-12    0.000000000000e+00    2.450719314984e-12   -4.631120790674e-13    2.450719314984e-12    4.631120790674e-13   -1.491124823443e-12    0.000000000000e+00
 249   -1.783915138005e-12    0.000000000000e+00    2.485167670610e-12   -4.589676078429e-13    2.485167670610e-12    4.589676078429e-13   -1.464865880506e-12    0.000000000000e+00
 250   -1.810329880794e-12    0.000000000000e+00    2.521551760795e-12   -4.607465667675e-13    2.521551760795e-12    4.607465667675e-13   -1.450661639424e-12    0.000000000000e+00
 251   -1.834995263378e-12    0.000000000000e+00    2.560222433362e-12   -4.640846626262e-13    2.560222433362e-12    4.640846626262e-13   -1.439624136047e-12    0.000000000000e+00
 252   -1.857872146058e-12    0.000000000000e+00    2.601395444543e-12   -4.624559741227e-13    2.601395444543e-12    4.624559741227e-13   -1.419688260181e-12    0.000000000000e+00
 253   -1.877938343026e-12    0.000000000000e+00    2.642788548765e-12   -4.565611127008e-13    2.642788548765e-12    4.565611127008e-13   -1.391583029364e-12    0.000000000000e+00
 254   -1.891331058781e-12    0.000000000000e+00    2.681505842025e-12   -4.508731712635e-13    2.681505842025e-12    4.508731712635e-13   -1.366844137873e-12    0.000000000000e+00
 255   -1.896862007744e-12    0.000000000000e+00    2.717547974845e-12   -4.461780879657e-13    2.717547974845e-12    4.461780879657e-13   -1.348260587376e-12    0.000000000000e+00
 256   -1.902834010151e-12    0.000000000000e+00    2.754882259814e-12   -4.390871889172e-13    2.754882259814e-12    4.390871889172e-13   -1.326302457617e-12    0.000000000000e+00
 257   -1.914745488898e-12    0.000000000000e+00    2.796573953315e-12   -4.281883549985e-13    2.796573953315e-12    4.281883549985e-13   -1.295109744275e-12    0.000000000000e+00
 258   -1.928904301909e-12    0.000000000000e+00    2.840185335182e-12   -4.167560394008e-13    2.840185335182e-12    4.167560394008e-13   -1.257587892330e-12    0.000000000000e+00
 259   -1.936413919837e-12    0.000000000000e+00    2.875833252092e-12   -4.081630595575e-13    2.875833252092e-12    4.081630595575e-13   -1.218513354453e-12    0.000000000000e+00
 260   -1.952533620897e-12    0.000000000000e+00    2.921756586671e-12   -4.039747052501e-13    2.921756586671e-12    4.039747052501e-13   -1.189443725805e-12    0.000000000000e+00
 261   -1.968170635150e-12    0.000000000000e+00    2.962177161545e-12   -3.991986862600e-13    2.962177161545e-12    3.991986862600e-13   -1.153503941670e-12    0.000000000000e+00
 262   -1.969597228368e-12    0.000000000000e+00    2.979083126020e-12   -3.928673250435e-13    2.979083126020e-12    3.928673250435e-13   -1.100500550064e-12    0.000000000000e+00
 263   -1.938526162509e-12    0.000000000000e+00    2.951616815544e-12   -3.792959327696e-13    2.951616815544e-12    3.792959327696e-13   -1.023803221020e-12    0.000000000000e+00
 264   -1.936951467274e-12    0.000000000000e+00    2.990824601867e-12   -3.743627044646e-13    2.990824601867e-12    3.743627044646e-13   -9.830695285595e-13    0.000000000000e+00
 265   -1.961225886554e-12    0.000000000000e+00    3.076387018394e-12   -3.553485088646e-13    3.076387018394e-12    3.553485088646e-13   -9.625414614661e-13    0.000000000000e+00
 266   -1.982921856228e-12    0.000000000000e+00    3.144467759092e-12   -3.505536247568e-13    3.144467759092e-12    3.505536247568e-13   -9.310932016712e-13    0.000000000000e+00
 267   -1.972168305400e-12    0.000000000000e+00    3.165587150050e-12   -3.465650075946e-13    3.165587150050e-12    3.465650075946e-13   -8.758505531080e-13    0.000000000000e+00
 268   -1.969212987118e-12    0.000000000000e+00    3.208621085840e-12   -3.392815000301e-13    3.208621085840e-12    3.392815000301e-13   -8.166517592376e-13    0.000000000000e+00
 269   -1.933979669119e-12    0.000000000000e+00    3.194578716142e-12   -3.217850790514e-13    3.194578716142e-12    3.217850790514e-13   -7.455027263917e-13    0.000000000000e+00
 270   -1.942320002751e-12    0.000000000000e+00    3.262777201196e-12   -3.071205399371e-13    3.262777201196e-12    3.071205399371e-13   -7.047105412238e-13    0.000000000000e+00
 271   -1.940427853120e-12    0.000000000000e+00    3.315493929748e-12   -2.956703350036e-13    3.315493929748e-12    2.956703350036e-13   -6.536165380634e-13    0.000000000000e+00
 272   -1.956638844003e-12    0.000000000000e+00    3.412057528879e-12   -2.880723003890e-13    3.412057528879e-12    2.880723003890e-13   -6.028497471187e-13    0.000000000000e+00
 273   -1.944190902020e-12    0.000000000000e+00    3.473855317987e-12   -2.755562705098e-13    3.473855317987e-12    2.755562705098e-13   -5.321150963432e-13    0.000000000000e+00
 274   -1.926252126555e-12    0.000000000000e+00    3.515599486872e-12   -2.603995578193e-13    3.515599486872e-12    2.603995578193e-13   -4.640693211655e-13    0.000000000000e+00
 275   -1.937269138511e-12    0.000000000000e+00    3.588511649291e-12   -2.496992413184e-13    3.588511649291e-12    2.496992413184e-13   -4.077159345816e-13    0.000000000000e+00
 276   -1.916035038962e-12    0.000000000000e+00    3.597987359438e-12   -2.344742238911e-13    3.597987359438e-12    2.344742238911e-13   -3.484343347702e-13    0.000000000000e+00
 277   -1.903086412416e-12    0.000000000000e+00    3.644372564143e-12   -2.240901691639e-13    3.644372564143e-12    2.240901691639e-13   -2.771928736892e-13    0.000000000000e+00
 278   -1.880009169175e-12    0.000000000000e+00    3.709576049116e-12   -2.068836638461e-13    3.709576049116e-12    2.068836638461e-13   -2.008527621566e-13    0.000000000000e+00
 279   -1.851755944762e-12    0.000000000000e+00    3.780146334842e-12   -1.865479342181e-13    3.780146334842e-12    1.865479342181e-13   -1.270180521092e-13    0.000000000000e+00
 280   -1.814963869300e-12    0.000000000000e+00    3.832925296599e-12   -1.710908975258e-13    3.832925296599e-12    1.710908975258e-13   -5.335352792164e-14    0.000000000000e+00
 281   -1.785448525138e-12    0.000000000000e+00    3.879372083987e-12   -1.624736586589e-13    3.879372083987e-12    1.624736586589e-13    2.500596267324e-14    0.000000000000e+00
 282   -1.756014821400e-12    0.000000000000e+00    3.920960778281e-12   -1.526447696541e-13    3.920960778281e-12    1.526447696541e-13    1.126673759714e-13    0.000000000000e+00
 283   -1.716188064056e-12    0.000000000000e+00    3.967125673104e-12   -1.361411526048e-13    3.967125673104e-12    1.361411526048e-13    2.030203804550e-13    0.000000000000e+00
 284   -1.665190229629e-12    0.000000000000e+00    4.022513225288e-12   -1.140433233959e-13    4.022513225288e-12    1.140433233959e-13    2.952987247090e-13    0.000000000000e+00
 285   -1.613394530822e-12    0.000000000000e+00    4.081120424243e-12   -9.045336094721e-14    4.081120424243e-12    9.045336094721e-14    3.925037107399e-13    0.000000000000e+00
 286   -1.569431325350e-12    0.000000000000e+00    4.135597246602e-12   -6.864588108016e-14    4.135597246602e-12    6.864588108016e-14    5.000955162135e-13    0.000000000000e+00
 287   -1.526539962146e-12    0.000000000000e+00    4.183823426596e-12   -4.694324356319e-14    4.183823426596e-12    4.694324356319e-14    6.202362299972e-13    0.000000000000e+00
 288   -1.473668843205e-12    0.000000000000e+00    4.229762807367e-12   -2.466310575905e-14    4.229762807367e-12    2.466310575905e-14    7.464295024087e-13    0.000000000000e+00
 289   -1.405130894451e-12    0.000000000000e+00    4.275955457766e-12   -2.185155268536e-15    4.275955457766e-12    2.185155268536e-15    8.721972796777e-13    0.000000000000e+00
 290   -1.330101610450e-12    0.000000000000e+00    4.322709724891e-12    1.910060651311e-14    4.322709724891e-12   -1.910060651311e-14    9.982971480721e-13    0.000000000000e+00
 291   -1.253047145211e-12    0.000000000000e+00    4.369127455661e-12    4.135602450772e-14    4.369127455661e-12   -4.135602450772e-14    1.135284357842e-12    0.000000000000e+00
 292   -1.174160920402e-12    0.000000000000e+00    4.416107236838e-12    6.581226449226e-14    4.416107236838e-12   -6.581226449226e-14    1.283969566952e-12    0.000000000000e+00
 293   -1.085639174045e-12    0.000000000000e+00    4.460485800162e-12    9.180015688587e-14    4.460485800162e-12   -9.180015688587e-14    1.437808531089e-12    0.000000000000e+00
 294   -9.884144284295e-13    0.000000000000e+00    4.501632139969e-12    1.166727847147e-13    4.501632139969e-12   -1.166727847147e-13    1.585784563558e-12    0.000000000000e+00
 295   -8.874870239747e-13    0.000000000000e+00    4.543958091741e-12    1.418990792923e-13    4.543958091741e-12   -1.418990792923e-13    1.730307628948e-12    0.000000000000e+00
 296   -7.836586197671e-13    0.000000000000e+00    4.591904113893e-12    1.746438280451e-13    4.591904113893e-12   -1.746438280451e-13    1.887079251542e-12    0.000000000000e+00
 297   -6.717937837963e-13    0.000000000000e+00    4.642567580371e-12    2.145321138618e-13    4.642567580371e-12   -2.145321138618e-13    2.059831472057e-12    0.000000000000e+00
 298   -5.502902820920e-13    0.000000000000e+00    4.687187270258e-12    2.553502114616e-13    4.687187270258e-12   -2.553502114616e-13    2.238935165738e-12    0.000000000000e+00
 299   -4.183779516408e-13    0.000000000000e+00    4.720539931169e-12    2.910182945320e-13    4.720539931169e-12   -2.910182945320e-13    2.418147496477e-12    0.000000000000e+00
 300   -2.836102934532e-13    0.000000000000e+00    4.753446334466e-12    3.242785272077e-13    4.753446334466e-12   -3.242785272077e-13    2.600195666419e-12    0.000000000000e+00
 301   -1.436218629918e-13    0.000000000000e+00    4.794727549023e-12    3.639903049107e-13    4.794727549023e-12   -3.639903049107e-13    2.795563693730e-12    0.000000000000e+00
 302    9.059579800762e-15    0.000000000000e+00    4.837273810676e-12    4.111688745555e-13    4.837273810676e-12   -4.111688745555e-13    3.005463282760e-12    0.000000000000e+00
 303    1.791518593631e-13    0.000000000000e+00    4.866386807412e-12    4.612008474777e-13    4.866386807412e-12   -4.612008474777e-13    3.224724523868e-12    0.000000000000e+00
 304    3.563838948343e-13    0.000000000000e+00    4.886853942343e-12    5.084737969216e-13    4.886853942343e-12   -5.084737969216e-13    3.447926623032e-12    0.000000000000e+00
 305    5.284526071944e-13    0.000000000000e+00    4.919513147544e-12    5.545593281461e-13    4.919513147544e-12   -5.545593281461e-13    3.670993630606e-12    0.000000000000e+00
 306    6.983953346196e-13    0.000000000000e+00    4.970638484147e-12    6.023338837251e-13    4.970638484147e-12   -6.023338837251e-13    3.894279863859e-12    0.000000000000e+00
 307    8.781309013273e-13    0.000000000000e+00    5.019123571620e-12    6.514682998789e-13    5.019123571620e-12   -6.514682998789e-13    4.119215385456e-12    0.000000000000e+00
 308    1.080101936710e-12    0.000000000000e+00    5.042400091221e-12    7.010358005904e-13    5.042400091221e-12   -7.010358005904e-13    4.360465547665e-12    0.000000000000e+00
 309    1.304121415892e-12    0.000000000000e+00    5.047034838668e-12    7.517842143083e-13    5.047034838668e-12   -7.517842143083e-13    4.626412968001e-12    0.000000000000e+00
 310    1.534694355106e-12    0.000000000000e+00    5.061037092885e-12    8.023644140591e-13    5.061037092885e-12   -8.023644140591e-13    4.899316195794e-12    0.000000000000e+00
 311    1.763934918270e-12    0.000000000000e+00    5.093385348903e-12    8.528785858976e-13    5.093385348903e-12   -8.528785858976e-13    5.160880837268e-12    0.000000000000e+00
 312    1.998315575513e-12    0.000000000000e+00    5.129229506406e-12    9.040640415112e-13    5.129229506406e-12   -9.040640415112e-13    5.412805620386e-12    0.000000000000e+00
 313    2.257484130186e-12    0.000000000000e+00    5.148112405123e-12    9.597922500174e-13    5.148112405123e-12   -9.597922500174e-13    5.690979805462e-12    0.000000000000e+00
 314    2.533406210509e-12    0.000000000000e+00    5.158814781608e-12    1.020898860241e-12    5.158814781608e-12   -1.020898860241e-12    6.001486200363e-12    0.000000000000e+00
 315    2.806833975313e-12    0.000000000000e+00    5.176923993655e-12    1.085992732373e-12    5.176923993655e-12   -1.085992732373e-12    6.322003250764e-12    0.000000000000e+00
 316    3.074383195939e-12    0.000000000000e+00    5.201397038773e-12    1.154421176708e-12    5.201397038773e-12   -1.154421176708e-12    6.628320288471e-12    0.000000000000e+00
 317    3.350561147974e-12    0.000000000000e+00    5.215200667152e-12    1.224053410714e-12    5.215200667152e-12   -1.224053410714e-12    6.930482229772e-12    0.000000000000e+00
 318    3.649720282939e-12    0.000000000000e+00    5.212524856191e-12    1.290525086968e-12    5.212524856191e-12   -1.290525086968e-12    7.252744411990e-12    0.000000000000e+00
 319    3.968156098849e-12    0.000000000000e+00    5.208973877235e-12    1.354888640517e-12    5.208973877235e-12   -1.354888640517e-12    7.592700773662e-12    0.000000000000e+00
 320    4.302447287330e-12    0.000000000000e+00    5.214299478307e-12    1.418901237824e-12    5.214299478307e-12   -1.418901237824e-12    7.935874180021e-12    0.000000000000e+00
 321    4.647480317255e-12    0.000000000000e+00    5.220081745333e-12    1.485600162852e-12    5.220081745333e-12   -1.485600162852e-12    8.273569329642e-12    0.000000000000e+00
 322    5.004726667812e-12    0.000000000000e+00    5.210222010776e-12    1.551953769489e-12    5.210222010776e-12   -1.551953769489e-12    8.625064204515e-12    0.000000000000e+00
 323    5.373426530120e-12    0.000000000000e+00    5.185666132612e-12    1.618594798122e-12    5.185666132612e-12   -1.618594798122e-12    9.008905600683e-12    0.000000000000e+00
 324    5.751329534148e-12    0.000000000000e+00    5.166233760234e-12    1.687710409794e-12    5.166233760234e-12   -1.687710409794e-12    9.405296853837e-12    0.000000000000e+00
 325    6.142197427755e-12    0.000000000000e+00    5.158512506043e-12    1.760710609429e-12    5.158512506043e-12   -1.760710609429e-12    9.790918076291e-12    0.000000000000e+00
 326    6.548087592984e-12    0.000000000000e+00    5.148838820579e-12    1.834710985568e-12    5.148838820579e-12   -1.834710985568e-12    1.016415163840e-11    0.000000000000e+00
 327    6.969061612516e-12    0.000000000000e+00    5.116595515331e-12    1.906779855537e-12    5.116595515331e-12   -1.906779855537e-12    1.055983685910e-11    0.000000000000e+00
 328    7.392890119529e-12    0.000000000000e+00    5.068551047621e-12    1.981442353943e-12    5.068551047621e-12   -1.981442353943e-12    1.098186125370e-11    0.000000000000e+00
 329    7.825344539025e-12    0.000000000000e+00    5.021040007380e-12    2.071022390041e-12    5.021040007380e-12   -2.071022390041e-12    1.141933856502e-11    0.000000000000e+00
 330    8.276999745316e-12    0.000000000000e+00    4.981707320967e-12    2.178823527849e-12    4.981707320967e-12   -2.178823527849e-12    1.186229586780e-11    0.000000000000e+00
 331    8.751398043738e-12    0.000000000000e+00    4.940475979709e-12    2.290756560136e-12    4.940475979709e-12   -2.290756560136e-12    1.231356249604e-11    0.000000000000e+00
 332    9.236456217920e-12    0.000000000000e+00    4.887965032729e-12    2.392177168159e-12    4.887965032729e-12   -2.392177168159e-12    1.278033668478e-11    0.000000000000e+00
 333    9.724150304424e-12    0.000000000000e+00    4.830801557387e-12    2.484537098627e-12    4.830801557387e-12   -2.484537098627e-12    1.325214330633e-11    0.000000000000e+00
 334    1.022778216286e-11    0.000000000000e+00    4.773130675428e-12    2.585276177164e-12    4.773130675428e-12   -2.585276177164e-12    1.373233471380e-11    0.000000000000e+00
 335    1.075128007455e-11    0.000000000000e+00    4.717158955114e-12    2.699479962481e-12    4.717158955114e-12   -2.699479962481e-12    1.421482636460e-11    0.000000000000e+00
 336    1.129227267249e-11    0.000000000000e+00    4.655918879604e-12    2.815851718463e-12    4.655918879604e-12   -2.815851718463e-12    1.470822422189e-11    0.000000000000e+00
 337    1.184344115834e-11    0.000000000000e+00    4.588482371837e-12    2.924999652210e-12    4.588482371837e-12   -2.924999652210e-12    1.522129644549e-11    0.000000000000e+00
 338    1.240412460246e-11    0.000000000000e+00    4.519522343177e-12    3.031301338413e-12    4.519522343177e-12   -3.031301338413e-12    1.575069241699e-11    0.000000000000e+00
 339    1.298070245043e-11    0.000000000000e+00    4.451716339310e-12    3.145316906233e-12    4.451716339310e-12   -3.145316906233e-12    1.628482591831e-11    0.000000000000e+00
 340    1.357529887114e-11    0.000000000000e+00    4.381453099639e-12    3.267710754762e-12    4.381453099639e-12   -3.267710754762e-12    1.681414729671e-11    0.000000000000e+00
 341    1.419548593257e-11    0.000000000000e+00    4.299376826777e-12    3.394371589360e-12    4.299376826777e-12   -3.394371589360e-12    1.735916965728e-11    0.000000000000e+00
 342    1.482140798981e-11    0.000000000000e+00    4.209919305526e-12    3.517345269211e-12    4.209919305526e-12   -3.517345269211e-12    1.791744530522e-11    0.000000000000e+00
 343    1.544487281124e-11    0.000000000000e+00    4.118238302458e-12    3.635200430605e-12    4.118238302458e-12   -3.635200430605e-12    1.847847395930e-11    0.000000000000e+00
 344    1.607444385932e-11    0.000000000000e+00    4.024310398809e-12    3.754123314298e-12    4.024310398809e-12   -3.754123314298e-12    1.903767248013e-11    0.000000000000e+00
 345    1.673238284039e-11    0.000000000000e+00    3.923045915899e-12    3.883370187918e-12    3.923045915899e-12   -3.883370187918e-12    1.960826639946e-11    0.000000000000e+00
 346    1.742409168337e-11    0.000000000000e+00    3.809752426726e-12    4.023087418759e-12    3.809752426726e-12   -4.023087418759e-12    2.020521423785e-11    0.000000000000e+00
 347    1.813005474915e-11    0.000000000000e+00    3.686208456533e-12    4.161293271771e-12    3.686208456533e-12   -4.161293271771e-12    2.080959536632e-11    0.000000000000e+00
 348    1.884174413713e-11    0.000000000000e+00    3.553336444528e-12    4.289507984923e-12    3.553336444528e-12   -4.289507984923e-12    2.141241697839e-11    0.000000000000e+00
 349    1.955300157896e-11    0.000000000000e+00    3.420133967702e-12    4.417607772644e-12    3.420133967702e-12   -4.417607772644e-12    2.200789550599e-11    0.000000000000e+00
 350    2.027551217199e-11    0.000000000000e+00    3.288754685249e-12    4.561203845177e-12    3.288754685249e-12   -4.561203845177e-12    2.262022687216e-11    0.000000000000e+00
 351    2.101716196912e-11    0.000000000000e+00    3.155082098361e-12    4.718170298901e-12    3.155082098361e-12   -4.718170298901e-12    2.325642976808e-11    0.000000000000e+00
 352    2.177398018832e-11    0.000000000000e+00    3.016381415477e-12    4.875007082045e-12    3.016381415477e-12   -4.875007082045e-12    2.389833643479e-11    0.000000000000e+00
 353    2.254740144592e-11    0.000000000000e+00    2.871271363031e-12    5.027913849154e-12    2.871271363031e-12   -5.027913849154e-12    2.453719172291e-11    0.000000000000e+00
 354    2.333950914479e-11    0.000000000000e+00    2.719265784767e-12    5.187916936322e-12    2.719265784767e-12   -5.187916936322e-12    2.518237354754e-11    0.000000000000e+00
 355    2.416282625373e-11    0.000000000000e+00    2.551362766889e-12    5.357675240958e-12    2.551362766889e-12   -5.357675240958e-12    2.586075104061e-11    0.000000000000e+00
 356    2.500235088410e-11    0.000000000000e+00    2.375725484394e-12    5.535951037861e-12    2.375725484394e-12   -5.535951037861e-12    2.654929921742e-11    0.000000000000e+00
 357    2.585322234072e-11    0.000000000000e+00    2.203873802203e-12    5.721604613707e-12    2.203873802203e-12   -5.721604613707e-12    2.722395225918e-11    0.000000000000e+00
 358    2.672265880799e-11    0.000000000000e+00    2.039621076200e-12    5.919180944003e-12    2.039621076200e-12   -5.919180944003e-12    2.788960729028e-11    0.000000000000e+00
 359    2.761076957347e-11    0.000000000000e+00    1.876822048469e-12    6.125116473049e-12    1.876822048469e-12   -6.125116473049e-12    2.857763678477e-11    0.000000000000e+00
 360    2.849956728945e-11    0.000000000000e+00    1.709031353936e-12    6.323272634667e-12    1.709031353936e-12   -6.323272634667e-12    2.929809173047e-11    0.000000000000e+00
 361    2.937566509487e-11    0.000000000000e+00    1.537534856377e-12    6.507237457209e-12    1.537534856377e-12   -6.507237457209e-12    3.001486212351e-11    0.000000000000e+00
 362    3.026958197982e-11    0.000000000000e+00    1.351859596488e-12    6.689675723093e-12    1.351859596488e-12   -6.689675723093e-12    3.071614143590e-11    0.000000000000e+00
 363    3.119664596096e-11    0.000000000000e+00    1.146575022426e-12    6.886006088253e-12    1.146575022426e-12   -6.886006088253e-12    3.140968388160e-11    0.000000000000e+00
 364    3.214655971973e-11    0.000000000000e+00    9.268345639579e-13    7.088183772569e-12    9.268345639579e-13   -7.088183772569e-12    3.212890023474e-11    0.000000000000e+00
 365    3.309544305274e-11    0.000000000000e+00    7.120844712494e-13    7.280070643545e-12    7.120844712494e-13   -7.280070643545e-12    3.287975100519e-11    0.000000000000e+00
 366    3.405378409815e-11    0.000000000000e+00    5.149487607159e-13    7.470149498978e-12    5.149487607159e-13   -7.470149498978e-12    3.363049075333e-11    0.000000000000e+00
 367    3.505338380672e-11    0.000000000000e+00    3.195022371671e-13    7.684514483075e-12    3.195022371671e-13   -7.684514483075e-12    3.436754006381e-11    0.000000000000e+00
 368    3.610213170080e-11    0.000000000000e+00    1.098999363736e-13    7.934776100060e-12    1.098999363736e-13   -7.934776100060e-12    3.510463100764e-11    0.000000000000e+00
 369    3.719343236175e-11    0.000000000000e+00   -1.159116205796e-13    8.198703868589e-12   -1.159116205796e-13   -8.198703868589e-12    3.588514554953e-11    0.000000000000e+00
 370    3.829734099292e-11    0.000000000000e+00   -3.304088773415e-13    8.455371819371e-12   -3.304088773415e-13   -8.455371819371e-12    3.669245463023e-11    0.000000000000e+00
 371    3.943383466987e-11    0.000000000000e+00   -5.348924428383e-13    8.715900397249e-12   -5.348924428383e-13   -8.715900397249e-12    3.750339275244e-11    0.000000000000e+00
 372    4.065941333620e-11    0.000000000000e+00   -7.634474649687e-13    9.018352037371e-12   -7.634474649687e-13   -9.018352037371e-12    3.832392389547e-11    0.000000000000e+00
 373    4.200606529281e-11    0.000000000000e+00   -1.040062567320e-12    9.381285678844e-12   -1.040062567320e-12   -9.381285678844e-12    3.917970115008e-11    0.000000000000e+00
 374    4.342374376742e-11    0.000000000000e+00   -1.345508340161e-12    9.772276737818e-12   -1.345508340161e-12   -9.772276737818e-12    4.007299700404e-11    0.000000000000e+00
 375    4.485205262750e-11    0.000000000000e+00   -1.643496970460e-12    1.015313007280e-11   -1.643496970460e-12   -1.015313007280e-11    4.097247541246e-11    0.000000000000e+00
 376    4.641289436114e-11    0.000000000000e+00   -1.956560781446e-12    1.057796992360e-11   -1.956560781446e-12   -1.057796992360e-11    4.193199953928e-11    0.000000000000e+00
 377    4.832300531943e-11    0.000000000000e+00   -2.326560818999e-12    1.116826336273e-11   -2.326560818999e-12   -1.116826336273e-11    4.299769915117e-11    0.000000000000e+00
 378    5.067833305783e-11    0.000000000000e+00   -2.776513827879e-12    1.197939403924e-11   -2.776513827879e-12   -1.197939403924e-11    4.418034341147e-11    0.000000000000e+00
