   0    0.000000000000e+00    0.000000000000e+00    0.000000000000e+00    0.000000000000e+00    0.000000000000e+00    0.000000000000e+00    0.000000000000e+00    0.000000000000e+00
   1    0.000000000000e+00    0.000000000000e+00    0.000000000000e+00    0.000000000000e+00    0.000000000000e+00    0.000000000000e+00    0.000000000000e+00    0.000000000000e+00
   2    0.000000000000e+00    0.000000000000e+00    0.000000000000e+00    0.000000000000e+00    0.000000000000e+00    0.000000000000e+00    0.000000000000e+00    0.000000000000e+00
   3    0.000000000000e+00    0.000000000000e+00    0.000000000000e+00    0.000000000000e+00    0.000000000000e+00    0.000000000000e+00    0.000000000000e+00    0.000000000000e+00
   4    0.000000000000e+00    0.000000000000e+00    0.000000000000e+00    0.000000000000e+00    0.000000000000e+00    0.000000000000e+00    0.000000000000e+00    0.000000000000e+00
   5    0.000000000000e+00    0.000000000000e+00    0.000000000000e+00    0.000000000000e+00    0.000000000000e+00    0.000000000000e+00    0.000000000000e+00    0.000000000000e+00
   6    0.000000000000e+00    0.000000000000e+00    0.000000000000e+00    0.000000000000e+00    0.000000000000e+00    0.000000000000e+00    0.000000000000e+00    0.000000000000e+00
   7   -1.340336268640e-07    0.000000000000e+00    1.032282881397e-07    0.000000000000e+00    2.934014098344e-08    0.000000000000e+00   -2.118074888813e-07    0.000000000000e+00
   8    0.000000000000e+00    0.000000000000e+00    0.000000000000e+00    0.000000000000e+00    0.000000000000e+00    0.000000000000e+00    0.000000000000e+00    0.000000000000e+00
   9    0.000000000000e+00    0.000000000000e+00    0.000000000000e+00    0.000000000000e+00    0.000000000000e+00    0.000000000000e+00    0.000000000000e+00    0.000000000000e+00
  10    0.000000000000e+00    0.000000000000e+00    0.000000000000e+00    0.000000000000e+00    0.000000000000e+00    0.000000000000e+00    0.000000000000e+00    0.000000000000e+00
  11    9.644403320408e-08    0.000000000000e+00    3.367404701748e-07    0.000000000000e+00   -1.258204179067e-06    0.000000000000e+00   -1.502861437075e-06    0.000000000000e+00
  12   -1.008976255434e-06    0.000000000000e+00   -8.051334248194e-07    0.000000000000e+00   -4.232395838244e-07    0.000000000000e+00   -6.376880037351e-07    0.000000000000e+00
  13   -5.940149261363e-09    0.000000000000e+00    1.011996175748e-07    0.000000000000e+00   -1.996901346502e-06    0.000000000000e+00   -2.114899871231e-06    0.000000000000e+00
  14    0.000000000000e+00    0.000000000000e+00    0.000000000000e+00    0.000000000000e+00    0.000000000000e+00    0.000000000000e+00    0.000000000000e+00    0.000000000000e+00
  15    0.000000000000e+00    0.000000000000e+00    0.000000000000e+00    0.000000000000e+00    0.000000000000e+00    0.000000000000e+00    0.000000000000e+00    0.000000000000e+00
  16    2.136271888276e-07    0.000000000000e+00    3.306172118300e-07    0.000000000000e+00   -2.765405497485e-06    0.000000000000e+00   -2.884270315917e-06    0.000000000000e+00
  17   -1.306824060521e-06    0.000000000000e+00   -1.239332959813e-06    0.000000000000e+00   -9.937056120179e-07    0.000000000000e+00   -1.074887563846e-06    0.000000000000e+00
  18    0.000000000000e+00    0.000000000000e+00    0.000000000000e+00    0.000000000000e+00    0.000000000000e+00    0.000000000000e+00    0.000000000000e+00    0.000000000000e+00
  19    0.000000000000e+00    0.000000000000e+00    0.000000000000e+00    0.000000000000e+00    0.000000000000e+00    0.000000000000e+00    0.000000000000e+00    0.000000000000e+00
  20    0.000000000000e+00    0.000000000000e+00    0.000000000000e+00    0.000000000000e+00    0.000000000000e+00    0.000000000000e+00    0.000000000000e+00    0.000000000000e+00
  21    0.000000000000e+00    0.000000000000e+00    0.000000000000e+00    0.000000000000e+00    0.000000000000e+00    0.000000000000e+00    0.000000000000e+00    0.000000000000e+00
  22    0.000000000000e+00    0.000000000000e+00    0.000000000000e+00    0.000000000000e+00    0.000000000000e+00    0.000000000000e+00    0.000000000000e+00    0.000000000000e+00
  23   -1.086781708182e-06    0.000000000000e+00   -1.168148173747e-06    0.000000000000e+00   -1.066206095857e-06    0.000000000000e+00   -1.018864054458e-06    0.000000000000e+00
  24    0.000000000000e+00    0.000000000000e+00    0.000000000000e+00    0.000000000000e+00    0.000000000000e+00    0.000000000000e+00    0.000000000000e+00    0.000000000000e+00
  25   -1.264726847694e-06   -2.145892949557e-06   -1.400204837410e-06   -2.197483127020e-06   -3.121098870906e-06    1.606190721759e-06   -3.053090267713e-06    1.674531176832e-06
  26   -6.883138325975e-07    0.000000000000e+00   -7.474379231098e-07    0.000000000000e+00   -1.418614260729e-06    0.000000000000e+00   -1.394748551320e-06    0.000000000000e+00
  27   -2.789896370814e-06   -5.980171863484e-06   -3.243892706450e-06   -5.948887519480e-06   -7.335072041315e-06    4.533961600828e-06   -7.066917987686e-06    4.599399744620e-06
  28   -3.019285259143e-06   -4.619871560863e-06   -3.581641976780e-06   -4.604871264746e-06   -7.077856480464e-06    3.275068365838e-06   -6.734662747476e-06    3.343456228322e-06
  29   -3.449272071521e-06   -4.484341388888e-06   -4.028069270134e-06   -4.547142907541e-06   -6.619156010856e-06    3.228085006413e-06   -6.288318672887e-06    3.375715323273e-06
  30   -3.845515038847e-06   -8.837539098749e-06   -4.732983143185e-06   -9.016551302921e-06   -1.016879105009e-05    6.683118044748e-06   -9.681005394668e-06    7.060159532557e-06
  31   -3.798154011747e-06   -4.461640855880e-06   -4.428432475834e-06   -4.458830971998e-06   -5.991250418447e-06    3.415085757297e-06   -5.604517355096e-06    3.528103661665e-06
  32   -4.477110451262e-06   -3.617218453655e-06   -5.221869741945e-06   -3.572256673579e-06   -5.559822056966e-06    2.696966248550e-06   -5.083195901534e-06    2.751078682195e-06
  33   -7.620775249961e-06   -1.077861725207e-05   -9.190926903102e-06   -1.089009492716e-05   -1.095310108212e-05    8.168268323061e-06   -1.001297096082e-05    8.544085176254e-06
  34   -7.940952855279e-06   -1.083082861442e-05   -9.648982086219e-06   -1.097190852306e-05   -1.083488587028e-05    8.350910320587e-06   -9.804256478674e-06    8.791203981673e-06
  35   -6.393788680725e-06   -1.858339783212e-05   -9.223739652953e-06   -1.905526369228e-05   -1.797151344363e-05    1.745270492393e-05   -1.592531407368e-05    1.839585638663e-05
  36   -2.560136863394e-06   -2.604836481623e-05   -7.051691227389e-06   -2.702170240809e-05   -2.879106250475e-05    2.830417179212e-05   -2.520550151530e-05    2.994959504576e-05
  37    5.928985729042e-07   -2.616846359160e-05   -5.036208222009e-06   -2.736264832492e-05   -3.408762495383e-05    3.221516089980e-05   -2.933373070846e-05    3.423302769079e-05
  38   -3.996773102699e-06   -2.985531682498e-05   -1.056457313098e-05   -3.122164707747e-05   -3.279408701928e-05    3.445333641139e-05   -2.745064739429e-05    3.676208871184e-05
  39   -1.177060039481e-05   -5.706841329811e-05   -2.199025038863e-05   -5.975243038847e-05   -4.337277641753e-05    5.983662776998e-05   -3.547047163011e-05    6.393606599886e-05
  40   -1.281637742068e-05   -5.237662844593e-05   -2.312315518793e-05   -5.474382123793e-05   -4.096766497241e-05    5.668949597748e-05   -3.280861346866e-05    6.059719453333e-05
  41   -1.954265826498e-05   -5.415456689661e-05   -3.016416849277e-05   -5.640567178489e-05   -3.630164064816e-05    5.851496098330e-05   -2.801005030051e-05    6.233432941372e-05
  42   -2.678234704945e-05   -6.481951277237e-05   -3.941048271372e-05   -6.772031338187e-05   -3.637119152700e-05    6.984471110627e-05   -2.663546547410e-05    7.444852235494e-05
  43   -3.323985583847e-05   -8.177638665074e-05   -4.882022403763e-05   -8.582741429564e-05   -4.203620846965e-05    8.560538844904e-05   -3.038319664483e-05    9.168047836283e-05
  44   -4.229589103488e-05   -1.149995223386e-04   -6.267686694628e-05   -1.226377207786e-04   -4.924111271976e-05    1.209646070492e-04   -3.407716212678e-05    1.307822822127e-04
  45   -6.062246757210e-05   -1.626626617508e-04   -8.905502909329e-05   -1.749982329784e-04   -5.629536099150e-05    1.681833382463e-04   -3.546050356817e-05    1.833444839576e-04
  46   -7.618751988048e-05   -1.983069232665e-04   -1.116075145546e-04   -2.143300371245e-04   -6.256069900701e-05    2.010825846810e-04   -3.718298830790e-05    2.205162018072e-04
  47   -8.852275641402e-05   -2.178680297220e-04   -1.292098022532e-04   -2.361454971833e-04   -6.424632010749e-05    2.183617616538e-04   -3.545030631358e-05    2.404974948149e-04
  48   -9.611961286282e-05   -2.225924254162e-04   -1.399833563482e-04   -2.419066295261e-04   -6.242946255952e-05    2.215504209744e-04   -3.152557837893e-05    2.449880703352e-04
  49   -1.066738841473e-04   -2.453882771078e-04   -1.565909478813e-04   -2.672567497939e-04   -6.657460471615e-05    2.414239424979e-04   -3.171816933900e-05    2.681903715711e-04
  50   -1.119009320973e-04   -2.487720630597e-04   -1.653120416449e-04   -2.712805289775e-04   -6.693892646581e-05    2.426731371088e-04   -2.991352448589e-05    2.708403626457e-04
  51   -1.245643070433e-04   -2.695911389310e-04   -1.848044339567e-04   -2.948505280074e-04   -6.926620699232e-05    2.606411580928e-04   -2.791169754346e-05    2.922462008428e-04
  52   -1.361834438285e-04   -2.801752416417e-04   -2.020607935265e-04   -3.068078367505e-04   -6.888586358400e-05    2.686952066142e-04   -2.407959254924e-05    3.022008750122e-04
  53   -1.442373031750e-04   -2.820890804287e-04   -2.139671705663e-04   -3.088832600042e-04   -6.791645864723e-05    2.686989028007e-04   -2.093562761729e-05    3.030675579794e-04
  54   -1.514462492196e-04   -2.851311000995e-04   -2.251685218653e-04   -3.121680638287e-04   -6.764434510842e-05    2.698176831473e-04   -1.841850280471e-05    3.053482796531e-04
  55   -1.572394103277e-04   -2.881291147787e-04   -2.351669972995e-04   -3.156752209179e-04   -6.841294089099e-05    2.708606480155e-04   -1.683225855231e-05    3.077157889493e-04
  56   -1.647353929002e-04   -2.908612659667e-04   -2.470398903824e-04   -3.189720737282e-04   -6.774753273930e-05    2.712518326007e-04   -1.386505027767e-05    3.093107661698e-04
  57   -1.741182350088e-04   -2.951346104965e-04   -2.608384238556e-04   -3.235383483116e-04   -6.539561582031e-05    2.720275952015e-04   -9.343700185127e-06    3.109186945949e-04
  58   -1.817101583583e-04   -2.993941598106e-04   -2.731002750807e-04   -3.280651581008e-04   -6.553643470397e-05    2.739476913121e-04   -7.013166850811e-06    3.139978798572e-04
  59   -1.873493602034e-04   -3.030038496945e-04   -2.831269230228e-04   -3.319481329527e-04   -6.732439214829e-05    2.757094916888e-04   -6.459134510806e-06    3.170516865794e-04
  60   -1.917193003464e-04   -3.063460462727e-04   -2.919640101027e-04   -3.355841909070e-04   -7.013929280220e-05    2.771363651846e-04   -6.881273748149e-06    3.198155318387e-04
  61   -1.966786658159e-04   -3.109000390396e-04   -3.019116120413e-04   -3.402533475310e-04   -7.249882037286e-05    2.791348961182e-04   -6.608570856770e-06    3.230194561183e-04
  62   -2.029716270044e-04   -3.149675321765e-04   -3.133759018965e-04   -3.442898450885e-04   -7.353614637395e-05    2.804350806400e-04   -5.117606178828e-06    3.253898466937e-04
  63   -2.096057578456e-04   -3.162142238580e-04   -3.247976419516e-04   -3.453530953266e-04   -7.412681588903e-05    2.797107445076e-04   -3.502985691739e-06    3.255456103943e-04
  64   -2.159354189644e-04   -3.154835721944e-04   -3.355825319886e-04   -3.442507004365e-04   -7.528141577495e-05    2.778708294500e-04   -2.627828735058e-06    3.244239487685e-04
  65   -2.217757864855e-04   -3.168219700456e-04   -3.460943989921e-04   -3.450853109825e-04   -7.738726708340e-05    2.780203067232e-04   -2.435287797198e-06    3.253988106735e-04
  66   -2.276779268868e-04   -3.213700547349e-04   -3.573834255803e-04   -3.490867093205e-04   -7.978420762811e-05    2.803458773997e-04   -2.082583478114e-06    3.288236621302e-04
  67   -2.341012877878e-04   -3.258846118115e-04   -3.691991441883e-04   -3.531097609084e-04   -8.137276745401e-05    2.821754314937e-04   -1.200703422910e-06    3.318122180644e-04
  68   -2.403036487522e-04   -3.271214372944e-04   -3.805346495938e-04   -3.539788303897e-04   -8.274568244815e-05    2.810827281792e-04   -5.359230499380e-07    3.316563088447e-04
  69   -2.468037419021e-04   -3.271148307249e-04   -3.918891306967e-04   -3.536641306709e-04   -8.314078149851e-05    2.787139383145e-04    8.180556960724e-07    3.299106028862e-04
  70   -2.528083859943e-04   -3.290011954959e-04   -4.031826101709e-04   -3.550281398930e-04   -8.524897566531e-05    2.790222933982e-04    1.013531118588e-06    3.311631735414e-04
  71   -2.590541262180e-04   -3.335902001709e-04   -4.153058398515e-04   -3.589371044654e-04   -8.732172864256e-05    2.816195774358e-04    1.711365484880e-06    3.350667539053e-04
  72   -2.654209092725e-04   -3.378946275916e-04   -4.279291315470e-04   -3.627569822129e-04   -8.906582661439e-05    2.836439525709e-04    2.785251126625e-06    3.386441676412e-04
  73   -2.714090223890e-04   -3.394742088858e-04   -4.400488687679e-04   -3.640856011771e-04   -9.093058906728e-05    2.829488657881e-04    3.277447149230e-06    3.392216749489e-04
  74   -2.772478328552e-04   -3.392656508368e-04   -4.514134780038e-04   -3.635718894657e-04   -9.265643893741e-05    2.808897697832e-04    3.370030526639e-06    3.380309499335e-04
  75   -2.824835828505e-04   -3.397455730010e-04   -4.616804944817e-04   -3.632037842181e-04   -9.453958773520e-05    2.798468340188e-04    3.210347131244e-06    3.375714295544e-04
  76   -2.868229930755e-04   -3.400990681257e-04   -4.706130421255e-04   -3.624217642937e-04   -9.704293188406e-05    2.790180733427e-04    2.361160113651e-06    3.373895597178e-04
  77   -2.911871997640e-04   -3.385842137504e-04   -4.791012033820e-04   -3.598101902753e-04   -9.907409548759e-05    2.764512028079e-04    1.361145905321e-06    3.351971972734e-04
  78   -2.956275420729e-04   -3.355142252985e-04   -4.876737657469e-04   -3.559714823496e-04   -1.007430037134e-04    2.724459918682e-04    3.635844336713e-07    3.313499328215e-04
  79   -3.003965539392e-04   -3.331826301292e-04   -4.969264846295e-04   -3.527355147526e-04   -1.022786018439e-04    2.692186099011e-04   -2.893519308600e-07    3.284153644927e-04
  80   -3.046499041375e-04   -3.321916447021e-04   -5.058448296040e-04   -3.505752247293e-04   -1.044449018082e-04    2.674524148460e-04   -1.090159457817e-06    3.272802277934e-04
  81   -3.082752227783e-04   -3.313797351439e-04   -5.136344698258e-04   -3.484377812129e-04   -1.068519195542e-04    2.660437312443e-04   -2.237952912765e-06    3.263809485361e-04
  82   -3.119690518361e-04   -3.282664401922e-04   -5.202586762607e-04   -3.442368470132e-04   -1.078532150132e-04    2.616284182295e-04   -3.152198132739e-06    3.218096971978e-04
  83   -3.155686717946e-04   -3.243865794502e-04   -5.271784611978e-04   -3.391577338334e-04   -1.093484825105e-04    2.571960503701e-04   -4.467961389309e-06    3.168515977450e-04
  84   -3.198146005161e-04   -3.213057934772e-04   -5.353715969250e-04   -3.346415178385e-04   -1.102023306885e-04    2.537199179642e-04   -4.724356131192e-06    3.130265977234e-04
  85   -3.238027275074e-04   -3.189978888258e-04   -5.435631610453e-04   -3.308769664727e-04   -1.113234029617e-04    2.512569481041e-04   -4.879588232143e-06    3.107134252787e-04
  86   -3.269198641647e-04   -3.161308122799e-04   -5.501849809662e-04   -3.268537693657e-04   -1.131948811235e-04    2.483124262653e-04   -6.154927632451e-06    3.080515307374e-04
  87   -3.294515772723e-04   -3.124707727693e-04   -5.554925301112e-04   -3.222469822504e-04   -1.153418270405e-04    2.445754362270e-04   -8.394124961342e-06    3.041603486054e-04
  88   -3.319171664771e-04   -3.087246441282e-04   -5.609969957732e-04   -3.173949371558e-04   -1.176558216684e-04    2.406683634035e-04   -1.073726707546e-05    2.998679992743e-04
  89   -3.347211459186e-04   -3.050382074434e-04   -5.671726539731e-04   -3.122256312054e-04   -1.197127639898e-04    2.371025475441e-04   -1.250478453585e-05    2.960241981782e-04
  90   -3.376064123586e-04   -3.014876565430e-04   -5.730835837312e-04   -3.071289393120e-04   -1.214739822899e-04    2.339642087463e-04   -1.392964804836e-05    2.928845642600e-04
  91   -3.402957809158e-04   -2.973617811222e-04   -5.780849605799e-04   -3.020490694325e-04   -1.229088811669e-04    2.304588415427e-04   -1.546707972011e-05    2.893548808061e-04
  92   -3.427390474826e-04   -2.928595640697e-04   -5.824987310916e-04   -2.965927706100e-04   -1.242691796506e-04    2.265768562211e-04   -1.728906499920e-05    2.847799332812e-04
  93   -3.447108319961e-04   -2.879875828512e-04   -5.863893893547e-04   -2.904867578764e-04   -1.262986334041e-04    2.224213967565e-04   -1.979331864277e-05    2.798853965942e-04
  94   -3.461288870312e-04   -2.831146412063e-04   -5.893628112972e-04   -2.838779182639e-04   -1.284661557293e-04    2.179418370361e-04   -2.255401523144e-05    2.747391408775e-04
  95   -3.474593395367e-04   -2.786743862089e-04   -5.920943804085e-04   -2.780544746201e-04   -1.311768573942e-04    2.145519974874e-04   -2.583595414762e-05    2.709799155127e-04
  96   -3.493194526527e-04   -2.742003998719e-04   -5.954650114290e-04   -2.728780382313e-04   -1.330319209956e-04    2.107406326104e-04   -2.842421599780e-05    2.666169311851e-04
  97   -3.515986318234e-04   -2.692514390219e-04   -5.994520615786e-04   -2.674733987078e-04   -1.344150805380e-04    2.062598359771e-04   -3.057124195038e-05    2.614740515128e-04
  98   -3.528404340614e-04   -2.640798338689e-04   -6.022911402397e-04   -2.612301614136e-04   -1.371465477860e-04    2.020312240347e-04   -3.383788498468e-05    2.566443581600e-04
  99   -3.533692506608e-04   -2.590916410554e-04   -6.038642604835e-04   -2.546124451328e-04   -1.405342045473e-04    1.983781403396e-04   -3.769486284000e-05    2.525658928789e-04
 100   -3.538875898812e-04   -2.539798733778e-04   -6.049616495147e-04   -2.482296549715e-04   -1.430496777175e-04    1.941081864061e-04   -4.110211739317e-05    2.476685040165e-04
 101   -3.549568064045e-04   -2.475418150425e-04   -6.064264453016e-04   -2.411984460196e-04   -1.460137282265e-04    1.894738379633e-04   -4.545293631963e-05    2.419441298116e-04
 102   -3.563321952242e-04   -2.410932647763e-04   -6.076006102376e-04   -2.341993822483e-04   -1.468517875765e-04    1.836980081862e-04   -4.804536365555e-05    2.346117253182e-04
 103   -3.564906655811e-04   -2.345295215491e-04   -6.072385585867e-04   -2.267274685437e-04   -1.508848508820e-04    1.792137481971e-04   -5.322662764229e-05    2.291131822858e-04
 104   -3.567515814211e-04   -2.290686388733e-04   -6.074080010876e-04   -2.198907168349e-04   -1.547268038848e-04    1.754431577865e-04   -5.751278513344e-05    2.245267969556e-04
 105   -3.587282262743e-04   -2.240062458441e-04   -6.099912570789e-04   -2.134042879334e-04   -1.580768439453e-04    1.722993765725e-04   -6.137575110188e-05    2.202913892688e-04
 106   -3.610075800680e-04   -2.192727697548e-04   -6.131042027846e-04   -2.074682270177e-04   -1.599144598003e-04    1.688177871983e-04   -6.417135591619e-05    2.153161913157e-04
 107   -3.620145143941e-04   -2.133355592377e-04   -6.140525219962e-04   -2.003069384955e-04   -1.627305173315e-04    1.643200375838e-04   -6.816646055086e-05    2.095141244354e-04
 108   -3.629654820543e-04   -2.077278040815e-04   -6.147119565867e-04   -1.932782470249e-04   -1.661779242568e-04    1.606676378287e-04   -7.213111530291e-05    2.049065951724e-04
 109   -3.642424417194e-04   -2.030368195847e-04   -6.160267512314e-04   -1.872619614005e-04   -1.698185951682e-04    1.578573719598e-04   -7.606783765368e-05    2.011218311964e-04
 110   -3.663091338240e-04   -1.987375580939e-04   -6.185381789692e-04   -1.818314485718e-04   -1.719906285871e-04    1.545399281895e-04   -7.882181671448e-05    1.965135888895e-04
 111   -3.671068407129e-04   -1.942868402693e-04   -6.195752648637e-04   -1.764202170307e-04   -1.757188583724e-04    1.515039912192e-04   -8.340131171281e-05    1.923763920786e-04
 112   -3.681086527649e-04   -1.890779385576e-04   -6.199538474903e-04   -1.700727734715e-04   -1.802625629352e-04    1.490194408689e-04   -8.874660852598e-05    1.890592830023e-04
 113   -3.685428528115e-04   -1.836140581872e-04   -6.193249719217e-04   -1.632406492718e-04   -1.849185646279e-04    1.461150677642e-04   -9.382190182805e-05    1.852364221122e-04
 114   -3.689564764500e-04   -1.787742512533e-04   -6.185933016241e-04   -1.573074987391e-04   -1.888810365926e-04    1.430170523236e-04   -9.830065391725e-05    1.808517554309e-04
 115   -3.698355576489e-04   -1.740984153003e-04   -6.187905091792e-04   -1.518399658380e-04   -1.938299828907e-04    1.402112538926e-04   -1.039913913701e-04    1.766445784597e-04
 116   -3.704311384354e-04   -1.709928037599e-04   -6.191412103362e-04   -1.479032653151e-04   -1.977542997338e-04    1.381139591103e-04   -1.086301199393e-04    1.734972756822e-04
 117   -3.710270393640e-04   -1.667740580160e-04   -6.192948785610e-04   -1.426303933840e-04   -2.018646628130e-04    1.358400477329e-04   -1.132344041253e-04    1.704608876025e-04
 118   -3.718061198015e-04   -1.606984733371e-04   -6.190610001795e-04   -1.355610875180e-04   -2.074820949929e-04    1.332643005298e-04   -1.191060000565e-04    1.670700148679e-04
 119   -3.718161897268e-04   -1.554305636091e-04   -6.177737959661e-04   -1.295215042774e-04   -2.117413387168e-04    1.302636228502e-04   -1.236785174115e-04    1.628329482628e-04
 120   -3.717333893292e-04   -1.511437876616e-04   -6.167214014567e-04   -1.244536833838e-04   -2.159324940294e-04    1.273262023460e-04   -1.283887104364e-04    1.584773999639e-04
 121   -3.716482897289e-04   -1.487565605203e-04   -6.163819925860e-04   -1.214906878886e-04   -2.196428540628e-04    1.256938849110e-04   -1.327826757915e-04    1.559785450809e-04
 122   -3.737533988897e-04   -1.452396536479e-04   -6.189433042891e-04   -1.166094880318e-04   -2.245427313028e-04    1.246488827746e-04   -1.370797399431e-04    1.544641418150e-04
 123   -3.753886267077e-04   -1.416213781340e-04   -6.207492551766e-04   -1.117857027566e-04   -2.296504244441e-04    1.237531541847e-04   -1.413350983057e-04    1.532757160021e-04
 124   -3.759540268220e-04   -1.384711940773e-04   -6.209014100023e-04   -1.077893466572e-04   -2.341328508919e-04    1.222722785315e-04   -1.453239674447e-04    1.510484435130e-04
 125   -3.759619430639e-04   -1.351805549348e-04   -6.204045494087e-04   -1.038326299749e-04   -2.401055244263e-04    1.202674175147e-04   -1.511857990408e-04    1.479348720750e-04
 126   -3.771974006668e-04   -1.316186535405e-04   -6.219075294212e-04   -9.954968118109e-05   -2.463548444211e-04    1.185146684293e-04   -1.573323679622e-04    1.451910356991e-04
 127   -3.793897049036e-04   -1.285429898417e-04   -6.249153520912e-04   -9.563339699525e-05   -2.500036207493e-04    1.169440874946e-04   -1.606108853593e-04    1.433043216821e-04
 128   -3.819303237833e-04   -1.259807613678e-04   -6.280490779318e-04   -9.214365127264e-05   -2.555569226388e-04    1.164783825516e-04   -1.654726220295e-04    1.431194104953e-04
 129   -3.815986274276e-04   -1.241538702743e-04   -6.270005833358e-04   -8.966739551397e-05   -2.611412201077e-04    1.156708603958e-04   -1.705449831206e-04    1.421878550900e-04
 130   -3.801566199400e-04   -1.210275586345e-04   -6.243645329960e-04   -8.629699004814e-05   -2.681777696125e-04    1.138278894359e-04   -1.772801624611e-04    1.393195270794e-04
 131   -3.794260555878e-04   -1.170775358332e-04   -6.227330304682e-04   -8.228294609580e-05   -2.744386147242e-04    1.116178536904e-04   -1.837454619817e-04    1.357375585940e-04
 132   -3.808545880020e-04   -1.126566785388e-04   -6.240378133953e-04   -7.762111636112e-05   -2.791797160171e-04    1.094188264688e-04   -1.884869707283e-04    1.328974904027e-04
 133   -3.829803026747e-04   -1.098832581192e-04   -6.265657139011e-04   -7.417190499837e-05   -2.836894418579e-04    1.088586286642e-04   -1.920869981404e-04    1.323963369941e-04
 134   -3.845501341857e-04   -1.075800537365e-04   -6.287657306530e-04   -7.115354674170e-05   -2.886532747652e-04    1.083859024220e-04   -1.952379097929e-04    1.317353016930e-04
 135   -3.845797618851e-04   -1.049584607244e-04   -6.294511840679e-04   -6.803917494835e-05   -2.948197361547e-04    1.071054866770e-04   -1.997666549869e-04    1.295230904361e-04
 136   -3.852436493617e-04   -1.027397302096e-04   -6.306268041953e-04   -6.508664228022e-05   -3.004673635587e-04    1.058864145307e-04   -2.045817818725e-04    1.273316593142e-04
 137   -3.870241052937e-04   -1.006246529869e-04   -6.328836316243e-04   -6.199368363013e-05   -3.053587570321e-04    1.049174825312e-04   -2.089510380756e-04    1.260971912416e-04
 138   -3.888685605489e-04   -9.827058966039e-05   -6.354078650475e-04   -5.855397830601e-05   -3.102589689661e-04    1.042773510562e-04   -2.126470935764e-04    1.252430520253e-04
 139   -3.900001465809e-04   -9.547442459734e-05   -6.374130025506e-04   -5.491857882589e-05   -3.155000158586e-04    1.033460066537e-04   -2.160775620723e-04    1.233884831890e-04
 140   -3.906293131877e-04   -9.226300608134e-05   -6.385557935573e-04   -5.120250352775e-05   -3.207353584003e-04    1.015934831230e-04   -2.198853180744e-04    1.202564817504e-04
 141   -3.915099659935e-04   -9.030634100782e-05   -6.399980047718e-04   -4.886160968454e-05   -3.248417342547e-04    1.003135766950e-04   -2.229426463600e-04    1.181844563689e-04
 142   -3.926398931071e-04   -8.839038491715e-05   -6.422656006180e-04   -4.649869879358e-05   -3.311128821224e-04    9.963445336325e-05   -2.279331092723e-04    1.174021308543e-04
 143   -3.930917300750e-04   -8.638280269224e-05   -6.442149751820e-04   -4.395675205160e-05   -3.360116097610e-04    9.915663395077e-05   -2.309304691153e-04    1.167206573882e-04
 144   -3.939522430301e-04   -8.457769581582e-05   -6.463698809966e-04   -4.133898619330e-05   -3.414194507059e-04    9.909935033647e-05   -2.342696679989e-04    1.159784224001e-04
 145   -3.959105524700e-04   -8.283017086796e-05   -6.495050620288e-04   -3.871140143019e-05   -3.457804559730e-04    9.870373469312e-05   -2.369507128606e-04    1.147354341811e-04
 146   -3.980419423897e-04   -8.077583333943e-05   -6.533084088005e-04   -3.607314283727e-05   -3.512587863952e-04    9.797574602999e-05   -2.407190186204e-04    1.136748396675e-04
 147   -3.984896466136e-04   -7.793475379003e-05   -6.554200663231e-04   -3.314590503578e-05   -3.564073995221e-04    9.682374366093e-05   -2.438626834191e-04    1.125953567680e-04
 148   -3.979724715464e-04   -7.544772233814e-05   -6.558294990100e-04   -3.055252091144e-05   -3.641633666120e-04    9.676453919383e-05   -2.495007647667e-04    1.127386567532e-04
 149   -3.984846407548e-04   -7.396118598990e-05   -6.567687378265e-04   -2.862018118321e-05   -3.696224594023e-04    9.713947656564e-05   -2.530791389290e-04    1.130979799200e-04
 150   -4.001670458820e-04   -7.248156180140e-05   -6.594833103009e-04   -2.654103991517e-05   -3.728818555828e-04    9.689513535704e-05   -2.547283365857e-04    1.124723130488e-04
 151   -4.020002088510e-04   -7.057658513077e-05   -6.634425371885e-04   -2.413788024569e-05   -3.775291843340e-04    9.613930160413e-05   -2.576030092314e-04    1.111877209041e-04
 152   -4.030759446323e-04   -6.847065378679e-05   -6.670628790744e-04   -2.146018960048e-05   -3.834507951979e-04    9.511956159258e-05   -2.613959659357e-04    1.097899948945e-04
 153   -4.031737335026e-04   -6.797388050472e-05   -6.694892654195e-04   -2.003758891078e-05   -3.911921230610e-04    9.543832857162e-05   -2.664017665666e-04    1.100257504731e-04
 154   -4.035196616314e-04   -6.739200762240e-05   -6.716141360812e-04   -1.847460225690e-05   -3.962186456192e-04    9.560545731802e-05   -2.682836202439e-04    1.100531080738e-04
 155   -4.044390807394e-04   -6.570778350579e-05   -6.739387172274e-04   -1.616162080609e-05   -4.028519324493e-04    9.559051977703e-05   -2.720916818362e-04    1.097369749914e-04
 156   -4.053345764987e-04   -6.374133954523e-05   -6.766603910364e-04   -1.366173455608e-05   -4.062556254212e-04    9.510968811810e-05   -2.731039712671e-04    1.088587086997e-04
 157   -4.065974499099e-04   -6.222421507118e-05   -6.803687429056e-04   -1.137998879130e-05   -4.114875919186e-04    9.435765241506e-05   -2.762127260212e-04    1.077733468264e-04
 158   -4.074960597791e-04   -6.198457413120e-05   -6.841394351795e-04   -1.033541775541e-05   -4.171108594164e-04    9.415407839697e-05   -2.791275619529e-04    1.070694634109e-04
 159   -4.081767110620e-04   -6.115178985056e-05   -6.877327687107e-04   -8.876013453119e-06   -4.228164325468e-04    9.402800060343e-05   -2.813414903358e-04    1.064901516656e-04
 160   -4.100716323592e-04   -5.946828605374e-05   -6.925144116394e-04   -6.555158051924e-06   -4.280557914171e-04    9.444005991099e-05   -2.830243611243e-04    1.070502621587e-04
 161   -4.111628804822e-04   -5.765073001385e-05   -6.962519255467e-04   -3.583239276850e-06   -4.337774589658e-04    9.437341941521e-05   -2.857010113075e-04    1.075498439604e-04
 162   -4.126079729758e-04   -5.757625694969e-05   -6.997395539656e-04   -2.312925744263e-06   -4.381860780995e-04    9.431715443498e-05   -2.876653161366e-04    1.073306702892e-04
 163   -4.112307797186e-04   -5.795564720756e-05   -7.003903156146e-04   -2.533453880460e-06   -4.458907060325e-04    9.394164953846e-05   -2.924853470176e-04    1.061439033947e-04
 164   -4.109017027076e-04   -5.801398219774e-05   -7.031271234155e-04   -3.153481884510e-06   -4.517574561760e-04    9.442871669307e-05   -2.942771534435e-04    1.061193106580e-04
 165   -4.120656230953e-04   -5.603687532130e-05   -7.079622009769e-04   -1.156082589659e-06   -4.559706139844e-04    9.465171751799e-05   -2.940102422144e-04    1.068711862899e-04
 166   -4.129456356168e-04   -5.373458407121e-05   -7.118670619093e-04    2.526621983634e-06   -4.608919552993e-04    9.446078183828e-05   -2.951039641630e-04    1.073264211300e-04
 167   -4.134959308431e-04   -5.234084528638e-05   -7.141404785216e-04    5.685319592885e-06   -4.668317269534e-04    9.348191088066e-05   -2.982782025356e-04    1.059398055077e-04
 168   -4.131813475396e-04   -5.204689296079e-05   -7.157286745496e-04    6.398239293048e-06   -4.738258430734e-04    9.262343519367e-05   -3.025352780242e-04    1.042526055244e-04
 169   -4.137929936405e-04   -5.135596802575e-05   -7.195757352747e-04    7.200676918728e-06   -4.793672706001e-04    9.217661863659e-05   -3.043586621061e-04    1.030976200127e-04
 170   -4.147948930040e-04   -4.966935011907e-05   -7.243370055221e-04    9.801397936826e-06   -4.834949213546e-04    9.204496745951e-05   -3.038857539650e-04    1.030924831866e-04
 171   -4.143192491028e-04   -4.913222073810e-05   -7.266381289810e-04    1.244321811100e-05   -4.887008690275e-04    9.262192907045e-05   -3.048789512832e-04    1.039189883159e-04
 172   -4.135218914598e-04   -4.823964991374e-05   -7.280034478754e-04    1.523358332634e-05   -4.949836875312e-04    9.169730765279e-05   -3.075966960751e-04    1.030161147355e-04
 173   -4.135607159697e-04   -4.827787051909e-05   -7.311223307624e-04    1.581453398103e-05   -5.017308285460e-04    9.184006921714e-05   -3.108231758233e-04    1.032933359966e-04
 174   -4.147670406383e-04   -4.863397771260e-05   -7.374148699455e-04    1.643385803618e-05   -5.082085845061e-04    9.329723980045e-05   -3.120313631371e-04    1.044692617143e-04
 175   -4.155041533522e-04   -4.776702553499e-05   -7.429627003148e-04    1.934331157827e-05   -5.135937244631e-04    9.348371531814e-05   -3.113584534731e-04    1.041264476953e-04
 176   -4.149902088102e-04   -4.649579204852e-05   -7.456456660293e-04    2.319533996342e-05   -5.188936484046e-04    9.214698366122e-05   -3.110636316705e-04    1.020488271024e-04
 177   -4.140585078858e-04   -4.494438326219e-05   -7.472270517610e-04    2.653694537003e-05   -5.238879239187e-04    9.061909804586e-05   -3.112520789728e-04    9.980933828047e-05
 178   -4.139936354477e-04   -4.316248305258e-05   -7.512687589042e-04    2.880320789700e-05   -5.293111898936e-04    9.011065412778e-05   -3.114468709100e-04    9.958284499589e-05
 179   -4.153389891144e-04   -4.359495869721e-05   -7.585847051814e-04    2.890867472161e-05   -5.350579158403e-04    9.194885205943e-05   -3.108170640189e-04    1.023101794999e-04
 180   -4.155376518611e-04   -4.570612145471e-05   -7.647973252460e-04    2.802901872201e-05   -5.418320652097e-04    9.349515312351e-05   -3.108219825663e-04    1.043312950060e-04
 181   -4.143823462073e-04   -4.833902494283e-05   -7.682504365221e-04    2.724095975282e-05   -5.483260611072e-04    9.408503683517e-05   -3.110765537713e-04    1.043383235810e-04
 182   -4.125523264520e-04   -4.824931966141e-05   -7.699460256845e-04    2.945039886981e-05   -5.540699930862e-04    9.343747660751e-05   -3.112633421551e-04    1.024771991069e-04
 183   -4.113762406632e-04   -4.620249455911e-05   -7.725759060122e-04    3.333162385388e-05   -5.593842361122e-04    9.331226465292e-05   -3.108356031589e-04    1.016618989524e-04
 184   -4.109565343242e-04   -4.543790782918e-05   -7.773205288686e-04    3.534595452948e-05   -5.643712938763e-04    9.397150279256e-05   -3.092850674875e-04    1.022261858452e-04
 185   -4.104516410735e-04   -4.784482007381e-05   -7.826134678908e-04    3.384891169844e-05   -5.706212832592e-04    9.484111797065e-05   -3.090877435170e-04    1.031555075315e-04
 186   -4.092524468433e-04   -5.041798067396e-05   -7.874317816459e-04    3.248564462410e-05   -5.766435642727e-04    9.490001684753e-05   -3.090236568823e-04    1.030782659655e-04
 187   -4.076271725353e-04   -5.021974357078e-05   -7.913004374132e-04    3.453618410276e-05   -5.822156672366e-04    9.482920722803e-05   -3.085742355324e-04    1.027735488606e-04
 188   -4.064521635883e-04   -4.740914664580e-05   -7.950935978442e-04    3.902157186531e-05   -5.881179822609e-04    9.479642176302e-05   -3.076853754465e-04    1.031905121636e-04
 189   -4.061169747729e-04   -4.577944491757e-05   -7.998095243238e-04    4.268217526260e-05   -5.945308948867e-04    9.520986350253e-05   -3.064192133024e-04    1.039411872625e-04
 190   -4.058457561769e-04   -4.633178104996e-05   -8.053408819251e-04    4.448676190805e-05   -6.005622562952e-04    9.549872629577e-05   -3.042962343898e-04    1.041403156705e-04
 191   -4.035140736960e-04   -4.758120121551e-05   -8.097355021164e-04    4.538204302662e-05   -6.060329033062e-04    9.549613605486e-05   -3.016738628503e-04    1.037512120092e-04
 192   -4.004977236036e-04   -4.745316618937e-05   -8.139071287587e-04    4.710470238933e-05   -6.100152386352e-04    9.451559890294e-05   -2.974669914693e-04    1.023673175951e-04
 193   -3.980402252637e-04   -4.706754407380e-05   -8.182462188415e-04    4.912222357234e-05   -6.157295429148e-04    9.394459630130e-05   -2.947190369014e-04    1.014651788864e-04
 194   -3.962219052482e-04   -4.703611921286e-05   -8.228282677010e-04    5.147167030373e-05   -6.232772138901e-04    9.449332719669e-05   -2.931811031885e-04    1.012020147755e-04
 195   -3.938329755329e-04   -4.690212881542e-05   -8.265129290521e-04    5.397978384281e-05   -6.304056732915e-04    9.499776933808e-05   -2.912367926911e-04    1.006516249618e-04
 196   -3.895828558598e-04   -4.682633880293e-05   -8.288161479868e-04    5.584326208918e-05   -6.360542611219e-04    9.420778951608e-05   -2.880220708903e-04    9.908004722092e-05
 197   -3.844346210826e-04   -4.797796282219e-05   -8.315965533257e-04    5.654250344378e-05   -6.418402190320e-04    9.299362136517e-05   -2.842435496859e-04    9.760454850039e-05
 198   -3.804586594924e-04   -4.981768506696e-05   -8.361441432498e-04    5.725349183194e-05   -6.493792170659e-04    9.285968553741e-05   -2.817751665134e-04    9.759097883943e-05
 199   -3.774966171477e-04   -5.207342837821e-05   -8.415353368036e-04    5.812487142975e-05   -6.573741557077e-04    9.506758942734e-05   -2.796660701279e-04    1.000008487608e-04
 200   -3.736872458830e-04   -5.356582914828e-05   -8.459158125333e-04    5.909501487622e-05   -6.641094223596e-04    9.715842315927e-05   -2.761633368209e-04    1.024572411552e-04
 201   -3.688184951898e-04   -5.421133755590e-05   -8.486613514833e-04    6.074684642954e-05   -6.688412977383e-04    9.696534834802e-05   -2.707639068831e-04    1.021591888275e-04
 202   -3.631240106188e-04   -5.456819417304e-05   -8.514325018041e-04    6.331727490760e-05   -6.755758658983e-04    9.549827518640e-05   -2.662893966772e-04    1.002778299153e-04
 203   -3.575291775633e-04   -5.519361002371e-05   -8.553488296457e-04    6.606357055716e-05   -6.841068970971e-04    9.533695265418e-05   -2.626750792842e-04    1.001509299385e-04
 204   -3.535479481798e-04   -5.627622158499e-05   -8.610496879555e-04    6.822151044616e-05   -6.910142255947e-04    9.705616685096e-05   -2.575129037723e-04    1.024972661980e-04
 205   -3.509584930725e-04   -5.741370114265e-05   -8.676087018102e-04    7.017276948318e-05   -6.954994751140e-04    9.805661829887e-05   -2.500877890270e-04    1.040858987835e-04
 206   -3.483057953417e-04   -5.846254498465e-05   -8.742042700760e-04    7.270350033650e-05   -6.997481104918e-04    9.719763329485e-05   -2.418013027636e-04    1.028001424856e-04
 207   -3.436833212618e-04   -6.004178067087e-05   -8.799512288533e-04    7.506483962061e-05   -7.063218508847e-04    9.659682109486e-05   -2.347408444621e-04    1.009972329484e-04
 208   -3.359230177011e-04   -6.201361975400e-05   -8.843312389217e-04    7.617654046044e-05   -7.156990468502e-04    9.682714880910e-05   -2.298375329701e-04    1.008447288768e-04
 209   -3.280144592281e-04   -6.414908420993e-05   -8.882542606443e-04    7.632372580701e-05   -7.231560884975e-04    9.710433369037e-05   -2.241441106889e-04    1.019611372612e-04
 210   -3.218607162125e-04   -6.647966802120e-05   -8.931040647440e-04    7.667363388464e-05   -7.284027524292e-04    9.652181324782e-05   -2.165877376683e-04    1.021874340950e-04
 211   -3.168994153384e-04   -6.831753125880e-05   -8.990442729555e-04    7.873084541643e-05   -7.321790908463e-04    9.557526936987e-05   -2.068774920190e-04    1.006641978165e-04
 212   -3.100966569036e-04   -6.921914609848e-05   -9.047374478541e-04    8.190204971470e-05   -7.379494491033e-04    9.497231076239e-05   -1.978352229344e-04    9.890895307763e-05
 213   -3.005276666954e-04   -6.987217057031e-05   -9.089295635931e-04    8.476876246277e-05   -7.461590575986e-04    9.532581316307e-05   -1.906374236569e-04    9.863413288258e-05
 214   -2.907430462074e-04   -7.107659621397e-05   -9.121429757215e-04    8.714618888916e-05   -7.546558044851e-04    9.646591934143e-05   -1.833747519413e-04    9.934347326634e-05
 215   -2.826082345564e-04   -7.267553883139e-05   -9.156792075373e-04    8.965883898782e-05   -7.619309471920e-04    9.777914237930e-05   -1.740648003761e-04    1.002017233986e-04
 216   -2.749534614850e-04   -7.439912587870e-05   -9.205518290401e-04    9.186212264467e-05   -7.686400203966e-04    9.845210297499e-05   -1.634234795347e-04    1.011518106679e-04
 217   -2.660050231498e-04   -7.682074647164e-05   -9.268600260839e-04    9.354763460578e-05   -7.766271592118e-04    9.890650835587e-05   -1.532653404865e-04    1.018382172333e-04
 218   -2.566860348452e-04   -7.952922169352e-05   -9.334344649687e-04    9.636530739954e-05   -7.844732608646e-04    9.861845319392e-05   -1.427800307283e-04    1.007002065307e-04
 219   -2.471792977303e-04   -8.193557732739e-05   -9.388970211148e-04    1.009220140986e-04   -7.923476514407e-04    9.794897050597e-05   -1.317373826168e-04    9.780205436982e-05
 220   -2.374459290877e-04   -8.338283078047e-05   -9.432470542379e-04    1.050953942467e-04   -7.993846083991e-04    9.609879634809e-05   -1.200289334520e-04    9.466835035710e-05
 221   -2.273368736496e-04   -8.555490785511e-05   -9.493516990915e-04    1.057690678863e-04   -8.072424679995e-04    9.416414832231e-05   -1.090049991035e-04    9.379833500134e-05
 222   -2.171509404434e-04   -8.934192010202e-05   -9.580507175997e-04    1.043273805408e-04   -8.168313652277e-04    9.384526492795e-05   -9.869577479549e-05    9.523009066470e-05
 223   -2.067427412840e-04   -9.429643978365e-05   -9.660669602454e-04    1.049497732311e-04   -8.266670629382e-04    9.560063335812e-05   -8.683982741786e-05    9.706419223221e-05
 224   -1.952192833414e-04   -9.918275463860e-05   -9.707399294712e-04    1.088845165214e-04   -8.348744595423e-04    9.761376713868e-05   -7.203136919998e-05    9.763630805537e-05
 225   -1.820081379265e-04   -1.033833832480e-04   -9.739494416863e-04    1.127768191509e-04   -8.418532670476e-04    9.791975753615e-05   -5.580147262663e-05    9.797857637750e-05
 226   -1.669379271334e-04   -1.070597427315e-04   -9.787547169253e-04    1.134075791924e-04   -8.503611898050e-04    9.713925828692e-05   -4.104719846509e-05    9.948822116712e-05
 227   -1.508845161879e-04   -1.100723748095e-04   -9.837781544775e-04    1.134264311986e-04   -8.597894920968e-04    9.700202645035e-05   -2.802970084304e-05    1.009042316582e-04
 228   -1.335336128250e-04   -1.127163923229e-04   -9.859824785963e-04    1.160669417004e-04   -8.701064507477e-04    9.800287079997e-05   -1.474610053265e-05    1.009963089018e-04
 229   -1.171299154521e-04   -1.157757724286e-04   -9.871673537418e-04    1.211876297020e-04   -8.783476660028e-04    9.784571011551e-05    2.379692887189e-06    9.916101407725e-05
 230   -1.017167451209e-04   -1.197436940856e-04   -9.914023103192e-04    1.247521722689e-04   -8.855119813234e-04    9.538076847093e-05    2.239306741103e-05    9.658792987466e-05
 231   -8.483417332172e-05   -1.238698023371e-04   -9.977000299841e-04    1.253570662811e-04   -8.935851510614e-04    9.192824654747e-05    4.167493534624e-05    9.474215039518e-05
 232   -6.433883390855e-05   -1.280757278437e-04   -1.000931835733e-03    1.254362432519e-04   -9.038510615937e-04    8.998806151794e-05    5.800997678307e-05    9.411695646122e-05
 233   -4.225053271512e-05   -1.334725529887e-04   -1.001011580229e-03    1.268000778509e-04   -9.146354859695e-04    9.071217937162e-05    7.402379560517e-05    9.482831956120e-05
 234   -2.257172491227e-05   -1.400346518494e-04   -1.004377962090e-03    1.291279477300e-04   -9.243437671103e-04    9.224333916791e-05    9.447761840420e-05    9.575686272001e-05
 235   -5.630535270029e-06   -1.465513778385e-04   -1.013580826111e-03    1.323270407738e-04   -9.321562829427e-04    9.197843610309e-05    1.206701781484e-04    9.495956328465e-05
 236    1.385960604239e-05   -1.522400416434e-04   -1.022442127578e-03    1.353403204121e-04   -9.421917493455e-04    9.150144614978e-05    1.459755148971e-04    9.463041351410e-05
 237    3.672004459077e-05   -1.577452349011e-04   -1.026441343129e-03    1.375561405439e-04   -9.541119798087e-04    9.192228026222e-05    1.666639000177e-04    9.545438661007e-05
 238    5.971418067929e-05   -1.633482752368e-04   -1.030001556501e-03    1.383668859489e-04   -9.650902939029e-04    9.208473056788e-05    1.869085099315e-04    9.590441186447e-05
 239    8.086972229648e-05   -1.687146723270e-04   -1.038158778101e-03    1.390151883243e-04   -9.729149169289e-04    8.982195868157e-05    2.136653638445e-04    9.358560055261e-05
 240    1.030368512147e-04   -1.752945390763e-04   -1.047757221386e-03    1.404245704180e-04   -9.801584528759e-04    8.645682100905e-05    2.449451421853e-04    8.977125980891e-05
 241    1.295081019634e-04   -1.842518686317e-04   -1.052308711223e-03    1.428922842024e-04   -9.912843815982e-04    8.519062248524e-05    2.722051285673e-04    8.818914648145e-05
 242    1.589736639289e-04   -1.939287176356e-04   -1.053045154549e-03    1.459557388443e-04   -1.005575875752e-03    8.646092464915e-05    2.937744429801e-04    8.920163236326e-05
 243    1.878753246274e-04   -2.014161000261e-04   -1.057107117958e-03    1.494838215876e-04   -1.017812755890e-03    8.667645306559e-05    3.187938127667e-04    8.893593621906e-05
 244    2.151741791749e-04   -2.079032274196e-04   -1.065565273166e-03    1.516745978734e-04   -1.025839708745e-03    8.405949483858e-05    3.517226141412e-04    8.512251224602e-05
 245    2.466179721523e-04   -2.159035502700e-04   -1.071877661161e-03    1.512673770776e-04   -1.036544563249e-03    8.071902993834e-05    3.853199887089e-04    8.166577754309e-05
 246    2.810680889525e-04   -2.257268934045e-04   -1.072891405784e-03    1.511205919087e-04   -1.050668652169e-03    8.017312939046e-05    4.130122542847e-04    8.138515840983e-05
 247    3.151776618324e-04   -2.339810889680e-04   -1.074572675861e-03    1.550015585963e-04   -1.064256299287e-03    8.117500692606e-05    4.403466882650e-04    8.283900388051e-05
 248    3.472960379440e-04   -2.396784111625e-04   -1.082604867406e-03    1.619430695428e-04   -1.074601779692e-03    7.966206612764e-05    4.760570300277e-04    8.222745964304e-05
 249    3.800587728620e-04   -2.460927062202e-04   -1.093689119443e-03    1.674270315561e-04   -1.084746327251e-03    7.407715747831e-05    5.186012713239e-04    7.875582377892e-05
 250    4.162082041148e-04   -2.560268330853e-04   -1.101682777517e-03    1.697348925518e-04   -1.098952605389e-03    6.923372711753e-05    5.581407458521e-04    7.554811600130e-05
 251    4.536290653050e-04   -2.685070212465e-04   -1.107287476771e-03    1.707894552965e-04   -1.114701968618e-03    6.851957732579e-05    5.920093390159e-04    7.487690891139e-05
 252    4.892902798019e-04   -2.805233816616e-04   -1.114013837650e-03    1.737949642120e-04   -1.126372138970e-03    6.989871326368e-05    6.270774174482e-04    7.490452844650e-05
 253    5.275337607600e-04   -2.898764505517e-04   -1.121003646404e-03    1.780262973625e-04   -1.136578386649e-03    6.838798435638e-05    6.695999763906e-04    7.383777119685e-05
 254    5.705047515221e-04   -2.975710667670e-04   -1.125131384470e-03    1.825400540838e-04   -1.148621900938e-03    6.373987707775e-05    7.159900851548e-04    7.055336027406e-05
 255    6.177627947181e-04   -3.059066657443e-04   -1.127683790401e-03    1.863616926130e-04   -1.164091867395e-03    5.978883200441e-05    7.606403669342e-04    6.697743083350e-05
 256    6.646175170317e-04   -3.162979555782e-04   -1.132425968535e-03    1.896896428661e-04   -1.178761362098e-03    5.802412852063e-05    8.045072318055e-04    6.391680653905e-05
 257    7.094073807821e-04   -3.271716996096e-04   -1.139150816016e-03    1.949263678398e-04   -1.189061440527e-03    5.516503006220e-05    8.529479382560e-04    6.004721581121e-05
 258    7.561285747215e-04   -3.372473292984e-04   -1.143919304013e-03    2.023636334343e-04   -1.199266291223e-03    4.977654680260e-05    9.061063756235e-04    5.620172305498e-05
 259    8.002850227058e-04   -3.469544171821e-04   -1.146855298430e-03    2.104710292770e-04   -1.207049586810e-03    4.463632649276e-05    9.580415789969e-04    5.345615500119e-05
 260    8.598340791650e-04   -3.580389893614e-04   -1.153616583906e-03    2.117482363246e-04   -1.230372930877e-03    4.148674270255e-05    1.008174847811e-03    5.406939817476e-05
 261    9.154817671515e-04   -3.717318468262e-04   -1.161744003184e-03    2.099056437146e-04   -1.247661886737e-03    3.771136834985e-05    1.059247879311e-03    5.258358214633e-05
 262    9.638731717132e-04   -3.860387078021e-04   -1.159086939879e-03    2.079325931845e-04   -1.250864122994e-03    3.249368819525e-05    1.105701550841e-03    5.036172296968e-05
 263    1.000567805022e-03   -3.932794497814e-04   -1.140547217801e-03    2.069084875984e-04   -1.236140960827e-03    2.728556319198e-05    1.141308574006e-03    4.889757110504e-05
 264    1.061916933395e-03   -4.101617087144e-04   -1.146281952970e-03    2.144356549252e-04   -1.248013344593e-03    2.714082802413e-05    1.201824401505e-03    5.004174818168e-05
 265    1.147227711044e-03   -4.197604430374e-04   -1.172773656435e-03    2.212835534010e-04   -1.287604449317e-03    2.211126775364e-05    1.282715238631e-03    4.285920658731e-05
 266    1.221385202371e-03   -4.366500943433e-04   -1.187245710753e-03    2.263888600282e-04   -1.314624911174e-03    1.608634556760e-05    1.355306594633e-03    3.749919778784e-05
 267    1.279182615690e-03   -4.544416442513e-04   -1.186402048916e-03    2.280548214912e-04   -1.322101219557e-03    1.245762268809e-05    1.413895050064e-03    3.581281998777e-05
 268    1.348833786324e-03   -4.746486083604e-04   -1.194138778374e-03    2.331266150577e-04   -1.339149894193e-03    1.235164290847e-05    1.486252760515e-03    3.911602834705e-05
 269    1.395571161993e-03   -4.827442171518e-04   -1.182996900752e-03    2.360621729167e-04   -1.333121792413e-03    1.049108141160e-05    1.529049826786e-03    3.791139897658e-05
 270    1.484340755269e-03   -4.965921398252e-04   -1.197488047183e-03    2.461869153194e-04   -1.362843089737e-03    3.241402964704e-06    1.613227999769e-03    2.709535510803e-05
 271    1.569427666254e-03   -5.124533781782e-04   -1.202342798933e-03    2.552112564445e-04   -1.383265829645e-03   -9.597773896530e-06    1.692697987892e-03    1.555337803438e-05
 272    1.683649956249e-03   -5.376751651056e-04   -1.220495556481e-03    2.629466471262e-04   -1.425568945706e-03   -1.595733374415e-05    1.800382160582e-03    1.496892400610e-05
 273    1.782950828783e-03   -5.604967009276e-04   -1.226469059475e-03    2.709762775339e-04   -1.453167758882e-03   -1.508949117124e-05    1.892751315609e-03    1.909784441523e-05
 274    1.864823861979e-03   -5.734561709687e-04   -1.224602689035e-03    2.821322123054e-04   -1.466229674406e-03   -1.608189631952e-05    1.971410587430e-03    1.560369491926e-05
 275    1.958613051102e-03   -5.913208588026e-04   -1.237796735950e-03    3.006506303791e-04   -1.488494221121e-03   -2.496787055861e-05    2.068302361295e-03    5.837345725013e-06
 276    2.038949169219e-03   -6.059478037059e-04   -1.232832670212e-03    2.998532145284e-04   -1.497432822362e-03   -3.708976146299e-05    2.140494063497e-03   -4.113158169616e-08
 277    2.145288977772e-03   -6.310784374364e-04   -1.237569493242e-03    2.981340221595e-04   -1.521581201814e-03   -4.593567791744e-05    2.233938779682e-03    1.648391730669e-06
 278    2.265715273097e-03   -6.565462099388e-04   -1.243233680725e-03    3.056374553125e-04   -1.555487629957e-03   -5.315852104104e-05    2.338049933314e-03   -2.248683358630e-06
 279    2.384433289990e-03   -6.763563142158e-04   -1.248226035386e-03    3.279077063780e-04   -1.585350721143e-03   -6.295661296463e-05    2.449312945828e-03   -1.594977038621e-05
 280    2.494990825653e-03   -6.937738507986e-04   -1.252250396647e-03    3.500367165543e-04   -1.604108605534e-03   -7.620264659636e-05    2.559133805335e-03   -3.127455784124e-05
 281    2.609580988064e-03   -7.193828932941e-04   -1.258982461877e-03    3.591449640226e-04   -1.624741824344e-03   -8.989790512715e-05    2.669030800462e-03   -3.934506821679e-05
 282    2.729136729613e-03   -7.512271986343e-04   -1.263559213839e-03    3.557119343895e-04   -1.651621540077e-03   -9.830092312768e-05    2.775484463200e-03   -4.149147571297e-05
 283    2.849733689800e-03   -7.816660217941e-04   -1.265544327907e-03    3.558831231203e-04   -1.677971798927e-03   -1.005401645671e-04    2.883870154619e-03   -4.435473238118e-05
 284    2.977744676173e-03   -8.062543929555e-04   -1.269333646633e-03    3.684526018333e-04   -1.702192006633e-03   -1.027070102282e-04    3.007847582921e-03   -5.035201320425e-05
 285    3.111752448604e-03   -8.285350049846e-04   -1.274962560274e-03    3.859439166263e-04   -1.721401233226e-03   -1.099935616367e-04    3.142690751702e-03   -5.686773511115e-05
 286    3.249586792663e-03   -8.568493649364e-04   -1.280236989260e-03    3.959514433518e-04   -1.740680891089e-03   -1.197147867060e-04    3.278797259554e-03   -6.239626236493e-05
 287    3.389166202396e-03   -8.945450535975e-04   -1.284636324272e-03    3.982085909229e-04   -1.763418898918e-03   -1.263466547243e-04    3.412041114643e-03   -6.811688945163e-05
 288    3.533504204825e-03   -9.333351044916e-04   -1.290352083743e-03    4.030116542708e-04   -1.789591391571e-03   -1.317294372711e-04    3.547328757122e-03   -7.560782250948e-05
 289    3.684232942760e-03   -9.641404612921e-04   -1.297842827626e-03    4.173021879978e-04   -1.815606257878e-03   -1.413645222783e-04    3.690228331834e-03   -8.357453771168e-05
 290    3.835652256384e-03   -9.887490887195e-04   -1.305112033151e-03    4.367210203782e-04   -1.836439012550e-03   -1.549215812702e-04    3.837651805952e-03   -9.064494224731e-05
 291    3.991965670139e-03   -1.018844312057e-03   -1.312549924478e-03    4.523663956206e-04   -1.856224262156e-03   -1.652907376410e-04    3.993634600192e-03   -9.833834337769e-05
 292    4.154441878200e-03   -1.056364970282e-03   -1.319049391896e-03    4.619752289727e-04   -1.874695532024e-03   -1.731348893372e-04    4.153426270932e-03   -1.086145930458e-04
 293    4.328654613346e-03   -1.094298320822e-03   -1.322724157944e-03    4.695688840002e-04   -1.897064270452e-03   -1.850077242125e-04    4.314085002989e-03   -1.217323006131e-04
 294    4.512130748481e-03   -1.128831063397e-03   -1.323526026681e-03    4.777181893587e-04   -1.926613040268e-03   -2.027880545938e-04    4.474366549402e-03   -1.346970093437e-04
 295    4.699263721704e-03   -1.164112822153e-03   -1.324628014117e-03    4.872789140791e-04   -1.959600485861e-03   -2.193577383878e-04    4.640054889023e-03   -1.453202712582e-04
 296    4.888264462352e-03   -1.203673775308e-03   -1.328944810666e-03    5.005854181945e-04   -1.986937364563e-03   -2.284045767738e-04    4.819707944989e-03   -1.548341533635e-04
 297    5.081303417683e-03   -1.244820887223e-03   -1.336111454293e-03    5.190913216211e-04   -2.004918642342e-03   -2.327004913241e-04    5.013087298721e-03   -1.648889738135e-04
 298    5.277234129608e-03   -1.283144461922e-03   -1.341788214631e-03    5.402678507380e-04   -2.020490122959e-03   -2.416273637209e-04    5.204394459724e-03   -1.763182226568e-04
 299    5.484247114509e-03   -1.323039294221e-03   -1.346713863313e-03    5.588741623797e-04   -2.049582079053e-03   -2.577121776994e-04    5.393808241934e-03   -1.897769252537e-04
 300    5.698995199054e-03   -1.365474192426e-03   -1.352201099508e-03    5.729384720325e-04   -2.085749991238e-03   -2.767110709101e-04    5.585770588368e-03   -2.042714622803e-04
 301    5.920359399170e-03   -1.410878612660e-03   -1.358324661851e-03    5.852996255271e-04   -2.116704359651e-03   -2.922531275544e-04    5.790694616735e-03   -2.171179221477e-04
 302    6.143913604319e-03   -1.457553124055e-03   -1.363809686154e-03    6.022673915140e-04   -2.139594173059e-03   -3.028154606000e-04    6.006370764226e-03   -2.270511322422e-04
 303    6.367036141455e-03   -1.504019019194e-03   -1.370229641907e-03    6.273291655816e-04   -2.160491887480e-03   -3.133834688924e-04    6.225297693163e-03   -2.373268071096e-04
 304    6.594765931368e-03   -1.550190849230e-03   -1.379447872750e-03    6.552530685440e-04   -2.184807788581e-03   -3.272945468780e-04    6.447527091950e-03   -2.521744463593e-04
 305    6.831015460193e-03   -1.595020759851e-03   -1.387725467794e-03    6.772992201149e-04   -2.209408907220e-03   -3.444405156188e-04    6.673236377537e-03   -2.687342057470e-04
 306    7.085335906595e-03   -1.645256415941e-03   -1.393973827362e-03    6.921089370735e-04   -2.238427056000e-03   -3.579698095564e-04    6.910413037986e-03   -2.820628578775e-04
 307    7.343056146055e-03   -1.699783373624e-03   -1.398699823767e-03    7.089431746863e-04   -2.264394192025e-03   -3.665025287773e-04    7.151845376939e-03   -2.921444829553e-04
 308    7.600648794323e-03   -1.754681696184e-03   -1.406382536516e-03    7.351895910688e-04   -2.285728463903e-03   -3.783951688092e-04    7.398113142699e-03   -3.106401418336e-04
 309    7.867678068578e-03   -1.806129934266e-03   -1.415708451532e-03    7.662869174965e-04   -2.308028051630e-03   -4.023687797599e-04    7.651069667190e-03   -3.427936753724e-04
 310    8.152581751347e-03   -1.856562565081e-03   -1.420071697794e-03    7.913440931588e-04   -2.339563565329e-03   -4.315063415561e-04    7.908711209893e-03   -3.734358760994e-04
 311    8.447763510048e-03   -1.912651234306e-03   -1.417980645783e-03    8.081682026386e-04   -2.377461176366e-03   -4.495507164393e-04    8.170804008842e-03   -3.863913298119e-04
 312    8.737497031689e-03   -1.973619451746e-03   -1.415061880834e-03    8.239882299677e-04   -2.406163606793e-03   -4.533960309345e-04    8.439134806395e-03   -3.863039892167e-04
 313    9.036377072334e-03   -2.038374543190e-03   -1.419652835466e-03    8.424472180195e-04   -2.427277155221e-03   -4.570777236950e-04    8.725884370506e-03   -3.982855414506e-04
 314    9.349283762276e-03   -2.097660908476e-03   -1.424355898052e-03    8.627432980575e-04   -2.444876823574e-03   -4.760123556480e-04    9.020457975566e-03   -4.267443437129e-04
 315    9.674970060587e-03   -2.150158630684e-03   -1.423074863851e-03    8.869305602275e-04   -2.467100974172e-03   -5.064469296485e-04    9.314674884081e-03   -4.567869764287e-04
 316    1.000072900206e-02   -2.202641451731e-03   -1.421130262315e-03    9.182792273350e-04   -2.494449028745e-03   -5.330671556294e-04    9.607928805053e-03   -4.766008059960e-04
 317    1.032104808837e-02   -2.262836089358e-03   -1.429162453860e-03    9.527362417430e-04   -2.522507915273e-03   -5.495570949279e-04    9.908046573400e-03   -4.930850700475e-04
 318    1.064780633897e-02   -2.332234987989e-03   -1.444531138986e-03    9.807561291382e-04   -2.551312558353e-03   -5.624267505482e-04    1.021903660148e-02   -5.161473527551e-04
 319    1.098977588117e-02   -2.401948906481e-03   -1.450880663469e-03    1.002130797133e-03   -2.577316015959e-03   -5.821915110573e-04    1.053118985146e-02   -5.397956119850e-04
 320    1.135751511902e-02   -2.472176449373e-03   -1.450648764148e-03    1.023270539008e-03   -2.606814261526e-03   -6.029240321368e-04    1.085262652487e-02   -5.588737549260e-04
 321    1.172452885658e-02   -2.540415385738e-03   -1.455780118704e-03    1.050910213962e-03   -2.630154835060e-03   -6.187525577843e-04    1.118264254183e-02   -5.721633206122e-04
 322    1.208067871630e-02   -2.610569121316e-03   -1.473530079238e-03    1.081478898413e-03   -2.649927744642e-03   -6.304759881459e-04    1.152534503490e-02   -5.908128805459e-04
 323    1.243960950524e-02   -2.682322636247e-03   -1.492000650615e-03    1.111864228733e-03   -2.675568684936e-03   -6.460883305408e-04    1.187627576292e-02   -6.181041826494e-04
 324    1.282110996544e-02   -2.754159271717e-03   -1.499627949670e-03    1.141495886259e-03   -2.707354025915e-03   -6.663359235972e-04    1.223045215011e-02   -6.436018156819e-04
 325    1.322186924517e-02   -2.827153773978e-03   -1.502930652350e-03    1.170425675809e-03   -2.732062246650e-03   -6.842673174106e-04    1.259153150022e-02   -6.618461920880e-04
 326    1.361412927508e-02   -2.897694706917e-03   -1.512446790002e-03    1.201335573569e-03   -2.736945170909e-03   -7.004590006545e-04    1.295993756503e-02   -6.805812008679e-04
 327    1.400390919298e-02   -2.968693384901e-03   -1.530791400000e-03    1.234971336089e-03   -2.745107514784e-03   -7.164162816480e-04    1.334020588547e-02   -7.145921117626e-04
 328    1.439656410366e-02   -3.034326713532e-03   -1.546376384795e-03    1.276357914321e-03   -2.766846446320e-03   -7.407962111756e-04    1.371568627656e-02   -7.541111554019e-04
 329    1.480694673955e-02   -3.100503236055e-03   -1.557516749017e-03    1.324068638496e-03   -2.796155866235e-03   -7.725354516879e-04    1.408852823079e-02   -7.896273746155e-04
 330    1.523153204471e-02   -3.175034420565e-03   -1.573244808242e-03    1.372291706502e-03   -2.813248662278e-03   -8.037633961067e-04    1.447624433786e-02   -8.225307101384e-04
 331    1.565768755972e-02   -3.255602903664e-03   -1.596909482032e-03    1.418051775545e-03   -2.814310137182e-03   -8.281918126158e-04    1.488959789276e-02   -8.581866277382e-04
 332    1.608089916408e-02   -3.330409293994e-03   -1.622254145332e-03    1.463110791519e-03   -2.816107822582e-03   -8.465058635920e-04    1.531717460603e-02   -8.928063325584e-04
 333    1.650301925838e-02   -3.390295431018e-03   -1.638282556087e-03    1.513191615231e-03   -2.822236856446e-03   -8.690501563251e-04    1.573461666703e-02   -9.201565408148e-04
 334    1.695002987981e-02   -3.452101722360e-03   -1.648248988204e-03    1.568524632603e-03   -2.838520100340e-03   -8.990968344733e-04    1.614823937416e-02   -9.577241144143e-04
 335    1.741397753358e-02   -3.522682236508e-03   -1.655821455643e-03    1.624579192139e-03   -2.851377939805e-03   -9.377783862874e-04    1.656426675618e-02   -1.007475890219e-03
 336    1.788590848446e-02   -3.601659089327e-03   -1.665399293415e-03    1.673660357483e-03   -2.865615999326e-03   -9.743298287503e-04    1.699446141720e-02   -1.057468354702e-03
 337    1.835413463414e-02   -3.678405191749e-03   -1.680510351434e-03    1.714556827210e-03   -2.880995860323e-03   -1.000856980681e-03    1.743965223432e-02   -1.092801569030e-03
 338    1.881436444819e-02   -3.745357505977e-03   -1.702428213321e-03    1.757944119163e-03   -2.885640133172e-03   -1.020904979669e-03    1.789106428623e-02   -1.116622355767e-03
 339    1.927459239960e-02   -3.806357271969e-03   -1.726803136989e-03    1.813898445107e-03   -2.876196987927e-03   -1.049007638358e-03    1.834019087255e-02   -1.148522133008e-03
 340    1.974515430629e-02   -3.864811034873e-03   -1.745417946950e-03    1.877858885564e-03   -2.862728200853e-03   -1.095280982554e-03    1.878282055259e-02   -1.188527210616e-03
 341    2.024812065065e-02   -3.934062551707e-03   -1.762210857123e-03    1.932681421749e-03   -2.867716830224e-03   -1.142729772255e-03    1.924669183791e-02   -1.227611559443e-03
 342    2.075526677072e-02   -4.001820459962e-03   -1.787996036001e-03    1.971675083041e-03   -2.871890785173e-03   -1.172731979750e-03    1.972702890635e-02   -1.245661056601e-03
 343    2.124609239399e-02   -4.061795771122e-03   -1.830111257732e-03    2.009635325521e-03   -2.860794076696e-03   -1.184432068840e-03    2.020795457065e-02   -1.256921328604e-03
 344    2.172593772411e-02   -4.116854630411e-03   -1.879586488940e-03    2.067273948342e-03   -2.841940382496e-03   -1.200967119075e-03    2.067863009870e-02   -1.287624589168e-03
 345    2.222000434995e-02   -4.172552376986e-03   -1.921216142364e-03    2.142807003111e-03   -2.829512814060e-03   -1.237286254764e-03    2.115270495415e-02   -1.334767090157e-03
 346    2.273662947118e-02   -4.229153972119e-03   -1.954951789230e-03    2.213582396507e-03   -2.822404727340e-03   -1.276547205634e-03    2.164857834578e-02   -1.367742661387e-03
 347    2.325275912881e-02   -4.273911938071e-03   -1.986895687878e-03    2.264879178256e-03   -2.806808101013e-03   -1.298869727179e-03    2.214341796935e-02   -1.366987708025e-03
 348    2.377624996006e-02   -4.318708553910e-03   -2.028876915574e-03    2.308828756213e-03   -2.797738416120e-03   -1.306787598878e-03    2.262395247817e-02   -1.368160359561e-03
 349    2.429669350386e-02   -4.365145228803e-03   -2.071609953418e-03    2.366087865084e-03   -2.790567232296e-03   -1.326472964138e-03    2.308730222285e-02   -1.393614336848e-03
 350    2.481900155544e-02   -4.416375420988e-03   -2.109327353537e-03    2.441524062306e-03   -2.778399968520e-03   -1.363256713375e-03    2.357140742242e-02   -1.435873913579e-03
 351    2.533789537847e-02   -4.461189266294e-03   -2.149296458811e-03    2.522978000343e-03   -2.753043547273e-03   -1.398238586262e-03    2.409154176712e-02   -1.466625719331e-03
 352    2.584984153509e-02   -4.483669530600e-03   -2.200803952292e-03    2.600403735414e-03   -2.721047261730e-03   -1.423755078577e-03    2.461697347462e-02   -1.477773650549e-03
 353    2.636435814202e-02   -4.482876043767e-03   -2.260633977130e-03    2.676130272448e-03   -2.693597227335e-03   -1.455148332752e-03    2.511650137603e-02   -1.484539243393e-03
 354    2.688100002706e-02   -4.467637743801e-03   -2.311111195013e-03    2.755757188424e-03   -2.658270066604e-03   -1.504739047959e-03    2.559854090214e-02   -1.492413925007e-03
 355    2.742427587509e-02   -4.468603525311e-03   -2.356954151765e-03    2.837582025677e-03   -2.618710277602e-03   -1.549768494442e-03    2.611146867275e-02   -1.503574778326e-03
 356    2.796139940619e-02   -4.469342995435e-03   -2.405041363090e-03    2.923787571490e-03   -2.564863301814e-03   -1.576962298714e-03    2.664873562753e-02   -1.507761422545e-03
 357    2.848939225078e-02   -4.450609907508e-03   -2.460807794705e-03    3.019838128239e-03   -2.513717161492e-03   -1.598482369445e-03    2.717604301870e-02   -1.511652022600e-03
 358    2.902487106621e-02   -4.409383051097e-03   -2.516121603549e-03    3.122727852315e-03   -2.477279165760e-03   -1.631019636989e-03    2.767542377114e-02   -1.514594070613e-03
 359    2.957196906209e-02   -4.363398067653e-03   -2.565168775618e-03    3.222095547244e-03   -2.441296819597e-03   -1.667765667662e-03    2.817253395915e-02   -1.508901943453e-03
 360    3.010990470648e-02   -4.325985442847e-03   -2.618180587888e-03    3.317225025967e-03   -2.382478909567e-03   -1.690893201157e-03    2.869666926563e-02   -1.493208459578e-03
 361    3.062209859490e-02   -4.276659339666e-03   -2.676733070984e-03    3.418931039050e-03   -2.297836355865e-03   -1.706656650640e-03    2.923127077520e-02   -1.466673333198e-03
 362    3.115606680512e-02   -4.210328217596e-03   -2.738424809650e-03    3.527877619490e-03   -2.235727850348e-03   -1.727607334033e-03    2.974449284375e-02   -1.443660701625e-03
 363    3.171869367361e-02   -4.114719107747e-03   -2.793210325763e-03    3.633250249550e-03   -2.202276606113e-03   -1.759879407473e-03    3.023038990796e-02   -1.408112002537e-03
 364    3.228724002838e-02   -4.016702063382e-03   -2.856896026060e-03    3.727932227775e-03   -2.171186264604e-03   -1.784856780432e-03    3.072830475867e-02   -1.360579393804e-03
 365    3.283338993788e-02   -3.937044180930e-03   -2.941691083834e-03    3.817984135821e-03   -2.106714993715e-03   -1.790902810171e-03    3.126622363925e-02   -1.313507673331e-03
 366    3.337096422911e-02   -3.853075439110e-03   -3.030966036022e-03    3.915257751942e-03   -2.011458156630e-03   -1.789563335478e-03    3.182294219732e-02   -1.267108833417e-03
 367    3.393367305398e-02   -3.716816660017e-03   -3.106862306595e-03    4.024269059300e-03   -1.919257920235e-03   -1.797445816919e-03    3.236628323793e-02   -1.202043378726e-03
 368    3.451037779450e-02   -3.487253561616e-03   -3.169183619320e-03    4.151607863605e-03   -1.837458694354e-03   -1.815209630877e-03    3.289655596018e-02   -1.094101695344e-03
 369    3.510675206780e-02   -3.208124777302e-03   -3.240822115913e-03    4.302159417421e-03   -1.761676860042e-03   -1.823011785746e-03    3.345455601811e-02   -9.743785485625e-04
 370    3.568563610315e-02   -2.929168054834e-03   -3.314486006275e-03    4.464597906917e-03   -1.657416578382e-03   -1.824974315241e-03    3.403446450830e-02   -8.740331395529e-04
 371    3.625950217247e-02   -2.662459854037e-03   -3.380049951375e-03    4.618069157004e-03   -1.533575705253e-03   -1.833816641010e-03    3.460562229156e-02   -8.122124127112e-04
 372    3.685938194394e-02   -2.313973847777e-03   -3.445103066042e-03    4.759137984365e-03   -1.416190294549e-03   -1.844133366831e-03    3.515752404928e-02   -7.258661207743e-04
 373    3.749471902847e-02   -1.772012445144e-03   -3.529426408932e-03    4.910761490464e-03   -1.307654776610e-03   -1.827183179557e-03    3.571268171072e-02   -5.366811528802e-04
 374    3.813628107309e-02   -1.097912783735e-03   -3.642732044682e-03    5.080664064735e-03   -1.184401917271e-03   -1.772673102096e-03    3.628875687718e-02   -2.808260906022e-04
 375    3.874217346311e-02   -4.591725300997e-04   -3.771667135879e-03    5.248705856502e-03   -1.024421304464e-03   -1.713686855510e-03    3.687145933509e-02   -5.967964534648e-05
 376    3.936235979199e-02    2.148474159185e-04   -3.910843282938e-03    5.431326571852e-03   -8.616485865787e-04   -1.655929023400e-03    3.745446354151e-02    1.348801888525e-04
 377    4.004464671016e-02    1.463664113544e-03   -4.058069083840e-03    5.679708439857e-03   -6.991227273829e-04   -1.552129746415e-03    3.805940598249e-02    6.181251956150e-04
 378    4.079148545861e-02    3.673494793475e-03   -4.227986093611e-03    6.008488126099e-03   -5.289947730489e-04   -1.319451956078e-03    3.870769590139e-02    1.553337206133e-03
