   0   -0.000000000000e+00    0.000000000000e+00   -0.000000000000e+00    0.000000000000e+00
   1   -0.000000000000e+00    0.000000000000e+00   -0.000000000000e+00    0.000000000000e+00
   2   -0.000000000000e+00    0.000000000000e+00   -0.000000000000e+00    0.000000000000e+00
   3   -0.000000000000e+00    0.000000000000e+00   -0.000000000000e+00    0.000000000000e+00
   4   -0.000000000000e+00    0.000000000000e+00   -0.000000000000e+00    0.000000000000e+00
   5   -0.000000000000e+00    0.000000000000e+00   -0.000000000000e+00    0.000000000000e+00
   6   -0.000000000000e+00    0.000000000000e+00   -0.000000000000e+00    0.000000000000e+00
   7    0.000000000000e+00    0.000000000000e+00    6.534734697385e-18    0.000000000000e+00
   8   -0.000000000000e+00    0.000000000000e+00   -0.000000000000e+00    0.000000000000e+00
   9   -0.000000000000e+00    0.000000000000e+00   -0.000000000000e+00    0.000000000000e+00
  10   -0.000000000000e+00    0.000000000000e+00   -0.000000000000e+00    0.000000000000e+00
  11    0.000000000000e+00    0.000000000000e+00    2.631380973412e-17    0.000000000000e+00
  12    0.000000000000e+00    0.000000000000e+00    1.212689543240e-17    0.000000000000e+00
  13    3.777402571694e-18    0.000000000000e+00    0.000000000000e+00    0.000000000000e+00
  14   -0.000000000000e+00    0.000000000000e+00   -0.000000000000e+00    0.000000000000e+00
  15   -0.000000000000e+00    0.000000000000e+00   -0.000000000000e+00    0.000000000000e+00
  16    0.000000000000e+00    0.000000000000e+00    0.000000000000e+00    0.000000000000e+00
  17    2.978600613103e-19    0.000000000000e+00    0.000000000000e+00    0.000000000000e+00
  18   -0.000000000000e+00    0.000000000000e+00   -0.000000000000e+00    0.000000000000e+00
  19   -0.000000000000e+00    0.000000000000e+00   -0.000000000000e+00    0.000000000000e+00
  20   -0.000000000000e+00    0.000000000000e+00   -0.000000000000e+00    0.000000000000e+00
  21   -0.000000000000e+00    0.000000000000e+00   -0.000000000000e+00    0.000000000000e+00
  22   -0.000000000000e+00    0.000000000000e+00   -0.000000000000e+00    0.000000000000e+00
  23    0.000000000000e+00    0.000000000000e+00    0.000000000000e+00    0.000000000000e+00
  24   -0.000000000000e+00    0.000000000000e+00   -0.000000000000e+00    0.000000000000e+00
  25    0.000000000000e+00    0.000000000000e+00    0.000000000000e+00    0.000000000000e+00
  26    1.061680939538e-17    0.000000000000e+00    0.000000000000e+00    0.000000000000e+00
  27    1.458442769104e-16    0.000000000000e+00    0.000000000000e+00    0.000000000000e+00
  28    2.578105446531e-16    0.000000000000e+00    0.000000000000e+00    0.000000000000e+00
  29    1.665397402664e-16    0.000000000000e+00    0.000000000000e+00    0.000000000000e+00
  30    2.566890200913e-16    0.000000000000e+00    0.000000000000e+00    0.000000000000e+00
  31    3.668049178910e-16    0.000000000000e+00    0.000000000000e+00    0.000000000000e+00
  32    3.843524494730e-16    0.000000000000e+00    0.000000000000e+00    0.000000000000e+00
  33    2.844195288257e-16    0.000000000000e+00    0.000000000000e+00    0.000000000000e+00
  34    1.277321449295e-16    0.000000000000e+00    0.000000000000e+00    0.000000000000e+00
  35    0.000000000000e+00    0.000000000000e+00    2.656693163377e-16    0.000000000000e+00
  36    0.000000000000e+00    0.000000000000e+00    7.856263620069e-15    0.000000000000e+00
  37    0.000000000000e+00    0.000000000000e+00    1.958159078408e-14    0.000000000000e+00
  38    0.000000000000e+00    0.000000000000e+00    9.448963387713e-15    0.000000000000e+00
  39    0.000000000000e+00    0.000000000000e+00    1.220590231806e-14    0.000000000000e+00
  40    0.000000000000e+00    0.000000000000e+00    3.101567668060e-14    0.000000000000e+00
  41    0.000000000000e+00    0.000000000000e+00    3.931866632409e-14    0.000000000000e+00
  42    0.000000000000e+00    0.000000000000e+00    3.575580180245e-14    0.000000000000e+00
  43    0.000000000000e+00    0.000000000000e+00    3.833557278045e-14    0.000000000000e+00
  44    0.000000000000e+00    0.000000000000e+00    9.645858737401e-14    0.000000000000e+00
  45    0.000000000000e+00    0.000000000000e+00    1.754003843210e-13    0.000000000000e+00
  46    0.000000000000e+00    0.000000000000e+00    2.000783165448e-13    0.000000000000e+00
  47    0.000000000000e+00    0.000000000000e+00    2.173994897948e-13    0.000000000000e+00
  48    0.000000000000e+00    0.000000000000e+00    2.354957049679e-13    0.000000000000e+00
  49    0.000000000000e+00    0.000000000000e+00    2.601727156198e-13    0.000000000000e+00
  50    0.000000000000e+00    0.000000000000e+00    2.892478194894e-13    0.000000000000e+00
  51    0.000000000000e+00    0.000000000000e+00    3.236967172169e-13    0.000000000000e+00
  52    0.000000000000e+00    0.000000000000e+00    3.245159945885e-13    0.000000000000e+00
  53    0.000000000000e+00    0.000000000000e+00    3.172006927954e-13    0.000000000000e+00
  54    0.000000000000e+00    0.000000000000e+00    3.227682064764e-13    0.000000000000e+00
  55    0.000000000000e+00    0.000000000000e+00    3.508987263083e-13    0.000000000000e+00
  56    0.000000000000e+00    0.000000000000e+00    3.329097522826e-13    0.000000000000e+00
  57    0.000000000000e+00    0.000000000000e+00    3.213157008259e-13    0.000000000000e+00
  58    0.000000000000e+00    0.000000000000e+00    3.141712150850e-13    0.000000000000e+00
  59    0.000000000000e+00    0.000000000000e+00    3.131090222167e-13    0.000000000000e+00
  60    0.000000000000e+00    0.000000000000e+00    2.944312816559e-13    0.000000000000e+00
  61    0.000000000000e+00    0.000000000000e+00    2.724510341726e-13    0.000000000000e+00
  62    0.000000000000e+00    0.000000000000e+00    2.460036297933e-13    0.000000000000e+00
  63    0.000000000000e+00    0.000000000000e+00    2.266758287149e-13    0.000000000000e+00
  64    0.000000000000e+00    0.000000000000e+00    2.074375827360e-13    0.000000000000e+00
  65    0.000000000000e+00    0.000000000000e+00    1.812593315460e-13    0.000000000000e+00
  66    0.000000000000e+00    0.000000000000e+00    1.632186546292e-13    0.000000000000e+00
  67    0.000000000000e+00    0.000000000000e+00    1.447704261158e-13    0.000000000000e+00
  68    0.000000000000e+00    0.000000000000e+00    1.213302868548e-13    0.000000000000e+00
  69    0.000000000000e+00    0.000000000000e+00    9.888854194057e-14    0.000000000000e+00
  70    0.000000000000e+00    0.000000000000e+00    8.349812947181e-14    0.000000000000e+00
  71    0.000000000000e+00    0.000000000000e+00    7.056473596634e-14    0.000000000000e+00
  72    0.000000000000e+00    0.000000000000e+00    5.614465056064e-14    0.000000000000e+00
  73    0.000000000000e+00    0.000000000000e+00    4.090383766290e-14    0.000000000000e+00
  74    0.000000000000e+00    0.000000000000e+00    2.682404435562e-14    0.000000000000e+00
  75    0.000000000000e+00    0.000000000000e+00    1.637189834386e-14    0.000000000000e+00
  76    0.000000000000e+00    0.000000000000e+00    3.536360225446e-15    0.000000000000e+00
  77    0.000000000000e+00    0.000000000000e+00    0.000000000000e+00    0.000000000000e+00
  78    0.000000000000e+00    0.000000000000e+00    0.000000000000e+00    0.000000000000e+00
  79    0.000000000000e+00    0.000000000000e+00    0.000000000000e+00    0.000000000000e+00
  80    0.000000000000e+00    0.000000000000e+00    0.000000000000e+00    0.000000000000e+00
  81    0.000000000000e+00    0.000000000000e+00    0.000000000000e+00    0.000000000000e+00
  82    0.000000000000e+00    0.000000000000e+00    0.000000000000e+00    0.000000000000e+00
  83    0.000000000000e+00    0.000000000000e+00    0.000000000000e+00    0.000000000000e+00
  84    0.000000000000e+00    0.000000000000e+00    0.000000000000e+00    0.000000000000e+00
  85    0.000000000000e+00    0.000000000000e+00    0.000000000000e+00    0.000000000000e+00
  86    0.000000000000e+00    0.000000000000e+00    0.000000000000e+00    0.000000000000e+00
  87    0.000000000000e+00    0.000000000000e+00    0.000000000000e+00    0.000000000000e+00
  88    0.000000000000e+00    0.000000000000e+00    0.000000000000e+00    0.000000000000e+00
  89    0.000000000000e+00    0.000000000000e+00    0.000000000000e+00    0.000000000000e+00
  90    0.000000000000e+00    0.000000000000e+00    0.000000000000e+00    0.000000000000e+00
  91    0.000000000000e+00    0.000000000000e+00    0.000000000000e+00    0.000000000000e+00
  92    0.000000000000e+00    0.000000000000e+00    0.000000000000e+00    0.000000000000e+00
  93    0.000000000000e+00    0.000000000000e+00    0.000000000000e+00    0.000000000000e+00
  94    0.000000000000e+00    0.000000000000e+00    0.000000000000e+00    0.000000000000e+00
  95    0.000000000000e+00    0.000000000000e+00    0.000000000000e+00    0.000000000000e+00
  96    0.000000000000e+00    0.000000000000e+00    0.000000000000e+00    0.000000000000e+00
  97    0.000000000000e+00    0.000000000000e+00    0.000000000000e+00    0.000000000000e+00
  98    0.000000000000e+00    0.000000000000e+00    0.000000000000e+00    0.000000000000e+00
  99    0.000000000000e+00    0.000000000000e+00    0.000000000000e+00    0.000000000000e+00
 100    0.000000000000e+00    0.000000000000e+00    0.000000000000e+00    0.000000000000e+00
 101    0.000000000000e+00    0.000000000000e+00    0.000000000000e+00    0.000000000000e+00
 102    0.000000000000e+00    0.000000000000e+00    0.000000000000e+00    0.000000000000e+00
 103    0.000000000000e+00    0.000000000000e+00    0.000000000000e+00    0.000000000000e+00
 104    0.000000000000e+00    0.000000000000e+00    0.000000000000e+00    0.000000000000e+00
 105    0.000000000000e+00    0.000000000000e+00    0.000000000000e+00    0.000000000000e+00
 106    0.000000000000e+00    0.000000000000e+00    0.000000000000e+00    0.000000000000e+00
 107    0.000000000000e+00    0.000000000000e+00    0.000000000000e+00    0.000000000000e+00
 108    0.000000000000e+00    0.000000000000e+00    0.000000000000e+00    0.000000000000e+00
 109    0.000000000000e+00    0.000000000000e+00    0.000000000000e+00    0.000000000000e+00
 110    0.000000000000e+00    0.000000000000e+00    0.000000000000e+00    0.000000000000e+00
 111    0.000000000000e+00    0.000000000000e+00    0.000000000000e+00    0.000000000000e+00
 112    0.000000000000e+00    0.000000000000e+00    0.000000000000e+00    0.000000000000e+00
 113    0.000000000000e+00    0.000000000000e+00    0.000000000000e+00    0.000000000000e+00
 114    0.000000000000e+00    0.000000000000e+00    0.000000000000e+00    0.000000000000e+00
 115    0.000000000000e+00    0.000000000000e+00    0.000000000000e+00    0.000000000000e+00
 116    0.000000000000e+00    0.000000000000e+00    0.000000000000e+00    0.000000000000e+00
 117    0.000000000000e+00    0.000000000000e+00    0.000000000000e+00    0.000000000000e+00
 118    0.000000000000e+00    0.000000000000e+00    0.000000000000e+00    0.000000000000e+00
 119    0.000000000000e+00    0.000000000000e+00    0.000000000000e+00    0.000000000000e+00
 120    0.000000000000e+00    0.000000000000e+00    0.000000000000e+00    0.000000000000e+00
 121    0.000000000000e+00    0.000000000000e+00    0.000000000000e+00    0.000000000000e+00
 122    0.000000000000e+00    0.000000000000e+00    0.000000000000e+00    0.000000000000e+00
 123    0.000000000000e+00    0.000000000000e+00    0.000000000000e+00    0.000000000000e+00
 124    0.000000000000e+00    0.000000000000e+00    0.000000000000e+00    0.000000000000e+00
 125    0.000000000000e+00    0.000000000000e+00    0.000000000000e+00    0.000000000000e+00
 126    0.000000000000e+00    0.000000000000e+00    0.000000000000e+00    0.000000000000e+00
 127    0.000000000000e+00    0.000000000000e+00    0.000000000000e+00    0.000000000000e+00
 128    0.000000000000e+00    0.000000000000e+00    0.000000000000e+00    0.000000000000e+00
 129    0.000000000000e+00    0.000000000000e+00    0.000000000000e+00    0.000000000000e+00
 130    0.000000000000e+00    0.000000000000e+00    0.000000000000e+00    0.000000000000e+00
 131    0.000000000000e+00    0.000000000000e+00    0.000000000000e+00    0.000000000000e+00
 132    0.000000000000e+00    0.000000000000e+00    0.000000000000e+00    0.000000000000e+00
 133    0.000000000000e+00    0.000000000000e+00    0.000000000000e+00    0.000000000000e+00
 134    0.000000000000e+00    0.000000000000e+00    0.000000000000e+00    0.000000000000e+00
 135    0.000000000000e+00    0.000000000000e+00    0.000000000000e+00    0.000000000000e+00
 136    0.000000000000e+00    0.000000000000e+00    0.000000000000e+00    0.000000000000e+00
 137    0.000000000000e+00    0.000000000000e+00    0.000000000000e+00    0.000000000000e+00
 138    0.000000000000e+00    0.000000000000e+00    0.000000000000e+00    0.000000000000e+00
 139    0.000000000000e+00    0.000000000000e+00    0.000000000000e+00    0.000000000000e+00
 140    0.000000000000e+00    0.000000000000e+00    0.000000000000e+00    0.000000000000e+00
 141    0.000000000000e+00    0.000000000000e+00    0.000000000000e+00    0.000000000000e+00
 142    0.000000000000e+00    0.000000000000e+00    0.000000000000e+00    0.000000000000e+00
 143    0.000000000000e+00    0.000000000000e+00    0.000000000000e+00    0.000000000000e+00
 144    0.000000000000e+00    0.000000000000e+00    0.000000000000e+00    0.000000000000e+00
 145    0.000000000000e+00    0.000000000000e+00    0.000000000000e+00    0.000000000000e+00
 146    0.000000000000e+00    0.000000000000e+00    0.000000000000e+00    0.000000000000e+00
 147    0.000000000000e+00    0.000000000000e+00    0.000000000000e+00    0.000000000000e+00
 148    0.000000000000e+00    0.000000000000e+00    0.000000000000e+00    0.000000000000e+00
 149    0.000000000000e+00    0.000000000000e+00    0.000000000000e+00    0.000000000000e+00
 150    0.000000000000e+00    0.000000000000e+00    0.000000000000e+00    0.000000000000e+00
 151    0.000000000000e+00    0.000000000000e+00    0.000000000000e+00    0.000000000000e+00
 152    0.000000000000e+00    0.000000000000e+00    0.000000000000e+00    0.000000000000e+00
 153    0.000000000000e+00    0.000000000000e+00    0.000000000000e+00    0.000000000000e+00
 154    0.000000000000e+00    0.000000000000e+00    0.000000000000e+00    0.000000000000e+00
 155    0.000000000000e+00    0.000000000000e+00    0.000000000000e+00    0.000000000000e+00
 156    1.017078834822e-15    0.000000000000e+00    0.000000000000e+00    0.000000000000e+00
 157    1.601469099748e-15    0.000000000000e+00    0.000000000000e+00    0.000000000000e+00
 158    1.688392891344e-15    0.000000000000e+00    0.000000000000e+00    0.000000000000e+00
 159    2.543628082143e-15    0.000000000000e+00    0.000000000000e+00    0.000000000000e+00
 160    4.831146435322e-15    0.000000000000e+00    0.000000000000e+00    0.000000000000e+00
 161    7.221913022573e-15    0.000000000000e+00    0.000000000000e+00    0.000000000000e+00
 162    1.066573214567e-14    0.000000000000e+00    0.000000000000e+00    0.000000000000e+00
 163    1.232126989954e-14    0.000000000000e+00    0.000000000000e+00    0.000000000000e+00
 164    1.308344708614e-14    0.000000000000e+00    0.000000000000e+00    0.000000000000e+00
 165    1.307472942305e-14    0.000000000000e+00    0.000000000000e+00    0.000000000000e+00
 166    1.710829015348e-14    0.000000000000e+00    0.000000000000e+00    0.000000000000e+00
 167    2.301995670907e-14    0.000000000000e+00    0.000000000000e+00    0.000000000000e+00
 168    2.682091202778e-14    0.000000000000e+00    0.000000000000e+00    0.000000000000e+00
 169    2.599663377362e-14    0.000000000000e+00    0.000000000000e+00    0.000000000000e+00
 170    2.604047958711e-14    0.000000000000e+00    0.000000000000e+00    0.000000000000e+00
 171    3.314148543272e-14    0.000000000000e+00    0.000000000000e+00    0.000000000000e+00
 172    4.284750722630e-14    0.000000000000e+00    0.000000000000e+00    0.000000000000e+00
 173    4.741529841283e-14    0.000000000000e+00    0.000000000000e+00    0.000000000000e+00
 174    4.583415217458e-14    0.000000000000e+00    0.000000000000e+00    0.000000000000e+00
 175    4.521274847569e-14    0.000000000000e+00    0.000000000000e+00    0.000000000000e+00
 176    4.980606584711e-14    0.000000000000e+00    0.000000000000e+00    0.000000000000e+00
 177    5.474724948558e-14    0.000000000000e+00    0.000000000000e+00    0.000000000000e+00
 178    5.456199321562e-14    0.000000000000e+00    0.000000000000e+00    0.000000000000e+00
 179    4.967879406459e-14    0.000000000000e+00    0.000000000000e+00    0.000000000000e+00
 180    4.649572556397e-14    0.000000000000e+00    0.000000000000e+00    0.000000000000e+00
 181    4.966696270838e-14    0.000000000000e+00    0.000000000000e+00    0.000000000000e+00
 182    5.435188161085e-14    0.000000000000e+00    0.000000000000e+00    0.000000000000e+00
 183    5.639861136702e-14    0.000000000000e+00    0.000000000000e+00    0.000000000000e+00
 184    5.649168334726e-14    0.000000000000e+00    0.000000000000e+00    0.000000000000e+00
 185    5.599486803051e-14    0.000000000000e+00    0.000000000000e+00    0.000000000000e+00
 186    5.741028041416e-14    0.000000000000e+00    0.000000000000e+00    0.000000000000e+00
 187    5.953065460289e-14    0.000000000000e+00    0.000000000000e+00    0.000000000000e+00
 188    6.141326325520e-14    0.000000000000e+00    0.000000000000e+00    0.000000000000e+00
 189    6.293307075553e-14    0.000000000000e+00    0.000000000000e+00    0.000000000000e+00
 190    6.580967595957e-14    0.000000000000e+00    0.000000000000e+00    0.000000000000e+00
 191    7.122682435176e-14    0.000000000000e+00    0.000000000000e+00    0.000000000000e+00
 192    7.699419715072e-14    0.000000000000e+00    0.000000000000e+00    0.000000000000e+00
 193    7.862822534992e-14    0.000000000000e+00    0.000000000000e+00    0.000000000000e+00
 194    7.733360664081e-14    0.000000000000e+00    0.000000000000e+00    0.000000000000e+00
 195    7.886225038885e-14    0.000000000000e+00    0.000000000000e+00    0.000000000000e+00
 196    8.500105729958e-14    0.000000000000e+00    0.000000000000e+00    0.000000000000e+00
 197    9.169748294013e-14    0.000000000000e+00    0.000000000000e+00    0.000000000000e+00
 198    9.429193808131e-14    0.000000000000e+00    0.000000000000e+00    0.000000000000e+00
 199    9.500252418516e-14    0.000000000000e+00    0.000000000000e+00    0.000000000000e+00
 200    9.809815178057e-14    0.000000000000e+00    0.000000000000e+00    0.000000000000e+00
 201    1.047558307460e-13    0.000000000000e+00    0.000000000000e+00    0.000000000000e+00
 202    1.122953862060e-13    0.000000000000e+00    0.000000000000e+00    0.000000000000e+00
 203    1.177858673226e-13    0.000000000000e+00    0.000000000000e+00    0.000000000000e+00
 204    1.204814243164e-13    0.000000000000e+00    0.000000000000e+00    0.000000000000e+00
 205    1.228018744635e-13    0.000000000000e+00    0.000000000000e+00    0.000000000000e+00
 206    1.270262107306e-13    0.000000000000e+00    0.000000000000e+00    0.000000000000e+00
 207    1.342508461170e-13    0.000000000000e+00    0.000000000000e+00    0.000000000000e+00
 208    1.420069031983e-13    0.000000000000e+00    0.000000000000e+00    0.000000000000e+00
 209    1.474974656301e-13    0.000000000000e+00    0.000000000000e+00    0.000000000000e+00
 210    1.519267838705e-13    0.000000000000e+00    0.000000000000e+00    0.000000000000e+00
 211    1.575217820765e-13    0.000000000000e+00    0.000000000000e+00    0.000000000000e+00
 212    1.653137533548e-13    0.000000000000e+00    0.000000000000e+00    0.000000000000e+00
 213    1.741517628891e-13    0.000000000000e+00    0.000000000000e+00    0.000000000000e+00
 214    1.843955218551e-13    0.000000000000e+00    0.000000000000e+00    0.000000000000e+00
 215    1.963839247471e-13    0.000000000000e+00    0.000000000000e+00    0.000000000000e+00
 216    2.084369731935e-13    0.000000000000e+00    0.000000000000e+00    0.000000000000e+00
 217    2.176660815565e-13    0.000000000000e+00    0.000000000000e+00    0.000000000000e+00
 218    2.244158634965e-13    0.000000000000e+00    0.000000000000e+00    0.000000000000e+00
 219    2.319219306619e-13    0.000000000000e+00    0.000000000000e+00    0.000000000000e+00
 220    2.421688067092e-13    0.000000000000e+00    0.000000000000e+00    0.000000000000e+00
 221    2.523804190808e-13    0.000000000000e+00    0.000000000000e+00    0.000000000000e+00
 222    2.617105208762e-13    0.000000000000e+00    0.000000000000e+00    0.000000000000e+00
 223    2.729940839358e-13    0.000000000000e+00    0.000000000000e+00    0.000000000000e+00
 224    2.895259986618e-13    0.000000000000e+00    0.000000000000e+00    0.000000000000e+00
 225    3.084268951348e-13    0.000000000000e+00    0.000000000000e+00    0.000000000000e+00
 226    3.248206282939e-13    0.000000000000e+00    0.000000000000e+00    0.000000000000e+00
 227    3.385953626853e-13    0.000000000000e+00    0.000000000000e+00    0.000000000000e+00
 228    3.551695612961e-13    0.000000000000e+00    0.000000000000e+00    0.000000000000e+00
 229    3.757329733803e-13    0.000000000000e+00    0.000000000000e+00    0.000000000000e+00
 230    3.961689917092e-13    0.000000000000e+00    0.000000000000e+00    0.000000000000e+00
 231    4.144342746586e-13    0.000000000000e+00    0.000000000000e+00    0.000000000000e+00
 232    4.332702274214e-13    0.000000000000e+00    0.000000000000e+00    0.000000000000e+00
 233    4.550071257270e-13    0.000000000000e+00    0.000000000000e+00    0.000000000000e+00
 234    4.783977033962e-13    0.000000000000e+00    0.000000000000e+00    0.000000000000e+00
 235    5.012894938559e-13    0.000000000000e+00    0.000000000000e+00    0.000000000000e+00
 236    5.251965854401e-13    0.000000000000e+00    0.000000000000e+00    0.000000000000e+00
 237    5.501380601070e-13    0.000000000000e+00    0.000000000000e+00    0.000000000000e+00
 238    5.742937592493e-13    0.000000000000e+00    0.000000000000e+00    0.000000000000e+00
 239    5.970074695022e-13    0.000000000000e+00    0.000000000000e+00    0.000000000000e+00
 240    6.204034681823e-13    0.000000000000e+00    0.000000000000e+00    0.000000000000e+00
 241    0.000000000000e+00    0.000000000000e+00    6.471055787570e-13    0.000000000000e+00
 242    0.000000000000e+00    0.000000000000e+00    6.768541348061e-13    0.000000000000e+00
 243    0.000000000000e+00    0.000000000000e+00    7.076420612678e-13    0.000000000000e+00
 244    0.000000000000e+00    0.000000000000e+00    7.369622490386e-13    0.000000000000e+00
 245    0.000000000000e+00    0.000000000000e+00    7.652052819510e-13    0.000000000000e+00
 246    0.000000000000e+00    0.000000000000e+00    7.958866313391e-13    0.000000000000e+00
 247    0.000000000000e+00    0.000000000000e+00    8.322441585711e-13    0.000000000000e+00
 248    0.000000000000e+00    0.000000000000e+00    8.718721816563e-13    0.000000000000e+00
 249    0.000000000000e+00    0.000000000000e+00    9.078334872042e-13    0.000000000000e+00
 250    0.000000000000e+00    0.000000000000e+00    9.391055641461e-13    0.000000000000e+00
 251    0.000000000000e+00    0.000000000000e+00    9.721335065063e-13    0.000000000000e+00
 252    0.000000000000e+00    0.000000000000e+00    1.012469296770e-12    0.000000000000e+00
 253    0.000000000000e+00    0.000000000000e+00    1.058177091957e-12    0.000000000000e+00
 254    0.000000000000e+00    0.000000000000e+00    1.102676001723e-12    0.000000000000e+00
 255    0.000000000000e+00    0.000000000000e+00    1.144997833526e-12    0.000000000000e+00
 256    0.000000000000e+00    0.000000000000e+00    1.189940940921e-12    0.000000000000e+00
 257    0.000000000000e+00    0.000000000000e+00    1.241149977932e-12    0.000000000000e+00
 258    0.000000000000e+00    0.000000000000e+00    1.296910278822e-12    0.000000000000e+00
 259    0.000000000000e+00    0.000000000000e+00    1.349285266850e-12    0.000000000000e+00
 260    0.000000000000e+00    0.000000000000e+00    1.403138672959e-12    0.000000000000e+00
 261    0.000000000000e+00    0.000000000000e+00    1.455745788671e-12    0.000000000000e+00
 262    0.000000000000e+00    0.000000000000e+00    1.501085605642e-12    0.000000000000e+00
 263    0.000000000000e+00    0.000000000000e+00    1.529663331765e-12    0.000000000000e+00
 264    0.000000000000e+00    0.000000000000e+00    1.591653458338e-12    0.000000000000e+00
 265    0.000000000000e+00    0.000000000000e+00    1.674957698580e-12    0.000000000000e+00
 266    0.000000000000e+00    0.000000000000e+00    1.750351599772e-12    0.000000000000e+00
 267    0.000000000000e+00    0.000000000000e+00    1.807325773415e-12    0.000000000000e+00
 268    0.000000000000e+00    0.000000000000e+00    1.884636760888e-12    0.000000000000e+00
 269    0.000000000000e+00    0.000000000000e+00    1.925530264749e-12    0.000000000000e+00
 270    0.000000000000e+00    0.000000000000e+00    2.011594666881e-12    0.000000000000e+00
 271    0.000000000000e+00    0.000000000000e+00    2.093242246204e-12    0.000000000000e+00
 272    0.000000000000e+00    0.000000000000e+00    2.210715551593e-12    0.000000000000e+00
 273    0.000000000000e+00    0.000000000000e+00    2.317418826281e-12    0.000000000000e+00
 274    0.000000000000e+00    0.000000000000e+00    2.405081342416e-12    0.000000000000e+00
 275    0.000000000000e+00    0.000000000000e+00    2.505094656019e-12    0.000000000000e+00
 276    0.000000000000e+00    0.000000000000e+00    2.557593676775e-12    0.000000000000e+00
 277    0.000000000000e+00    0.000000000000e+00    2.650522379702e-12    0.000000000000e+00
 278    0.000000000000e+00    0.000000000000e+00    2.768590912083e-12    0.000000000000e+00
 279    0.000000000000e+00    0.000000000000e+00    2.892363432094e-12    0.000000000000e+00
 280    0.000000000000e+00    0.000000000000e+00    3.002388702239e-12    0.000000000000e+00
 281    0.000000000000e+00    0.000000000000e+00    3.106677675530e-12    0.000000000000e+00
 282    0.000000000000e+00    0.000000000000e+00    3.211962813776e-12    0.000000000000e+00
 283    0.000000000000e+00    0.000000000000e+00    3.327221744648e-12    0.000000000000e+00
 284    0.000000000000e+00    0.000000000000e+00    3.456853726880e-12    0.000000000000e+00
 285    0.000000000000e+00    0.000000000000e+00    3.593080910927e-12    0.000000000000e+00
 286    0.000000000000e+00    0.000000000000e+00    3.728969823896e-12    0.000000000000e+00
 287    0.000000000000e+00    0.000000000000e+00    3.866424975324e-12    0.000000000000e+00
 288    0.000000000000e+00    0.000000000000e+00    4.009447721748e-12    0.000000000000e+00
 289    0.000000000000e+00    0.000000000000e+00    4.158502535379e-12    0.000000000000e+00
 290    0.000000000000e+00    0.000000000000e+00    4.310876308700e-12    0.000000000000e+00
 291    0.000000000000e+00    0.000000000000e+00    4.470689877328e-12    0.000000000000e+00
 292    0.000000000000e+00    0.000000000000e+00    4.639327984279e-12    0.000000000000e+00
 293    0.000000000000e+00    0.000000000000e+00    4.812495887907e-12    0.000000000000e+00
 294    0.000000000000e+00    0.000000000000e+00    4.982158782751e-12    0.000000000000e+00
 295    0.000000000000e+00    0.000000000000e+00    5.152255792146e-12    0.000000000000e+00
 296    0.000000000000e+00    0.000000000000e+00    5.337031597913e-12    0.000000000000e+00
 297    0.000000000000e+00    0.000000000000e+00    5.538077375161e-12    0.000000000000e+00
 298    0.000000000000e+00    0.000000000000e+00    5.741247321306e-12    0.000000000000e+00
 299    0.000000000000e+00    0.000000000000e+00    5.937460592631e-12    0.000000000000e+00
 300    0.000000000000e+00    0.000000000000e+00    6.136193116124e-12    0.000000000000e+00
 301    0.000000000000e+00    0.000000000000e+00    6.354052266982e-12    0.000000000000e+00
 302    0.000000000000e+00    0.000000000000e+00    6.587899063076e-12    0.000000000000e+00
 303    0.000000000000e+00    0.000000000000e+00    6.821831727982e-12    0.000000000000e+00
 304    0.000000000000e+00    0.000000000000e+00    7.052814929298e-12    0.000000000000e+00
 305    0.000000000000e+00    0.000000000000e+00    7.293761081217e-12    0.000000000000e+00
 306    0.000000000000e+00    0.000000000000e+00    7.552140336708e-12    0.000000000000e+00
 307    0.000000000000e+00    0.000000000000e+00    7.813008920388e-12    0.000000000000e+00
 308    0.000000000000e+00    0.000000000000e+00    8.068877163647e-12    0.000000000000e+00
 309    0.000000000000e+00    0.000000000000e+00    8.331564604891e-12    0.000000000000e+00
 310    0.000000000000e+00    0.000000000000e+00    8.610339004289e-12    0.000000000000e+00
 311    0.000000000000e+00    0.000000000000e+00    8.898839130855e-12    0.000000000000e+00
 312    0.000000000000e+00    0.000000000000e+00    9.186529141558e-12    0.000000000000e+00
 313    0.000000000000e+00    0.000000000000e+00    9.485263269271e-12    0.000000000000e+00
 314    0.000000000000e+00    0.000000000000e+00    9.804818415504e-12    0.000000000000e+00
 315    0.000000000000e+00    0.000000000000e+00    1.013837798436e-11    0.000000000000e+00
 316    0.000000000000e+00    0.000000000000e+00    1.046782972802e-11    0.000000000000e+00
 317    0.000000000000e+00    0.000000000000e+00    1.078858096609e-11    0.000000000000e+00
 318    0.000000000000e+00    0.000000000000e+00    1.111526929526e-11    0.000000000000e+00
 319    1.012156531548e-13    0.000000000000e+00    1.145964226290e-11    0.000000000000e+00
 320    4.180510104757e-13    0.000000000000e+00    1.182027045687e-11    0.000000000000e+00
 321    7.383405952605e-13    0.000000000000e+00    1.218271056952e-11    0.000000000000e+00
 322    1.085000795806e-12    0.000000000000e+00    1.254478899232e-11    0.000000000000e+00
 323    1.462713197092e-12    0.000000000000e+00    1.291961503058e-11    0.000000000000e+00
 324    1.844536242496e-12    0.000000000000e+00    1.331209274757e-11    0.000000000000e+00
 325    2.218632829537e-12    0.000000000000e+00    1.371448093979e-11    0.000000000000e+00
 326    2.598890720684e-12    0.000000000000e+00    1.411334677598e-11    0.000000000000e+00
 327    3.016511953419e-12    0.000000000000e+00    1.451238608452e-11    0.000000000000e+00
 328    3.457061893697e-12    0.000000000000e+00    1.491769208162e-11    0.000000000000e+00
 329    3.901399602685e-12    0.000000000000e+00    1.534328393504e-11    0.000000000000e+00
 330    4.344416319746e-12    0.000000000000e+00    1.579487582393e-11    0.000000000000e+00
 331    4.802898530276e-12    0.000000000000e+00    1.626206287686e-11    0.000000000000e+00
 332    5.285242729580e-12    0.000000000000e+00    1.673155017312e-11    0.000000000000e+00
 333    5.776644787514e-12    0.000000000000e+00    1.719964622116e-11    0.000000000000e+00
 334    6.275945908796e-12    0.000000000000e+00    1.768417356995e-11    0.000000000000e+00
 335    6.778860459078e-12    0.000000000000e+00    1.818724684743e-11    0.000000000000e+00
 336    7.297286039321e-12    0.000000000000e+00    1.870321258979e-11    0.000000000000e+00
 337    7.834799649331e-12    0.000000000000e+00    1.922993361769e-11    0.000000000000e+00
 338    8.384015703911e-12    0.000000000000e+00    1.977080305027e-11    0.000000000000e+00
 339    8.937143559928e-12    0.000000000000e+00    2.032838480881e-11    0.000000000000e+00
 340    9.494056582571e-12    0.000000000000e+00    2.089538958527e-11    0.000000000000e+00
 341    1.007569288419e-11    0.000000000000e+00    2.147896097093e-11    0.000000000000e+00
 342    1.066929530835e-11    0.000000000000e+00    2.206955798667e-11    0.000000000000e+00
 343    1.126296972354e-11    0.000000000000e+00    2.266037878174e-11    0.000000000000e+00
 344    1.185661117897e-11    0.000000000000e+00    2.325550516047e-11    0.000000000000e+00
 345    1.246606637362e-11    0.000000000000e+00    2.387458286623e-11    0.000000000000e+00
 346    1.310210967498e-11    0.000000000000e+00    2.452719104207e-11    0.000000000000e+00
 347    1.375148085681e-11    0.000000000000e+00    2.518817099340e-11    0.000000000000e+00
 348    1.441059424567e-11    0.000000000000e+00    2.584356166568e-11    0.000000000000e+00
 349    1.506037482224e-11    0.000000000000e+00    2.650051532382e-11    0.000000000000e+00
 350    1.570375079973e-11    0.000000000000e+00    2.719199171386e-11    0.000000000000e+00
 351    1.635153297486e-11    0.000000000000e+00    2.792205702762e-11    0.000000000000e+00
 352    1.700584985331e-11    0.000000000000e+00    2.866646156563e-11    0.000000000000e+00
 353    1.766743695786e-11    0.000000000000e+00    2.941714927207e-11    0.000000000000e+00
 354    1.833152900310e-11    0.000000000000e+00    3.019035021978e-11    0.000000000000e+00
 355    1.901721315145e-11    0.000000000000e+00    3.100635720399e-11    0.000000000000e+00
 356    1.970218779790e-11    0.000000000000e+00    3.184946750778e-11    0.000000000000e+00
 357    2.036901897151e-11    0.000000000000e+00    3.270815562839e-11    0.000000000000e+00
 358    2.101826351852e-11    0.000000000000e+00    3.359399217140e-11    0.000000000000e+00
 359    2.166978228801e-11    0.000000000000e+00    3.451862407022e-11    0.000000000000e+00
 360    2.233651805184e-11    0.000000000000e+00    3.546114096808e-11    0.000000000000e+00
 361    2.300120857668e-11    0.000000000000e+00    3.638931170280e-11    0.000000000000e+00
 362    2.366430315592e-11    0.000000000000e+00    3.732140985147e-11    0.000000000000e+00
 363    2.432154130871e-11    0.000000000000e+00    3.828478853385e-11    0.000000000000e+00
 364    3.928624439653e-11    0.000000000000e+00    2.498919821070e-11    0.000000000000e+00
 365    4.030321215653e-11    0.000000000000e+00    2.567198884029e-11    0.000000000000e+00
 366    4.133300993137e-11    0.000000000000e+00    2.635127185902e-11    0.000000000000e+00
 367    4.240925666199e-11    0.000000000000e+00    2.701167067798e-11    0.000000000000e+00
 368    4.355457314253e-11    0.000000000000e+00    2.765218783118e-11    0.000000000000e+00
 369    4.476487583394e-11    0.000000000000e+00    2.831371595513e-11    0.000000000000e+00
 370    4.599470457278e-11    0.000000000000e+00    2.899511186705e-11    0.000000000000e+00
 371    4.725408606077e-11    0.000000000000e+00    2.968313095320e-11    0.000000000000e+00
 372    4.861729074879e-11    0.000000000000e+00    3.036603607454e-11    0.000000000000e+00
 373    5.013683912480e-11    0.000000000000e+00    3.104890997085e-11    0.000000000000e+00
 374    5.175410100478e-11    0.000000000000e+00    3.174263976669e-11    0.000000000000e+00
 375    5.337887770684e-11    0.000000000000e+00    3.244565727201e-11    0.000000000000e+00
 376    5.516068157796e-11    0.000000000000e+00    3.318421579190e-11    0.000000000000e+00
 377    5.737497976721e-11    0.000000000000e+00    3.394571429505e-11    0.000000000000e+00
 378    6.014826137157e-11    0.000000000000e+00    3.471041509773e-11    0.000000000000e+00
