   0    1.000000000000e+00    0.000000000000e+00    0.000000000000e+00    0.000000000000e+00    0.000000000000e+00    0.000000000000e+00    1.000000000000e+00    0.000000000000e+00
   1    1.000000000000e+00    0.000000000000e+00    0.000000000000e+00    0.000000000000e+00    0.000000000000e+00    0.000000000000e+00    1.000000000000e+00    0.000000000000e+00
   2    1.000000000000e+00    0.000000000000e+00    0.000000000000e+00    0.000000000000e+00    0.000000000000e+00    0.000000000000e+00    1.000000000000e+00    0.000000000000e+00
   3    1.000000000000e+00    0.000000000000e+00    0.000000000000e+00    0.000000000000e+00    0.000000000000e+00    0.000000000000e+00    1.000000000000e+00    0.000000000000e+00
   4    1.000000000000e+00    0.000000000000e+00    0.000000000000e+00    0.000000000000e+00    0.000000000000e+00    0.000000000000e+00    1.000000000000e+00    0.000000000000e+00
   5    1.000000000000e+00    0.000000000000e+00    0.000000000000e+00    0.000000000000e+00    0.000000000000e+00    0.000000000000e+00    1.000000000000e+00    0.000000000000e+00
   6    1.000000000000e+00    0.000000000000e+00    0.000000000000e+00    0.000000000000e+00    0.000000000000e+00    0.000000000000e+00    1.000000000000e+00    0.000000000000e+00
   7    7.962223291397e-01    0.000000000000e+00    6.048215627670e-01    1.486899051815e-02   -6.048215031624e-01    1.486898865551e-02    7.962223291397e-01    0.000000000000e+00
   8    1.000000000000e+00    0.000000000000e+00    0.000000000000e+00    0.000000000000e+00    0.000000000000e+00    0.000000000000e+00    1.000000000000e+00    0.000000000000e+00
   9    1.000000000000e+00    0.000000000000e+00    0.000000000000e+00    0.000000000000e+00    0.000000000000e+00    0.000000000000e+00    1.000000000000e+00    0.000000000000e+00
  10    1.000000000000e+00    0.000000000000e+00    0.000000000000e+00    0.000000000000e+00    0.000000000000e+00    0.000000000000e+00    1.000000000000e+00    0.000000000000e+00
  11    8.774801492691e-01    0.000000000000e+00    4.782799482346e-01    3.573416918516e-02   -4.782798588276e-01    3.573416173458e-02    8.774801492691e-01    0.000000000000e+00
  12    7.605633139610e-01    0.000000000000e+00    6.488928794861e-01    2.194312959909e-02   -6.488928794861e-01    2.194312959909e-02    7.605632543564e-01    0.000000000000e+00
  13    7.096098065376e-01    0.000000000000e+00   -7.045221924782e-01   -1.011812500656e-02    7.045221924782e-01   -1.011812407523e-02    7.096097469330e-01    0.000000000000e+00
  14    1.000000000000e+00    0.000000000000e+00    0.000000000000e+00    0.000000000000e+00    0.000000000000e+00    0.000000000000e+00    1.000000000000e+00    0.000000000000e+00
  15    1.000000000000e+00    0.000000000000e+00    0.000000000000e+00    0.000000000000e+00    0.000000000000e+00    0.000000000000e+00    1.000000000000e+00    0.000000000000e+00
  16    7.907612323761e-01    0.000000000000e+00    6.105109453201e-01   -4.441897571087e-02   -6.105109453201e-01   -4.441897198558e-02    7.907611727715e-01    0.000000000000e+00
  17    7.277774810791e-01    0.000000000000e+00   -6.858114600182e-01    1.633951906115e-03    6.858114004135e-01    1.633951556869e-03    7.277774214745e-01    0.000000000000e+00
  18    1.000000000000e+00    0.000000000000e+00    0.000000000000e+00    0.000000000000e+00    0.000000000000e+00    0.000000000000e+00    1.000000000000e+00    0.000000000000e+00
  19    1.000000000000e+00    0.000000000000e+00    0.000000000000e+00    0.000000000000e+00    0.000000000000e+00    0.000000000000e+00    1.000000000000e+00    0.000000000000e+00
  20    1.000000000000e+00    0.000000000000e+00    0.000000000000e+00    0.000000000000e+00    0.000000000000e+00    0.000000000000e+00    1.000000000000e+00    0.000000000000e+00
  21    1.000000000000e+00    0.000000000000e+00    0.000000000000e+00    0.000000000000e+00    0.000000000000e+00    0.000000000000e+00    1.000000000000e+00    0.000000000000e+00
  22    1.000000000000e+00    0.000000000000e+00    0.000000000000e+00    0.000000000000e+00    0.000000000000e+00    0.000000000000e+00    1.000000000000e+00    0.000000000000e+00
  23    7.155379652977e-01    0.000000000000e+00   -6.985200047493e-01    8.678633719683e-03    6.985198855400e-01    8.678629063070e-03    7.155379056931e-01    0.000000000000e+00
  24    1.000000000000e+00    0.000000000000e+00    0.000000000000e+00    0.000000000000e+00    0.000000000000e+00    0.000000000000e+00    1.000000000000e+00    0.000000000000e+00
  25    7.147052288055e-01    0.000000000000e+00   -6.878995299339e-01    1.264539808035e-01    6.878994703293e-01    1.264539808035e-01    7.147054076195e-01    0.000000000000e+00
  26    7.421175241470e-01    0.000000000000e+00   -6.702688336372e-01    1.170725096017e-03    6.702687740326e-01    1.170725096017e-03    7.421174049377e-01    0.000000000000e+00
  27    7.402138710022e-01    0.000000000000e+00   -6.651005744934e-01   -9.861287474632e-02    6.651005744934e-01   -9.861285984516e-02    7.402140498161e-01    0.000000000000e+00
  28    7.640180587769e-01    0.000000000000e+00   -6.157343983650e-01   -1.927370727062e-01    6.157343983650e-01   -1.927370578051e-01    7.640180587769e-01    0.000000000000e+00
  29    7.620432376862e-01    0.000000000000e+00   -6.439562439919e-01   -6.790132075548e-02    6.439561843872e-01   -6.790132820606e-02    7.620432972908e-01    0.000000000000e+00
  30    7.514064311981e-01    0.000000000000e+00   -6.584423780441e-01   -4.291581362486e-02    6.584425568581e-01   -4.291581735015e-02    7.514064908028e-01    0.000000000000e+00
  31    7.526105642319e-01    0.000000000000e+00   -6.545097231865e-01   -7.207243144512e-02    6.545097231865e-01   -7.207242399454e-02    7.526105046272e-01    0.000000000000e+00
  32    7.569618821144e-01    0.000000000000e+00   -6.427137255669e-01   -1.180157810450e-01    6.427137851715e-01   -1.180157735944e-01    7.569618225098e-01    0.000000000000e+00
  33    7.524337172508e-01    0.000000000000e+00   -6.504408121109e-01   -1.037796959281e-01    6.504408717155e-01   -1.037797257304e-01    7.524337768555e-01    0.000000000000e+00
  34    7.607768774033e-01    0.000000000000e+00   -6.424469351768e-01   -9.208916872740e-02    6.424470543861e-01   -9.208916872740e-02    7.607768177986e-01    0.000000000000e+00
  35    7.928581237793e-01    0.000000000000e+00    5.610786676407e-01    2.378374338150e-01   -5.610787272453e-01    2.378374487162e-01    7.928583025932e-01    0.000000000000e+00
  36    9.411544799805e-01    0.000000000000e+00   -9.052045643330e-02    3.256288170815e-01    9.052045643330e-02    3.256288468838e-01    9.411544799805e-01    0.000000000000e+00
  37    9.361311793327e-01    0.000000000000e+00   -2.089440226555e-01    2.828440964222e-01    2.089440077543e-01    2.828440964222e-01    9.361311793327e-01    0.000000000000e+00
  38    9.428870677948e-01    0.000000000000e+00    1.687523573637e-01    2.872047126293e-01   -1.687523722649e-01    2.872046828270e-01    9.428870677948e-01    0.000000000000e+00
  39    9.295438528061e-01    0.000000000000e+00    1.295618414879e-01    3.451986014843e-01   -1.295618265867e-01    3.451986014843e-01    9.295437932014e-01    0.000000000000e+00
  40    8.997945189476e-01    0.000000000000e+00   -2.290480434895e-01    3.713579773903e-01    2.290480881929e-01    3.713580667973e-01    8.997945189476e-01    0.000000000000e+00
  41    8.675888180733e-01    0.000000000000e+00   -3.225254714489e-01    3.785063028336e-01    3.225253820419e-01    3.785061836243e-01    8.675887584686e-01    0.000000000000e+00
  42    8.854680061340e-01    0.000000000000e+00   -2.575006186962e-01    3.868330419064e-01    2.575006484985e-01    3.868330419064e-01    8.854679465294e-01    0.000000000000e+00
  43    8.780059814453e-01    0.000000000000e+00   -2.443042695522e-01    4.116076827049e-01    2.443042248487e-01    4.116076529026e-01    8.780060410500e-01    0.000000000000e+00
  44    8.122510910034e-01    0.000000000000e+00   -4.610992074013e-01    3.572613894939e-01    4.610992372036e-01    3.572613596916e-01    8.122511506081e-01    0.000000000000e+00
  45    7.772356271744e-01    0.000000000000e+00   -5.252208709717e-01    3.464793860912e-01    5.252207517624e-01    3.464793562889e-01    7.772355079651e-01    0.000000000000e+00
  46    7.705329656601e-01    0.000000000000e+00   -5.186341404915e-01    3.705368041992e-01    5.186341404915e-01    3.705368638039e-01    7.705330252647e-01    0.000000000000e+00
  47    7.675721645355e-01    0.000000000000e+00   -5.118298530579e-01    3.858280479908e-01    5.118297934532e-01    3.858279883862e-01    7.675719857216e-01    0.000000000000e+00
  48    7.656207680702e-01    0.000000000000e+00   -5.084480047226e-01    3.940882980824e-01    5.084479451180e-01    3.940882384777e-01    7.656205892563e-01    0.000000000000e+00
  49    7.608691453934e-01    0.000000000000e+00   -4.889684021473e-01    4.266004562378e-01    4.889684617519e-01    4.266005158424e-01    7.608690857887e-01    0.000000000000e+00
  50    7.535059452057e-01    0.000000000000e+00   -4.875846207142e-01    4.410103261471e-01    4.875846207142e-01    4.410102367401e-01    7.535059452057e-01    0.000000000000e+00
  51    7.491652369499e-01    0.000000000000e+00   -4.848916232586e-01    4.512555897236e-01    4.848915934563e-01    4.512555301189e-01    7.491651177406e-01    0.000000000000e+00
  52    7.488535642624e-01    0.000000000000e+00   -4.609206020832e-01    4.762043356895e-01    4.609205722809e-01    4.762043058872e-01    7.488535642624e-01    0.000000000000e+00
  53    7.509763240814e-01    0.000000000000e+00   -4.281439483166e-01    5.027200579643e-01    4.281439483166e-01    5.027199983597e-01    7.509763240814e-01    0.000000000000e+00
  54    7.511769533157e-01    0.000000000000e+00   -4.085035026073e-01    5.185151696205e-01    4.085034728050e-01    5.185152292252e-01    7.511770725250e-01    0.000000000000e+00
  55    7.458037734032e-01    0.000000000000e+00   -4.140786528587e-01    5.218387246132e-01    4.140786528587e-01    5.218387246132e-01    7.458036541939e-01    0.000000000000e+00
  56    7.479091286659e-01    0.000000000000e+00   -3.607579767704e-01    5.572122335434e-01    3.607580661774e-01    5.572122931480e-01    7.479092478752e-01    0.000000000000e+00
  57    7.437918782234e-01    0.000000000000e+00   -3.372705280781e-01    5.770806074142e-01    3.372705876827e-01    5.770806670189e-01    7.437919974327e-01    0.000000000000e+00
  58    7.459715604782e-01    0.000000000000e+00   -3.006780445576e-01    5.942383408546e-01    3.006780743599e-01    5.942383408546e-01    7.459715604782e-01    0.000000000000e+00
  59    7.467359900475e-01    0.000000000000e+00   -2.727595567703e-01    6.066198348999e-01    2.727595567703e-01    6.066198945045e-01    7.467359304428e-01    0.000000000000e+00
  60    7.492320537567e-01    0.000000000000e+00   -2.143852561712e-01    6.266499757767e-01    2.143852561712e-01    6.266499757767e-01    7.492321133614e-01    0.000000000000e+00
  61    7.529026269913e-01    0.000000000000e+00   -1.498261541128e-01    6.408508419991e-01    1.498261243105e-01    6.408507823944e-01    7.529025673866e-01    0.000000000000e+00
  62    7.583190202713e-01    0.000000000000e+00   -7.088943570852e-02    6.480175852776e-01    7.088944315910e-02    6.480177044868e-01    7.583190202713e-01    0.000000000000e+00
  63    7.618430256844e-01    0.000000000000e+00   -1.165069406852e-03    6.477605104446e-01    1.165073248558e-03    6.477605104446e-01    7.618430256844e-01    0.000000000000e+00
  64    7.631309628487e-01    0.000000000000e+00    6.855480372906e-02    6.425973176956e-01   -6.855479627848e-02    6.425972580910e-01    7.631310224533e-01    0.000000000000e+00
  65    7.684745788574e-01    0.000000000000e+00    1.620954424143e-01    6.190087795258e-01   -1.620954424143e-01    6.190087199211e-01    7.684745192528e-01    0.000000000000e+00
  66    7.733109593391e-01    0.000000000000e+00    2.311308383942e-01    5.903971195221e-01   -2.311308234930e-01    5.903970599174e-01    7.733109593391e-01    0.000000000000e+00
  67    7.792642116547e-01    0.000000000000e+00    2.932467162609e-01    5.538533926010e-01   -2.932467460632e-01    5.538534522057e-01    7.792642116547e-01    0.000000000000e+00
  68    7.834568023682e-01    0.000000000000e+00    3.666821718216e-01    5.017366409302e-01   -3.666821420193e-01    5.017366409302e-01    7.834567427635e-01    0.000000000000e+00
  69    7.830502390862e-01    0.000000000000e+00    4.227807521820e-01    4.561674594879e-01   -4.227806925774e-01    4.561674296856e-01    7.830502986908e-01    0.000000000000e+00
  70    7.863031029701e-01    0.000000000000e+00    4.583735167980e-01    4.142716526985e-01   -4.583736062050e-01    4.142717123032e-01    7.863031625748e-01    0.000000000000e+00
  71    7.894536256790e-01    0.000000000000e+00    4.911004900932e-01    3.682163357735e-01   -4.911004900932e-01    3.682163059711e-01    7.894536852837e-01    0.000000000000e+00
  72    7.909291386604e-01    0.000000000000e+00    5.245068073273e-01    3.151566386223e-01   -5.245067477226e-01    3.151565790176e-01    7.909290790558e-01    0.000000000000e+00
  73    7.910811305046e-01    0.000000000000e+00    5.522561669350e-01    2.630659937859e-01   -5.522561073303e-01    2.630659937859e-01    7.910811901093e-01    0.000000000000e+00
  74    7.926679253578e-01    0.000000000000e+00    5.713667273521e-01    2.126443684101e-01   -5.713667273521e-01    2.126443535089e-01    7.926678657532e-01    0.000000000000e+00
  75    7.954416871071e-01    0.000000000000e+00    5.798921585083e-01    1.760616898537e-01   -5.798920392990e-01    1.760616749525e-01    7.954416275024e-01    0.000000000000e+00
  76    7.955586910248e-01    0.000000000000e+00    5.902867913246e-01    1.365569084883e-01   -5.902867913246e-01    1.365568935871e-01    7.955588102341e-01    0.000000000000e+00
  77    7.949200272560e-01    0.000000000000e+00    6.002421379089e-01    8.838234841824e-02   -6.002421975136e-01    8.838234841824e-02    7.949200868607e-01    0.000000000000e+00
  78    7.927306890488e-01    0.000000000000e+00    6.081385612488e-01    4.178062826395e-02   -6.081385612488e-01    4.178063198924e-02    7.927306294441e-01    0.000000000000e+00
  79    7.910953760147e-01    0.000000000000e+00    6.116321086884e-01    8.619359694421e-03   -6.116321086884e-01    8.619359694421e-03    7.910953164101e-01    0.000000000000e+00
  80    7.913371920586e-01    0.000000000000e+00    6.112200617790e-01   -1.397890318185e-02   -6.112200021744e-01   -1.397890225053e-02    7.913372516632e-01    0.000000000000e+00
  81    7.893133759499e-01    0.000000000000e+00    6.128921508789e-01   -3.671061620116e-02   -6.128919720650e-01   -3.671060502529e-02    7.893133759499e-01    0.000000000000e+00
  82    7.845967411995e-01    0.000000000000e+00    6.164893507957e-01   -6.594508141279e-02   -6.164894104004e-01   -6.594509631395e-02    7.845968604088e-01    0.000000000000e+00
  83    7.833595275879e-01    0.000000000000e+00    6.152211427689e-01   -8.860466629267e-02   -6.152210831642e-01   -8.860466629267e-02    7.833595871925e-01    0.000000000000e+00
  84    7.829994559288e-01    0.000000000000e+00    6.124596595764e-01   -1.086512804031e-01   -6.124595999718e-01   -1.086512655020e-01    7.829993367195e-01    0.000000000000e+00
  85    7.815603613853e-01    0.000000000000e+00    6.111831068993e-01   -1.249745860696e-01   -6.111830472946e-01   -1.249745488167e-01    7.815604209900e-01    0.000000000000e+00
  86    7.801663875580e-01    0.000000000000e+00    6.098837852478e-01   -1.392199397087e-01   -6.098837852478e-01   -1.392199695110e-01    7.801663875580e-01    0.000000000000e+00
  87    7.796844840050e-01    0.000000000000e+00    6.063486933708e-01   -1.563116759062e-01   -6.063487529755e-01   -1.563116759062e-01    7.796844840050e-01    0.000000000000e+00
  88    7.785488963127e-01    0.000000000000e+00    6.026862263680e-01   -1.750173121691e-01   -6.026861667633e-01   -1.750172525644e-01    7.785488367081e-01    0.000000000000e+00
  89    7.776937484741e-01    0.000000000000e+00    5.980641841888e-01   -1.936793029308e-01   -5.980642437935e-01   -1.936792731285e-01    7.776936292648e-01    0.000000000000e+00
  90    7.763445377350e-01    0.000000000000e+00    5.953788161278e-01   -2.069136947393e-01   -5.953786969185e-01   -2.069137245417e-01    7.763444781303e-01    0.000000000000e+00
  91    7.748809456825e-01    0.000000000000e+00    5.926901102066e-01   -2.197224795818e-01   -5.926901102066e-01   -2.197225242853e-01    7.748810052872e-01    0.000000000000e+00
  92    7.733067870140e-01    0.000000000000e+00    5.901558995247e-01   -2.317606210709e-01   -5.901556611061e-01   -2.317605614662e-01    7.733067274094e-01    0.000000000000e+00
  93    7.718283534050e-01    0.000000000000e+00    5.878671407700e-01   -2.422667592764e-01   -5.878671407700e-01   -2.422667741776e-01    7.718282938004e-01    0.000000000000e+00
  94    7.674084901810e-01    0.000000000000e+00    5.863100886345e-01   -2.594701349735e-01   -5.863099694252e-01   -2.594701051712e-01    7.674084305763e-01    0.000000000000e+00
  95    7.657631635666e-01    0.000000000000e+00    5.833603143692e-01   -2.707354128361e-01   -5.833602547646e-01   -2.707354128361e-01    7.657631039619e-01    0.000000000000e+00
  96    7.647692561150e-01    0.000000000000e+00    5.784376859665e-01   -2.837918400764e-01   -5.784376859665e-01   -2.837918698788e-01    7.647693157196e-01    0.000000000000e+00
  97    7.634313106537e-01    0.000000000000e+00    5.742313265800e-01   -2.956875860691e-01   -5.742312669754e-01   -2.956875562668e-01    7.634313702583e-01    0.000000000000e+00
  98    7.614953517914e-01    0.000000000000e+00    5.719454288483e-01   -3.049644827843e-01   -5.719454288483e-01   -3.049644827843e-01    7.614952325821e-01    0.000000000000e+00
  99    7.598127722740e-01    0.000000000000e+00    5.712792873383e-01   -3.103621006012e-01   -5.712792277336e-01   -3.103620409966e-01    7.598126530647e-01    0.000000000000e+00
 100    7.557505965233e-01    0.000000000000e+00    5.695047974586e-01   -3.232729136944e-01   -5.695047378540e-01   -3.232728540897e-01    7.557505965233e-01    0.000000000000e+00
 101    7.531158328056e-01    0.000000000000e+00    5.616062879562e-01   -3.426584303379e-01   -5.616062879562e-01   -3.426585197449e-01    7.531157732010e-01    0.000000000000e+00
 102    7.486934065819e-01    0.000000000000e+00    5.615801215172e-01   -3.522584140301e-01   -5.615801215172e-01   -3.522584438324e-01    7.486934065819e-01    0.000000000000e+00
 103    7.482345700264e-01    0.000000000000e+00    5.599470138550e-01   -3.558152914047e-01   -5.599469542503e-01   -3.558152914047e-01    7.482345104218e-01    0.000000000000e+00
 104    7.431876659393e-01    0.000000000000e+00    5.597783327103e-01   -3.664973080158e-01   -5.597783923149e-01   -3.664972782135e-01    7.431877255440e-01    0.000000000000e+00
 105    7.423833012581e-01    0.000000000000e+00    5.445022583008e-01   -3.903640508652e-01   -5.445023775101e-01   -3.903641104698e-01    7.423834800720e-01    0.000000000000e+00
 106    7.374256253242e-01    0.000000000000e+00    5.448258519173e-01   -3.992094397545e-01   -5.448259711266e-01   -3.992095291615e-01    7.374256849289e-01    0.000000000000e+00
 107    7.318603992462e-01    0.000000000000e+00    5.416293740273e-01   -4.135431945324e-01   -5.416294336319e-01   -4.135431945324e-01    7.318603396416e-01    0.000000000000e+00
 108    7.276840209961e-01    0.000000000000e+00    5.418739318848e-01   -4.205339550972e-01   -5.418738126755e-01   -4.205338954926e-01    7.276840209961e-01    0.000000000000e+00
 109    7.234619855881e-01    0.000000000000e+00    5.374459028244e-01   -4.333064258099e-01   -5.374459624290e-01   -4.333064556122e-01    7.234619855881e-01    0.000000000000e+00
 110    7.207732796669e-01    0.000000000000e+00    5.326328873634e-01   -4.436083734035e-01   -5.326327085495e-01   -4.436082243919e-01    7.207732200623e-01    0.000000000000e+00
 111    7.134575843811e-01    0.000000000000e+00    5.359137654305e-01   -4.514139592648e-01   -5.359138250351e-01   -4.514140486717e-01    7.134575843811e-01    0.000000000000e+00
 112    7.074066996574e-01    0.000000000000e+00   -5.296977162361e-01    4.679701924324e-01    5.296976566315e-01    4.679701328278e-01    7.074066400528e-01    0.000000000000e+00
 113    7.134633064270e-01    0.000000000000e+00   -5.227695107460e-01    4.665641188622e-01    5.227694511414e-01    4.665641784668e-01    7.134633660316e-01    0.000000000000e+00
 114    7.189040184021e-01    0.000000000000e+00   -5.124707818031e-01    4.696282744408e-01    5.124709010124e-01    4.696282148361e-01    7.189038991928e-01    0.000000000000e+00
 115    7.236546874046e-01    0.000000000000e+00   -5.030307173729e-01    4.725289344788e-01    5.030308961868e-01    4.725289642811e-01    7.236549854279e-01    0.000000000000e+00
 116    7.294745445251e-01    0.000000000000e+00   -4.927152693272e-01    4.744454920292e-01    4.927152395248e-01    4.744455218315e-01    7.294745445251e-01    0.000000000000e+00
 117    7.359623312950e-01    0.000000000000e+00   -4.815272092819e-01    4.759105443954e-01    4.815273582935e-01    4.759105741978e-01    7.359623908997e-01    0.000000000000e+00
 118    7.401442527771e-01    0.000000000000e+00   -4.744702279568e-01    4.765129387379e-01    4.744702279568e-01    4.765129685402e-01    7.401442527771e-01    0.000000000000e+00
 119    7.460225820541e-01    0.000000000000e+00   -4.646250903606e-01    4.770468473434e-01    4.646250605583e-01    4.770468175411e-01    7.460227012634e-01    0.000000000000e+00
 120    7.527952790260e-01    0.000000000000e+00   -4.549617469311e-01    4.757196009159e-01    4.549616873264e-01    4.757195413113e-01    7.527952790260e-01    0.000000000000e+00
 121    7.587061524391e-01    0.000000000000e+00   -4.465030133724e-01    4.743418097496e-01    4.465029835701e-01    4.743417501450e-01    7.587061524391e-01    0.000000000000e+00
 122    7.639305591583e-01    0.000000000000e+00   -4.356887936592e-01    4.760096371174e-01    4.356887936592e-01    4.760097265244e-01    7.639307379723e-01    0.000000000000e+00
 123    7.684538364410e-01    0.000000000000e+00   -4.277167320251e-01    4.759593307972e-01    4.277167022228e-01    4.759592115879e-01    7.684537768364e-01    0.000000000000e+00
 124    7.734518051147e-01    0.000000000000e+00   -4.204060733318e-01    4.743744730949e-01    4.204059839249e-01    4.743743240833e-01    7.734518051147e-01    0.000000000000e+00
 125    7.786130309105e-01    0.000000000000e+00   -4.131650328636e-01    4.722884297371e-01    4.131650030613e-01    4.722884595394e-01    7.786130309105e-01    0.000000000000e+00
 126    7.831259965897e-01    0.000000000000e+00   -4.053351879120e-01    4.716109335423e-01    4.053353071213e-01    4.716109931469e-01    7.831259965897e-01    0.000000000000e+00
 127    7.872571349144e-01    0.000000000000e+00   -3.969417512417e-01    4.718724191189e-01    3.969416916370e-01    4.718723297119e-01    7.872571349144e-01    0.000000000000e+00
 128    7.897387742996e-01    0.000000000000e+00   -3.923918604851e-01    4.715308845043e-01    3.923918306828e-01    4.715308547020e-01    7.897386550903e-01    0.000000000000e+00
 129    7.942634224892e-01    0.000000000000e+00   -3.869149386883e-01    4.684468805790e-01    3.869148790836e-01    4.684467911720e-01    7.942635416985e-01    0.000000000000e+00
 130    8.003047108650e-01    0.000000000000e+00   -3.802981078625e-01    4.635576605797e-01    3.802980780602e-01    4.635576903820e-01    8.003047704697e-01    0.000000000000e+00
 131    8.061668872833e-01    0.000000000000e+00   -3.717859685421e-01    4.602933824062e-01    3.717860579491e-01    4.602934420109e-01    8.061669468880e-01    0.000000000000e+00
 132    8.096738457680e-01    0.000000000000e+00   -3.648314476013e-01    4.597023725510e-01    3.648314774036e-01    4.597023725510e-01    8.096737265587e-01    0.000000000000e+00
 133    8.120409250259e-01    0.000000000000e+00   -3.601560592651e-01    4.592135846615e-01    3.601560890675e-01    4.592136442661e-01    8.120409846306e-01    0.000000000000e+00
 134    8.152284026146e-01    0.000000000000e+00   -3.574000298977e-01    4.557059705257e-01    3.573999702930e-01    4.557059705257e-01    8.152284026146e-01    0.000000000000e+00
 135    8.194954395294e-01    0.000000000000e+00   -3.541806340218e-01    4.505363702774e-01    3.541807532310e-01    4.505364894867e-01    8.194954395294e-01    0.000000000000e+00
 136    8.232817053795e-01    0.000000000000e+00   -3.496648073196e-01    4.471486806870e-01    3.496646881104e-01    4.471485316753e-01    8.232817649841e-01    0.000000000000e+00
 137    8.256208300591e-01    0.000000000000e+00   -3.454819023609e-01    4.460858702660e-01    3.454818427563e-01    4.460858106613e-01    8.256208300591e-01    0.000000000000e+00
 138    8.280842900276e-01    0.000000000000e+00   -3.414056003094e-01    4.446554481983e-01    3.414056897163e-01    4.446555674076e-01    8.280842304230e-01    0.000000000000e+00
 139    8.313763737679e-01    0.000000000000e+00   -3.377352058887e-01    4.413029253483e-01    3.377352952957e-01    4.413028955460e-01    8.313762545586e-01    0.000000000000e+00
 140    8.350158929825e-01    0.000000000000e+00   -3.344776332378e-01    4.368903934956e-01    3.344775736332e-01    4.368903934956e-01    8.350158929825e-01    0.000000000000e+00
 141    8.378688693047e-01    0.000000000000e+00   -3.317717015743e-01    4.334781169891e-01    3.317717313766e-01    4.334781467915e-01    8.378688097000e-01    0.000000000000e+00
 142    8.397568464279e-01    0.000000000000e+00   -3.304447233677e-01    4.308303892612e-01    3.304446935654e-01    4.308302700520e-01    8.397567868233e-01    0.000000000000e+00
 143    8.418596982956e-01    0.000000000000e+00   -3.283072113991e-01    4.283533096313e-01    3.283072412014e-01    4.283532798290e-01    8.418596982956e-01    0.000000000000e+00
 144    8.443442583084e-01    0.000000000000e+00   -3.259191811085e-01    4.252756834030e-01    3.259192109108e-01    4.252756237984e-01    8.443443179131e-01    0.000000000000e+00
 145    8.463732600212e-01    0.000000000000e+00   -3.247053027153e-01    4.221595227718e-01    3.247053921223e-01    4.221597313881e-01    8.463733196259e-01    0.000000000000e+00
 146    8.482242822647e-01    0.000000000000e+00   -3.242898881435e-01    4.187500774860e-01    3.242899775505e-01    4.187501370907e-01    8.482242822647e-01    0.000000000000e+00
 147    8.507458567619e-01    0.000000000000e+00   -3.220621049404e-01    4.153403341770e-01    3.220620751381e-01    4.153402149677e-01    8.507457971573e-01    0.000000000000e+00
 148    8.534459471703e-01    0.000000000000e+00   -3.195826709270e-01    4.117000699043e-01    3.195826411247e-01    4.117000401020e-01    8.534459471703e-01    0.000000000000e+00
 149    8.554634451866e-01    0.000000000000e+00   -3.181309998035e-01    4.086255133152e-01    3.181309998035e-01    4.086256027222e-01    8.554635643959e-01    0.000000000000e+00
 150    8.567349910736e-01    0.000000000000e+00   -3.182493448257e-01    4.058600664139e-01    3.182493746281e-01    4.058601260185e-01    8.567349910736e-01    0.000000000000e+00
 151    8.579074144363e-01    0.000000000000e+00   -3.191289007664e-01    4.026808440685e-01    3.191288411617e-01    4.026807248592e-01    8.579073548317e-01    0.000000000000e+00
 152    8.594670891762e-01    0.000000000000e+00   -3.186847865582e-01    3.996951282024e-01    3.186848163605e-01    3.996952772141e-01    8.594671487808e-01    0.000000000000e+00
 153    8.609257936478e-01    0.000000000000e+00   -3.177428245544e-01    3.972985744476e-01    3.177428245544e-01    3.972986042500e-01    8.609257340431e-01    0.000000000000e+00
 154    8.621195554733e-01    0.000000000000e+00   -3.170658946037e-01    3.952456712723e-01    3.170658648014e-01    3.952456116676e-01    8.621194362640e-01    0.000000000000e+00
 155    8.630161285400e-01    0.000000000000e+00   -3.182525038719e-01    3.923245668411e-01    3.182525336742e-01    3.923245668411e-01    8.630160689354e-01    0.000000000000e+00
 156    8.632853031158e-01    0.000000000000e+00   -3.199953734875e-01    3.903095424175e-01    3.199953734875e-01    3.903095424175e-01    8.632851839066e-01    0.000000000000e+00
 157    8.635681271553e-01    0.000000000000e+00   -3.218409717083e-01    3.881604075432e-01    3.218409717083e-01    3.881603479385e-01    8.635682463646e-01    0.000000000000e+00
 158    8.640977144241e-01    0.000000000000e+00   -3.237538337708e-01    3.853812515736e-01    3.237537443638e-01    3.853812515736e-01    8.640975952148e-01    0.000000000000e+00
 159    8.648408055305e-01    0.000000000000e+00   -3.263466358185e-01    3.815078437328e-01    3.263466954231e-01    3.815078735352e-01    8.648408651352e-01    0.000000000000e+00
 160    8.654089570045e-01    0.000000000000e+00   -3.286880254745e-01    3.781950771809e-01    3.286880254745e-01    3.781950175762e-01    8.654089570045e-01    0.000000000000e+00
 161    8.654792904854e-01    0.000000000000e+00   -3.301804065704e-01    3.767311573029e-01    3.301804363728e-01    3.767312765121e-01    8.654793500900e-01    0.000000000000e+00
 162    8.657124042511e-01    0.000000000000e+00   -3.304548859596e-01    3.759540617466e-01    3.304548859596e-01    3.759540617466e-01    8.657124042511e-01    0.000000000000e+00
 163    8.662357330322e-01    0.000000000000e+00   -3.322626352310e-01    3.731448650360e-01    3.322626352310e-01    3.731449246407e-01    8.662357330322e-01    0.000000000000e+00
 164    8.666725158691e-01    0.000000000000e+00   -3.357817530632e-01    3.689569532871e-01    3.357819318771e-01    3.689571022987e-01    8.666726946831e-01    0.000000000000e+00
 165    8.668146133423e-01    0.000000000000e+00   -3.394249081612e-01    3.652714192867e-01    3.394248187542e-01    3.652714490891e-01    8.668145537376e-01    0.000000000000e+00
 166    8.671536445618e-01    0.000000000000e+00   -3.405151963234e-01    3.634470403194e-01    3.405153155327e-01    3.634471297264e-01    8.671536445618e-01    0.000000000000e+00
 167    8.677810430527e-01    0.000000000000e+00   -3.409391641617e-01    3.615474998951e-01    3.409392237663e-01    3.615474700928e-01    8.677810430527e-01    0.000000000000e+00
 168    8.685324788094e-01    0.000000000000e+00   -3.424246311188e-01    3.583248555660e-01    3.424246311188e-01    3.583249449730e-01    8.685325384140e-01    0.000000000000e+00
 169    8.683381676674e-01    0.000000000000e+00   -3.468715250492e-01    3.544979393482e-01    3.468716442585e-01    3.544979989529e-01    8.683382272720e-01    0.000000000000e+00
 170    8.674504756927e-01    0.000000000000e+00   -3.522787690163e-01    3.513250946999e-01    3.522787094116e-01    3.513250946999e-01    8.674505352974e-01    0.000000000000e+00
 171    8.671917915344e-01    0.000000000000e+00   -3.552571833134e-01    3.489567637444e-01    3.552572131157e-01    3.489567339420e-01    8.671918511391e-01    0.000000000000e+00
 172    8.671290874481e-01    0.000000000000e+00   -3.573701679707e-01    3.469492793083e-01    3.573701381683e-01    3.469492793083e-01    8.671289682388e-01    0.000000000000e+00
 173    8.674605488777e-01    0.000000000000e+00   -3.594808876514e-01    3.439269959927e-01    3.594808876514e-01    3.439269363880e-01    8.674605488777e-01    0.000000000000e+00
 174    8.669793605804e-01    0.000000000000e+00   -3.626836836338e-01    3.417707383633e-01    3.626837134361e-01    3.417707383633e-01    8.669794201851e-01    0.000000000000e+00
 175    8.663099408150e-01    0.000000000000e+00   -3.661619126797e-01    3.397536575794e-01    3.661619126797e-01    3.397537469864e-01    8.663098812103e-01    0.000000000000e+00
 176    8.658365607262e-01    0.000000000000e+00   -3.696689903736e-01    3.371524512768e-01    3.696690797806e-01    3.371524810791e-01    8.658365011215e-01    0.000000000000e+00
 177    8.654818534851e-01    0.000000000000e+00   -3.733253180981e-01    3.340199291706e-01    3.733253479004e-01    3.340198993683e-01    8.654819130898e-01    0.000000000000e+00
 178    8.649584054947e-01    0.000000000000e+00   -3.772026300430e-01    3.310060501099e-01    3.772026896477e-01    3.310060501099e-01    8.649584650993e-01    0.000000000000e+00
 179    8.636277914047e-01    0.000000000000e+00   -3.816892504692e-01    3.293331861496e-01    3.816893100739e-01    3.293331861496e-01    8.636276721954e-01    0.000000000000e+00
 180    8.617914319038e-01    0.000000000000e+00   -3.869218528271e-01    3.280351459980e-01    3.869217932224e-01    3.280351161957e-01    8.617914319038e-01    0.000000000000e+00
 181    8.603488206863e-01    0.000000000000e+00   -3.917645514011e-01    3.260680735111e-01    3.917646110058e-01    3.260681033134e-01    8.603488206863e-01    0.000000000000e+00
 182    8.591933846474e-01    0.000000000000e+00   -3.971339762211e-01    3.226007521152e-01    3.971340656281e-01    3.226007521152e-01    8.591934442520e-01    0.000000000000e+00
 183    8.583566546440e-01    0.000000000000e+00   -4.022481739521e-01    3.184651732445e-01    4.022482335567e-01    3.184652626514e-01    8.583566546440e-01    0.000000000000e+00
 184    8.570134043694e-01    0.000000000000e+00   -4.065734744072e-01    3.165849149227e-01    4.065735638142e-01    3.165849745274e-01    8.570134639740e-01    0.000000000000e+00
 185    8.547893762589e-01    0.000000000000e+00   -4.111175835133e-01    3.167293071747e-01    4.111176133156e-01    3.167293369770e-01    8.547893166542e-01    0.000000000000e+00
 186    8.522635698318e-01    0.000000000000e+00   -4.166409373283e-01    3.163184225559e-01    4.166408181190e-01    3.163183629513e-01    8.522634506226e-01    0.000000000000e+00
 187    8.503864407539e-01    0.000000000000e+00   -4.229514300823e-01    3.129776716232e-01    4.229514896870e-01    3.129777312279e-01    8.503864407539e-01    0.000000000000e+00
 188    8.494360446930e-01    0.000000000000e+00   -4.285464584827e-01    3.079065084457e-01    4.285464286804e-01    3.079065382481e-01    8.494359850883e-01    0.000000000000e+00
 189    8.486750721931e-01    0.000000000000e+00   -4.326679408550e-01    3.042185902596e-01    4.326680004597e-01    3.042186200619e-01    8.486751317978e-01    0.000000000000e+00
 190    8.467313051224e-01    0.000000000000e+00   -4.370387494564e-01    3.033862113953e-01    4.370387792587e-01    3.033862709999e-01    8.467312455177e-01    0.000000000000e+00
 191    8.438200950623e-01    0.000000000000e+00   -4.431984722614e-01    3.025602102280e-01    4.431985020638e-01    3.025601804256e-01    8.438201546669e-01    0.000000000000e+00
 192    8.407911062241e-01    0.000000000000e+00   -4.508843123913e-01    2.996224761009e-01    4.508844017982e-01    2.996225655079e-01    8.407911658287e-01    0.000000000000e+00
 193    8.387061953545e-01    0.000000000000e+00   -4.577406942844e-01    2.950345277786e-01    4.577406644821e-01    2.950345575809e-01    8.387061953545e-01    0.000000000000e+00
 194    8.374475836754e-01    0.000000000000e+00   -4.622930884361e-01    2.914903759956e-01    4.622930288315e-01    2.914904057980e-01    8.374477624893e-01    0.000000000000e+00
 195    8.359678387642e-01    0.000000000000e+00   -4.664183557034e-01    2.891565263271e-01    4.664184153080e-01    2.891565859318e-01    8.359678983688e-01    0.000000000000e+00
 196    8.333723545074e-01    0.000000000000e+00   -4.725913405418e-01    2.866146266460e-01    4.725912511349e-01    2.866145670414e-01    8.333722949028e-01    0.000000000000e+00
 197    8.307051062584e-01    0.000000000000e+00   -4.792215824127e-01    2.833294570446e-01    4.792216420174e-01    2.833295762539e-01    8.307051658630e-01    0.000000000000e+00
 198    8.286296129227e-01    0.000000000000e+00   -4.845095872879e-01    2.803985774517e-01    4.845095574856e-01    2.803985476494e-01    8.286297321320e-01    0.000000000000e+00
 199    8.268713355064e-01    0.000000000000e+00   -4.888304471970e-01    2.780801057816e-01    4.888304471970e-01    2.780801653862e-01    8.268713355064e-01    0.000000000000e+00
 200    8.245668411255e-01    0.000000000000e+00   -4.942429661751e-01    2.753423452377e-01    4.942429065704e-01    2.753423154354e-01    8.245669007301e-01    0.000000000000e+00
 201    8.218897581100e-01    0.000000000000e+00   -5.008080005646e-01    2.714561223984e-01    5.008081197739e-01    2.714561820030e-01    8.218897581100e-01    0.000000000000e+00
 202    8.198805451393e-01    0.000000000000e+00   -5.062893033028e-01    2.673329710960e-01    5.062893033028e-01    2.673329710960e-01    8.198805451393e-01    0.000000000000e+00
 203    8.184627294540e-01    0.000000000000e+00   -5.101684927940e-01    2.642857730389e-01    5.101684331894e-01    2.642857432365e-01    8.184626102448e-01    0.000000000000e+00
 204    8.159173130989e-01    0.000000000000e+00   -5.153105854988e-01    2.621717154980e-01    5.153105258942e-01    2.621716856956e-01    8.159172534943e-01    0.000000000000e+00
 205    8.116033077240e-01    0.000000000000e+00   -5.231115221977e-01    2.601045072079e-01    5.231116414070e-01    2.601044774055e-01    8.116033077240e-01    0.000000000000e+00
 206    8.071783781052e-01    0.000000000000e+00   -5.311948060989e-01    2.574785053730e-01    5.311946868896e-01    2.574785053730e-01    8.071783781052e-01    0.000000000000e+00
 207    8.045068383217e-01    0.000000000000e+00   -5.363197326660e-01    2.552057206631e-01    5.363197326660e-01    2.552057206631e-01    8.045067191124e-01    0.000000000000e+00
 208    8.028310537338e-01    0.000000000000e+00   -5.398380160332e-01    2.530559003353e-01    5.398380756378e-01    2.530559003353e-01    8.028310537338e-01    0.000000000000e+00
 209    8.001357316971e-01    0.000000000000e+00   -5.452494025230e-01    2.499715387821e-01    5.452494025230e-01    2.499715238810e-01    8.001359105110e-01    0.000000000000e+00
 210    7.957531213760e-01    0.000000000000e+00   -5.536940693855e-01    2.453566789627e-01    5.536941289902e-01    2.453566789627e-01    7.957530617714e-01    0.000000000000e+00
 211    7.913498878479e-01    0.000000000000e+00   -5.619680285454e-01    2.407429516315e-01    5.619680881500e-01    2.407429814339e-01    7.913499474525e-01    0.000000000000e+00
 212    7.885253429413e-01    0.000000000000e+00   -5.672557950020e-01    2.375887930393e-01    5.672559738159e-01    2.375888079405e-01    7.885254025459e-01    0.000000000000e+00
 213    7.867485284805e-01    0.000000000000e+00   -5.706782341003e-01    2.352723330259e-01    5.706782937050e-01    2.352723628283e-01    7.867484092712e-01    0.000000000000e+00
 214    7.845357656479e-01    0.000000000000e+00   -5.751109719276e-01    2.318425476551e-01    5.751109719276e-01    2.318424880505e-01    7.845358848572e-01    0.000000000000e+00
 215    7.814659476280e-01    0.000000000000e+00   -5.812477469444e-01    2.268524914980e-01    5.812476873398e-01    2.268525063992e-01    7.814660072327e-01    0.000000000000e+00
 216    7.783690690994e-01    0.000000000000e+00   -5.870595574379e-01    2.224919497967e-01    5.870594382286e-01    2.224919050932e-01    7.783691287041e-01    0.000000000000e+00
 217    7.757098078728e-01    0.000000000000e+00   -5.914463996887e-01    2.201486080885e-01    5.914463996887e-01    2.201486229897e-01    7.757098674774e-01    0.000000000000e+00
 218    7.727882266045e-01    0.000000000000e+00   -5.960332751274e-01    2.180426120758e-01    5.960333347321e-01    2.180426567793e-01    7.727883458138e-01    0.000000000000e+00
 219    7.694130539894e-01    0.000000000000e+00   -6.014681458473e-01    2.150341123343e-01    6.014682054520e-01    2.150341123343e-01    7.694130539894e-01    0.000000000000e+00
 220    7.661872506142e-01    0.000000000000e+00   -6.067922711372e-01    2.115662544966e-01    6.067922711372e-01    2.115662693977e-01    7.661871314049e-01    0.000000000000e+00
 221    7.640072107315e-01    0.000000000000e+00   -6.102993488312e-01    2.093505561352e-01    6.102994084358e-01    2.093505859375e-01    7.640072107315e-01    0.000000000000e+00
 222    7.619297504425e-01    0.000000000000e+00   -6.132459044456e-01    2.083086371422e-01    6.132458448410e-01    2.083086073399e-01    7.619299292564e-01    0.000000000000e+00
 223    7.587675452232e-01    0.000000000000e+00   -6.175669431686e-01    2.070815712214e-01    6.175670027733e-01    2.070815712214e-01    7.587674856186e-01    0.000000000000e+00
 224    7.543236017227e-01    0.000000000000e+00   -6.238293051720e-01    2.045307755470e-01    6.238293051720e-01    2.045307755470e-01    7.543236017227e-01    0.000000000000e+00
 225    7.502182722092e-01    0.000000000000e+00   -6.297783851624e-01    2.013743966818e-01    6.297784447670e-01    2.013744264841e-01    7.502185106277e-01    0.000000000000e+00
 226    7.475627660751e-01    0.000000000000e+00   -6.338599324226e-01    1.984227597713e-01    6.338598728180e-01    1.984227150679e-01    7.475627064705e-01    0.000000000000e+00
 227    7.456328272820e-01    0.000000000000e+00   -6.370102763176e-01    1.955749541521e-01    6.370102763176e-01    1.955749541521e-01    7.456328868866e-01    0.000000000000e+00
 228    7.429774403572e-01    0.000000000000e+00   -6.411138176918e-01    1.922438889742e-01    6.411138176918e-01    1.922439038754e-01    7.429773807526e-01    0.000000000000e+00
 229    7.392705082893e-01    0.000000000000e+00   -6.463991999626e-01    1.888047456741e-01    6.463991999626e-01    1.888047605753e-01    7.392705082893e-01    0.000000000000e+00
 230    7.357892394066e-01    0.000000000000e+00   -6.513924598694e-01    1.852079331875e-01    6.513924598694e-01    1.852079480886e-01    7.357894182205e-01    0.000000000000e+00
 231    7.330961823463e-01    0.000000000000e+00   -6.555314660072e-01    1.812417209148e-01    6.555314660072e-01    1.812417060137e-01    7.330961227417e-01    0.000000000000e+00
 232    7.309381365776e-01    0.000000000000e+00   -6.591092944145e-01    1.769310235977e-01    6.591091156006e-01    1.769310086966e-01    7.309380769730e-01    0.000000000000e+00
 233    7.285404801369e-01    0.000000000000e+00   -6.625924110413e-01    1.737816333771e-01    6.625924110413e-01    1.737816333771e-01    7.285404801369e-01    0.000000000000e+00
 234    7.256077528000e-01    0.000000000000e+00   -6.662049293518e-01    1.722332686186e-01    6.662049293518e-01    1.722332537174e-01    7.256078720093e-01    0.000000000000e+00
 235    7.226385474205e-01    0.000000000000e+00   -6.697462797165e-01    1.709783822298e-01    6.697461009026e-01    1.709783524275e-01    7.226384878159e-01    0.000000000000e+00
 236    7.199510931969e-01    0.000000000000e+00   -6.732135415077e-01    1.686833351851e-01    6.732134819031e-01    1.686833351851e-01    7.199510335922e-01    0.000000000000e+00
 237    7.174531817436e-01    0.000000000000e+00   -6.765012741089e-01    1.661533862352e-01    6.765013337135e-01    1.661534011364e-01    7.174530625343e-01    0.000000000000e+00
 238    7.145815491676e-01    0.000000000000e+00   -6.800425648689e-01    1.640593707561e-01    6.800425052643e-01    1.640593707561e-01    7.145813703537e-01    0.000000000000e+00
 239    7.112486362457e-01    0.000000000000e+00   -6.840914487839e-01    1.616923362017e-01    6.840913891792e-01    1.616923063993e-01    7.112484574318e-01    0.000000000000e+00
 240    7.081330418587e-01    0.000000000000e+00   -6.880601644516e-01    1.584963500500e-01    6.880599260330e-01    1.584962755442e-01    7.081328034401e-01    0.000000000000e+00
 241    7.085731625557e-01    0.000000000000e+00    6.884988546371e-01   -1.545753329992e-01   -6.884986758232e-01   -1.545753031969e-01    7.085732817650e-01    0.000000000000e+00
 242    7.109623551369e-01    0.000000000000e+00    6.868990063667e-01   -1.506726592779e-01   -6.868990063667e-01   -1.506726294756e-01    7.109623551369e-01    0.000000000000e+00
 243    7.138763070107e-01    0.000000000000e+00    6.847543120384e-01   -1.466016769409e-01   -6.847543120384e-01   -1.466016918421e-01    7.138763666153e-01    0.000000000000e+00
 244    7.170812487602e-01    0.000000000000e+00    6.822822093964e-01   -1.424271315336e-01   -6.822823286057e-01   -1.424271762371e-01    7.170811891556e-01    0.000000000000e+00
 245    7.194957137108e-01    0.000000000000e+00    6.804981827736e-01   -1.387373209000e-01   -6.804982423782e-01   -1.387373507023e-01    7.194957733154e-01    0.000000000000e+00
 246    7.210937142372e-01    0.000000000000e+00    6.794309020042e-01   -1.356372535229e-01   -6.794310212135e-01   -1.356372535229e-01    7.210936546326e-01    0.000000000000e+00
 247    7.229653596878e-01    0.000000000000e+00    6.781640052795e-01   -1.319639682770e-01   -6.781640648842e-01   -1.319639980793e-01    7.229654788971e-01    0.000000000000e+00
 248    7.259275913239e-01    0.000000000000e+00    6.758104562759e-01   -1.277077943087e-01   -6.758105158806e-01   -1.277078092098e-01    7.259275913239e-01    0.000000000000e+00
 249    7.290396690369e-01    0.000000000000e+00    6.730888485909e-01   -1.243079006672e-01   -6.730889081955e-01   -1.243079006672e-01    7.290397286415e-01    0.000000000000e+00
 250    7.314318418503e-01    0.000000000000e+00    6.708080768585e-01   -1.225723177195e-01   -6.708081364632e-01   -1.225723624229e-01    7.314319610596e-01    0.000000000000e+00
 251    7.334022521973e-01    0.000000000000e+00    6.688945293427e-01   -1.212487295270e-01   -6.688944697380e-01   -1.212487071753e-01    7.334023714066e-01    0.000000000000e+00
 252    7.357435226440e-01    0.000000000000e+00    6.668056845665e-01   -1.185395792127e-01   -6.668056845665e-01   -1.185395568609e-01    7.357434630394e-01    0.000000000000e+00
 253    7.383434176445e-01    0.000000000000e+00    6.645806431770e-01   -1.148111894727e-01   -6.645806431770e-01   -1.148111894727e-01    7.383434176445e-01    0.000000000000e+00
 254    7.402695417404e-01    0.000000000000e+00    6.630034446716e-01   -1.114785894752e-01   -6.630034446716e-01   -1.114785969257e-01    7.402694225311e-01    0.000000000000e+00
 255    7.413207888603e-01    0.000000000000e+00    6.622838377953e-01   -1.087364703417e-01   -6.622838973999e-01   -1.087364703417e-01    7.413207292557e-01    0.000000000000e+00
 256    7.425585389137e-01    0.000000000000e+00    6.614325046539e-01   -1.054224967957e-01   -6.614324450493e-01   -1.054224669933e-01    7.425585985184e-01    0.000000000000e+00
 257    7.445998191833e-01    0.000000000000e+00    6.598218083382e-01   -1.010264903307e-01   -6.598217487335e-01   -1.010264754295e-01    7.445998191833e-01    0.000000000000e+00
 258    7.470403313637e-01    0.000000000000e+00    6.577354669571e-01   -9.651313722134e-02   -6.577354073524e-01   -9.651313722134e-02    7.470403909683e-01    0.000000000000e+00
 259    7.492145299911e-01    0.000000000000e+00    6.557557582855e-01   -9.307050704956e-02   -6.557556986809e-01   -9.307050704956e-02    7.492146492004e-01    0.000000000000e+00
 260    7.510951161385e-01    0.000000000000e+00    6.539725065231e-01   -9.042107313871e-02   -6.539725661278e-01   -9.042108058929e-02    7.510951757431e-01    0.000000000000e+00
 261    7.533364892006e-01    0.000000000000e+00    6.517436504364e-01   -8.783242851496e-02   -6.517435908318e-01   -8.783242106438e-02    7.533363699913e-01    0.000000000000e+00
 262    7.560177445412e-01    0.000000000000e+00    6.489326357841e-01   -8.557816594839e-02   -6.489326953888e-01   -8.557815849781e-02    7.560176849365e-01    0.000000000000e+00
 263    7.589154839516e-01    0.000000000000e+00    6.458780169487e-01   -8.299820870161e-02   -6.458781361580e-01   -8.299822360277e-02    7.589155435562e-01    0.000000000000e+00
 264    7.603580355644e-01    0.000000000000e+00    6.444750428200e-01   -8.066919445992e-02   -6.444750428200e-01   -8.066919445992e-02    7.603580355644e-01    0.000000000000e+00
 265    7.613102197647e-01    0.000000000000e+00    6.441051363945e-01   -7.439955323935e-02   -6.441051363945e-01   -7.439954578876e-02    7.613100409508e-01    0.000000000000e+00
 266    7.628798484802e-01    0.000000000000e+00    6.425596475601e-01   -7.163425534964e-02   -6.425596475601e-01   -7.163426280022e-02    7.628799080849e-01    0.000000000000e+00
 267    7.647347450256e-01    0.000000000000e+00    6.405180096626e-01   -7.012321799994e-02   -6.405181288719e-01   -7.012322545052e-02    7.647347450256e-01    0.000000000000e+00
 268    7.667546868324e-01    0.000000000000e+00    6.383812427521e-01   -6.750280410051e-02   -6.383812427521e-01   -6.750281155109e-02    7.667547464371e-01    0.000000000000e+00
 269    7.687610983849e-01    0.000000000000e+00    6.363161206245e-01   -6.409514695406e-02   -6.363160610199e-01   -6.409515440464e-02    7.687610983849e-01    0.000000000000e+00
 270    7.699164748192e-01    0.000000000000e+00    6.353363990784e-01   -5.980331078172e-02   -6.353363394737e-01   -5.980330333114e-02    7.699163556099e-01    0.000000000000e+00
 271    7.712912559509e-01    0.000000000000e+00    6.339665055275e-01   -5.653610825539e-02   -6.339665651321e-01   -5.653610080481e-02    7.712912559509e-01    0.000000000000e+00
 272    7.726342082024e-01    0.000000000000e+00    6.326008439064e-01   -5.340905860066e-02   -6.326008439064e-01   -5.340906232595e-02    7.726340889931e-01    0.000000000000e+00
 273    7.741356492043e-01    0.000000000000e+00    6.310374140739e-01   -5.005571246147e-02   -6.310375928879e-01   -5.005573108792e-02    7.741357088089e-01    0.000000000000e+00
 274    7.755860090256e-01    0.000000000000e+00    6.295174360275e-01   -4.662819206715e-02   -6.295174360275e-01   -4.662819206715e-02    7.755860090256e-01    0.000000000000e+00
 275    7.771601676941e-01    0.000000000000e+00    6.277847290039e-01   -4.368311166763e-02   -6.277847886086e-01   -4.368312284350e-02    7.771602272987e-01    0.000000000000e+00
 276    7.785955071449e-01    0.000000000000e+00    6.261978745461e-01   -4.080815985799e-02   -6.261978149414e-01   -4.080816358328e-02    7.785956263542e-01    0.000000000000e+00
 277    7.801688313484e-01    0.000000000000e+00    6.243897080421e-01   -3.839332610369e-02   -6.243896484375e-01   -3.839332237840e-02    7.801688909531e-01    0.000000000000e+00
 278    7.811588644981e-01    0.000000000000e+00    6.233636140823e-01   -3.476509451866e-02   -6.233636140823e-01   -3.476508706808e-02    7.811588644981e-01    0.000000000000e+00
 279    7.817159295082e-01    0.000000000000e+00    6.228764653206e-01   -3.073857352138e-02   -6.228766441345e-01   -3.073858655989e-02    7.817161083221e-01    0.000000000000e+00
 280    7.822245955467e-01    0.000000000000e+00    6.223768591881e-01   -2.778113633394e-02   -6.223767399788e-01   -2.778113074601e-02    7.822247147560e-01    0.000000000000e+00
 281    7.832785844803e-01    0.000000000000e+00    6.211264729500e-01   -2.601366490126e-02   -6.211264133453e-01   -2.601366676390e-02    7.832784056664e-01    0.000000000000e+00
 282    7.847412228584e-01    0.000000000000e+00    6.193543672562e-01   -2.411175146699e-02   -6.193544268608e-01   -2.411174774170e-02    7.847411036491e-01    0.000000000000e+00
 283    7.858046889305e-01    0.000000000000e+00    6.181108951569e-01   -2.121191471815e-02   -6.181107759476e-01   -2.121190726757e-02    7.858046889305e-01    0.000000000000e+00
 284    7.863431572914e-01    0.000000000000e+00    6.175417900085e-01   -1.750808767974e-02   -6.175419092178e-01   -1.750808954239e-02    7.863432168961e-01    0.000000000000e+00
 285    7.869551777840e-01    0.000000000000e+00    6.168586611748e-01   -1.367196720093e-02   -6.168586015701e-01   -1.367196533829e-02    7.869552373886e-01    0.000000000000e+00
 286    7.882559299469e-01    0.000000000000e+00    6.152628064156e-01   -1.021261420101e-02   -6.152627468109e-01   -1.021261233836e-02    7.882559895515e-01    0.000000000000e+00
 287    7.900929450989e-01    0.000000000000e+00    6.129484772682e-01   -6.877391133457e-03   -6.129484772682e-01   -6.877390667796e-03    7.900929450989e-01    0.000000000000e+00
 288    7.917820811272e-01    0.000000000000e+00    6.107932925224e-01   -3.561443183571e-03   -6.107932329178e-01   -3.561442252249e-03    7.917820811272e-01    0.000000000000e+00
 289    7.928830385208e-01    0.000000000000e+00    6.093738079071e-01   -3.114102873951e-04   -6.093737483025e-01   -3.114102873951e-04    7.928829193115e-01    0.000000000000e+00
 290    7.937420606613e-01    0.000000000000e+00    6.082485914230e-01    2.687647240236e-03   -6.082485318184e-01    2.687646774575e-03    7.937420010567e-01    0.000000000000e+00
 291    7.948703765869e-01    0.000000000000e+00    6.067520976067e-01    5.743218585849e-03   -6.067521572113e-01    5.743218585849e-03    7.948703169823e-01    0.000000000000e+00
 292    7.962712645531e-01    0.000000000000e+00    6.048727035522e-01    9.014283306897e-03   -6.048725247383e-01    9.014280512929e-03    7.962713241577e-01    0.000000000000e+00
 293    7.975379824638e-01    0.000000000000e+00    6.031410694122e-01    1.241309847683e-02   -6.031410694122e-01    1.241309754550e-02    7.975381612778e-01    0.000000000000e+00
 294    7.983787655830e-01    0.000000000000e+00    6.019533872604e-01    1.560135930777e-02   -6.019535064697e-01    1.560136117041e-02    7.983787059784e-01    0.000000000000e+00
 295    7.989596724510e-01    0.000000000000e+00    6.010916829109e-01    1.877093873918e-02   -6.010916233063e-01    1.877093687654e-02    7.989596128464e-01    0.000000000000e+00
 296    7.997046113014e-01    0.000000000000e+00    5.999597907066e-01    2.281825989485e-02   -5.999597907066e-01    2.281826175749e-02    7.997047305107e-01    0.000000000000e+00
 297    8.006111383438e-01    0.000000000000e+00    5.985456109047e-01    2.765867114067e-02   -5.985456109047e-01    2.765867300332e-02    8.006111383438e-01    0.000000000000e+00
 298    8.014965653419e-01    0.000000000000e+00    5.971139073372e-01    3.252978250384e-02   -5.971140265465e-01    3.252978250384e-02    8.014965653419e-01    0.000000000000e+00
 299    8.022589683533e-01    0.000000000000e+00    5.958451628685e-01    3.673347458243e-02   -5.958451032639e-01    3.673347458243e-02    8.022588491440e-01    0.000000000000e+00
 300    8.030133247375e-01    0.000000000000e+00    5.945791602135e-01    4.056199267507e-02   -5.945790410042e-01    4.056198149920e-02    8.030133843422e-01    0.000000000000e+00
 301    8.038274049759e-01    0.000000000000e+00    5.931558012962e-01    4.502924904227e-02   -5.931558609009e-01    4.502924904227e-02    8.038273453712e-01    0.000000000000e+00
 302    8.046379685402e-01    0.000000000000e+00    5.916322469711e-01    5.028881505132e-02   -5.916323065758e-01    5.028882622719e-02    8.046379089355e-01    0.000000000000e+00
 303    8.054269552231e-01    0.000000000000e+00    5.900509357452e-01    5.592074245214e-02   -5.900510549545e-01    5.592075735331e-02    8.054270148277e-01    0.000000000000e+00
 304    8.062602877617e-01    0.000000000000e+00    5.883845686913e-01    6.122100353241e-02   -5.883844494820e-01    6.122099980712e-02    8.062602877617e-01    0.000000000000e+00
 305    8.070050477982e-01    0.000000000000e+00    5.868278145790e-01    6.615103036165e-02   -5.868278741837e-01    6.615103036165e-02    8.070050477982e-01    0.000000000000e+00
 306    8.074755072594e-01    0.000000000000e+00    5.856170058250e-01    7.096411287785e-02   -5.856170058250e-01    7.096412032843e-02    8.074756264687e-01    0.000000000000e+00
 307    8.077555298805e-01    0.000000000000e+00    5.846136212349e-01    7.588122785091e-02   -5.846136212349e-01    7.588123530149e-02    8.077553510666e-01    0.000000000000e+00
 308    8.082873225212e-01    0.000000000000e+00    5.831792354584e-01    8.107835799456e-02   -5.831791162491e-01    8.107834309340e-02    8.082872033119e-01    0.000000000000e+00
 309    8.091821074486e-01    0.000000000000e+00    5.811460614204e-01    8.656498789787e-02   -5.811460614204e-01    8.656495809555e-02    8.091822266579e-01    0.000000000000e+00
 310    8.099147677422e-01    0.000000000000e+00    5.793123245239e-01    9.184277057648e-02   -5.793124437332e-01    9.184277802706e-02    8.099148273468e-01    0.000000000000e+00
 311    8.100692033768e-01    0.000000000000e+00    5.782831311226e-01    9.683249890804e-02   -5.782831907272e-01    9.683250635862e-02    8.100692033768e-01    0.000000000000e+00
 312    8.097795844078e-01    0.000000000000e+00    5.778272151947e-01    1.018462479115e-01   -5.778272747993e-01    1.018462777138e-01    8.097797036171e-01    0.000000000000e+00
 313    8.097873330116e-01    0.000000000000e+00    5.767850279808e-01    1.075333505869e-01   -5.767851471901e-01    1.075333803892e-01    8.097873926163e-01    0.000000000000e+00
 314    8.102937936783e-01    0.000000000000e+00    5.748752951622e-01    1.137643978000e-01   -5.748753547668e-01    1.137644350529e-01    8.102937340736e-01    0.000000000000e+00
 315    8.109626770020e-01    0.000000000000e+00    5.726341009140e-01    1.201247051358e-01   -5.726340413094e-01    1.201246976852e-01    8.109625577927e-01    0.000000000000e+00
 316    8.112905621529e-01    0.000000000000e+00    5.707547068596e-01    1.266758441925e-01   -5.707546472549e-01    1.266758441925e-01    8.112905025482e-01    0.000000000000e+00
 317    8.114542365074e-01    0.000000000000e+00    5.689547061920e-01    1.335386782885e-01   -5.689546465874e-01    1.335386782885e-01    8.114541769028e-01    0.000000000000e+00
 318    8.118070960045e-01    0.000000000000e+00    5.668122172356e-01    1.403322517872e-01   -5.668122768402e-01    1.403322666883e-01    8.118071556091e-01    0.000000000000e+00
 319    8.121287822723e-01    0.000000000000e+00    5.646886825562e-01    1.468792706728e-01   -5.646887421608e-01    1.468792557716e-01    8.121288418770e-01    0.000000000000e+00
 320    8.119912743568e-01    0.000000000000e+00    5.631904006004e-01    1.532538384199e-01   -5.631904006004e-01    1.532538831234e-01    8.119913339615e-01    0.000000000000e+00
 321    8.114323616028e-01    0.000000000000e+00    5.621252059937e-01    1.599770486355e-01   -5.621252059937e-01    1.599770188332e-01    8.114323019981e-01    0.000000000000e+00
 322    8.111462593079e-01    0.000000000000e+00    5.605061650276e-01    1.669563204050e-01   -5.605062842369e-01    1.669564098120e-01    8.111464381218e-01    0.000000000000e+00
 323    8.115779161453e-01    0.000000000000e+00    5.577083826065e-01    1.740767508745e-01   -5.577083230019e-01    1.740767210722e-01    8.115777969360e-01    0.000000000000e+00
 324    8.119838237762e-01    0.000000000000e+00    5.548247694969e-01    1.812507063150e-01   -5.548247098923e-01    1.812506914139e-01    8.119837045670e-01    0.000000000000e+00
 325    8.116016387939e-01    0.000000000000e+00    5.528921484947e-01    1.887139379978e-01   -5.528922677040e-01    1.887139678001e-01    8.116016387939e-01    0.000000000000e+00
 326    8.105694055557e-01    0.000000000000e+00    5.516653060913e-01    1.965776085854e-01   -5.516651868820e-01    1.965775638819e-01    8.105692267418e-01    0.000000000000e+00
 327    8.100473284721e-01    0.000000000000e+00    5.494505167007e-01    2.047613561153e-01   -5.494507551193e-01    2.047614604235e-01    8.100475072861e-01    0.000000000000e+00
 328    8.102952241898e-01    0.000000000000e+00    5.457980632782e-01    2.133681923151e-01   -5.457982420921e-01    2.133682072163e-01    8.102952837944e-01    0.000000000000e+00
 329    8.105888366699e-01    0.000000000000e+00    5.413716435432e-01    2.232989519835e-01   -5.413717031479e-01    2.232989668846e-01    8.105888366699e-01    0.000000000000e+00
 330    8.102818727493e-01    0.000000000000e+00    5.369316935539e-01    2.348351031542e-01   -5.369318723679e-01    2.348350584507e-01    8.102819323540e-01    0.000000000000e+00
 331    8.095854520798e-01    0.000000000000e+00    5.325410366058e-01    2.469239383936e-01   -5.325410366058e-01    2.469239234924e-01    8.095853924751e-01    0.000000000000e+00
 332    8.091999888420e-01    0.000000000000e+00    5.277239680290e-01    2.582688331604e-01   -5.277240276337e-01    2.582688927650e-01    8.091998696327e-01    0.000000000000e+00
 333    8.089652657509e-01    0.000000000000e+00    5.227680206299e-01    2.688656449318e-01   -5.227681398392e-01    2.688657045364e-01    8.089653253555e-01    0.000000000000e+00
 334    8.084538578987e-01    0.000000000000e+00    5.175234675407e-01    2.803067564964e-01   -5.175234675407e-01    2.803068161011e-01    8.084539175034e-01    0.000000000000e+00
 335    8.073402643204e-01    0.000000000000e+00    5.121528506279e-01    2.930887937546e-01   -5.121529698372e-01    2.930888235569e-01    8.073403835297e-01    0.000000000000e+00
 336    8.060673475266e-01    0.000000000000e+00    5.064113736153e-01    3.062723577023e-01   -5.064114928246e-01    3.062723875046e-01    8.060674071312e-01    0.000000000000e+00
 337    8.051177859306e-01    0.000000000000e+00    5.001383423805e-01    3.188209831715e-01   -5.001384615898e-01    3.188210725784e-01    8.051179647446e-01    0.000000000000e+00
 338    8.043317794800e-01    0.000000000000e+00    4.934647381306e-01    3.309730887413e-01   -4.934646487236e-01    3.309729993343e-01    8.043317198753e-01    0.000000000000e+00
 339    8.031370639801e-01    0.000000000000e+00    4.865940809250e-01    3.437983095646e-01   -4.865939319134e-01    3.437982797623e-01    8.031368851662e-01    0.000000000000e+00
 340    8.012728095055e-01    0.000000000000e+00    4.796033501625e-01    3.576906323433e-01   -4.796031713486e-01    3.576906621456e-01    8.012728095055e-01    0.000000000000e+00
 341    7.991986274719e-01    0.000000000000e+00    4.717603623867e-01    3.724562823772e-01   -4.717604815960e-01    3.724563419819e-01    7.991985678673e-01    0.000000000000e+00
 342    7.973631620407e-01    0.000000000000e+00    4.631298184395e-01    3.869402706623e-01   -4.631298184395e-01    3.869403302670e-01    7.973631620407e-01    0.000000000000e+00
 343    7.956650257111e-01    0.000000000000e+00    4.541246891022e-01    4.008592367172e-01   -4.541244506836e-01    4.008592069149e-01    7.956649661064e-01    0.000000000000e+00
 344    7.937120199203e-01    0.000000000000e+00    4.448012113571e-01    4.149377942085e-01   -4.448010623455e-01    4.149376749992e-01    7.937119603157e-01    0.000000000000e+00
 345    7.912276387215e-01    0.000000000000e+00    4.346032142639e-01    4.302076399326e-01   -4.346032142639e-01    4.302079379559e-01    7.912277579308e-01    0.000000000000e+00
 346    7.884865999222e-01    0.000000000000e+00    4.229053258896e-01    4.465866982937e-01   -4.229052960873e-01    4.465869367123e-01    7.884868383408e-01    0.000000000000e+00
 347    7.855868339539e-01    0.000000000000e+00    4.102847874165e-01    4.631629884243e-01   -4.102847278118e-01    4.631628692150e-01    7.855867147446e-01    0.000000000000e+00
 348    7.825750708580e-01    0.000000000000e+00    3.971471190453e-01    4.794270694256e-01   -3.971471786499e-01    4.794271588326e-01    7.825752496719e-01    0.000000000000e+00
 349    7.792899608612e-01    0.000000000000e+00    3.836300969124e-01    4.955147802830e-01   -3.836300075054e-01    4.955149292946e-01    7.792900204659e-01    0.000000000000e+00
 350    7.759178280830e-01    0.000000000000e+00    3.689455986023e-01    5.116939544678e-01   -3.689455688000e-01    5.116939544678e-01    7.759179472923e-01    0.000000000000e+00
 351    7.725062370300e-01    0.000000000000e+00    3.529847264290e-01    5.278599262238e-01   -3.529844284058e-01    5.278599262238e-01    7.725061774254e-01    0.000000000000e+00
 352    7.688243389130e-01    0.000000000000e+00    3.364632427692e-01    5.437842607498e-01   -3.364633321762e-01    5.437844395638e-01    7.688243389130e-01    0.000000000000e+00
 353    7.646396160126e-01    0.000000000000e+00    3.195877373219e-01    5.596336722374e-01   -3.195878863335e-01    5.596336126328e-01    7.646396756172e-01    0.000000000000e+00
 354    7.600657939911e-01    0.000000000000e+00    3.016885817051e-01    5.755728483200e-01   -3.016885519028e-01    5.755727887154e-01    7.600657939911e-01    0.000000000000e+00
 355    7.555201649666e-01    0.000000000000e+00    2.816681861877e-01    5.914827585220e-01   -2.816683650017e-01    5.914829969406e-01    7.555204033852e-01    0.000000000000e+00
 356    7.507826685905e-01    0.000000000000e+00    2.604972422123e-01    6.070145368576e-01   -2.604971826077e-01    6.070144176483e-01    7.507826685905e-01    0.000000000000e+00
 357    7.453483343124e-01    0.000000000000e+00    2.396309673786e-01    6.221195459366e-01   -2.396308034658e-01    6.221196651459e-01    7.453485131264e-01    0.000000000000e+00
 358    7.391865253448e-01    0.000000000000e+00    2.194130867720e-01    6.367580294609e-01   -2.194130122662e-01    6.367583870888e-01    7.391867041588e-01    0.000000000000e+00
 359    7.332288026810e-01    0.000000000000e+00    1.992137730122e-01    6.501457691193e-01   -1.992137730122e-01    6.501457095146e-01    7.332287430763e-01    0.000000000000e+00
 360    7.282997965813e-01    0.000000000000e+00    1.787939220667e-01    6.615226864815e-01   -1.787939071655e-01    6.615225672722e-01    7.282997965813e-01    0.000000000000e+00
 361    7.237897515297e-01    0.000000000000e+00    1.586694717407e-01    6.715293526649e-01   -1.586695760489e-01    6.715298295021e-01    7.237902283669e-01    0.000000000000e+00
 362    7.185741066933e-01    0.000000000000e+00    1.377530395985e-01    6.816707253456e-01   -1.377530544996e-01    6.816709637642e-01    7.185744047165e-01    0.000000000000e+00
 363    7.124808430672e-01    0.000000000000e+00    1.152505278587e-01    6.921621561050e-01   -1.152505353093e-01    6.921621561050e-01    7.124807834625e-01    0.000000000000e+00
 364    7.075434923172e-01    0.000000000000e+00   -9.162265062332e-02   -7.007054686546e-01    9.162259101868e-02   -7.007050514221e-01    7.075431942940e-01    0.000000000000e+00
 365    7.122997045517e-01    0.000000000000e+00   -6.832636147738e-02   -6.985415220261e-01    6.832638382912e-02   -6.985417008400e-01    7.122998833656e-01    0.000000000000e+00
 366    7.170262336731e-01    0.000000000000e+00   -4.793655499816e-02   -6.953957676888e-01    4.793656244874e-02   -6.953958272934e-01    7.170263528824e-01    0.000000000000e+00
 367    7.226832509041e-01    0.000000000000e+00   -2.871264889836e-02   -6.905825138092e-01    2.871266379952e-02   -6.905827522278e-01    7.226835489273e-01    0.000000000000e+00
 368    7.289466261864e-01    0.000000000000e+00   -9.480694308877e-03   -6.845049858093e-01    9.480695240200e-03   -6.845048666000e-01    7.289465069771e-01    0.000000000000e+00
 369    7.346854209900e-01    0.000000000000e+00    9.590248577297e-03   -6.783398985863e-01   -9.590253233910e-03   -6.783401370049e-01    7.346855401993e-01    0.000000000000e+00
 370    7.397323250771e-01    0.000000000000e+00    2.627477794886e-02   -6.723880767822e-01   -2.627477981150e-02   -6.723881363869e-01    7.397323250771e-01    0.000000000000e+00
 371    7.449379563332e-01    0.000000000000e+00    4.086493700743e-02   -6.658809781075e-01   -4.086493700743e-02   -6.658809781075e-01    7.449379563332e-01    0.000000000000e+00
 372    7.509871125221e-01    0.000000000000e+00    5.569984763861e-02   -6.579635739326e-01   -5.569983273745e-02   -6.579634547234e-01    7.509869933128e-01    0.000000000000e+00
 373    7.576513290405e-01    0.000000000000e+00    7.191690802574e-02   -6.486852169037e-01   -7.191690057516e-02   -6.486851572990e-01    7.576512098312e-01    0.000000000000e+00
 374    7.640160322189e-01    0.000000000000e+00    8.800459653139e-02   -6.391674280167e-01   -8.800457417965e-02   -6.391672492027e-01    7.640157938004e-01    0.000000000000e+00
 375    7.698476314545e-01    0.000000000000e+00    1.019830480218e-01   -6.300267577171e-01   -1.019830852747e-01   -6.300269365311e-01    7.698478698730e-01    0.000000000000e+00
 376    7.758528590202e-01    0.000000000000e+00    1.147509366274e-01   -6.203906536102e-01   -1.147509217262e-01   -6.203905940056e-01    7.758527994156e-01    0.000000000000e+00
 377    7.833558917046e-01    0.000000000000e+00    1.267641782761e-01   -6.085100769997e-01   -1.267641633749e-01   -6.085099577904e-01    7.833558320999e-01    0.000000000000e+00
 378    7.922898530960e-01    0.000000000000e+00    1.377639323473e-01   -5.943887233734e-01   -1.377639323473e-01   -5.943887233734e-01    7.922897338867e-01    0.000000000000e+00
