   0    0.000000000000e+00    0.000000000000e+00    0.000000000000e+00    0.000000000000e+00    0.000000000000e+00    0.000000000000e+00    0.000000000000e+00    0.000000000000e+00
   1    0.000000000000e+00    0.000000000000e+00    0.000000000000e+00    0.000000000000e+00    0.000000000000e+00    0.000000000000e+00    0.000000000000e+00    0.000000000000e+00
   2    0.000000000000e+00    0.000000000000e+00    0.000000000000e+00    0.000000000000e+00    0.000000000000e+00    0.000000000000e+00    0.000000000000e+00    0.000000000000e+00
   3    0.000000000000e+00    0.000000000000e+00    0.000000000000e+00    0.000000000000e+00    0.000000000000e+00    0.000000000000e+00    0.000000000000e+00    0.000000000000e+00
   4    0.000000000000e+00    0.000000000000e+00    0.000000000000e+00    0.000000000000e+00    0.000000000000e+00    0.000000000000e+00    0.000000000000e+00    0.000000000000e+00
   5    0.000000000000e+00    0.000000000000e+00    0.000000000000e+00    0.000000000000e+00    0.000000000000e+00    0.000000000000e+00    0.000000000000e+00    0.000000000000e+00
   6    0.000000000000e+00    0.000000000000e+00    0.000000000000e+00    0.000000000000e+00    0.000000000000e+00    0.000000000000e+00    0.000000000000e+00    0.000000000000e+00
   7    8.227284098439e-08    0.000000000000e+00    2.974709616410e-07    0.000000000000e+00   -1.473282736697e-06    0.000000000000e+00   -1.707257752059e-06    0.000000000000e+00
   8    0.000000000000e+00    0.000000000000e+00    0.000000000000e+00    0.000000000000e+00    0.000000000000e+00    0.000000000000e+00    0.000000000000e+00    0.000000000000e+00
   9    0.000000000000e+00    0.000000000000e+00    0.000000000000e+00    0.000000000000e+00    0.000000000000e+00    0.000000000000e+00    0.000000000000e+00    0.000000000000e+00
  10    0.000000000000e+00    0.000000000000e+00    0.000000000000e+00    0.000000000000e+00    0.000000000000e+00    0.000000000000e+00    0.000000000000e+00    0.000000000000e+00
  11    4.853569990360e-08    0.000000000000e+00    2.771005540581e-07    0.000000000000e+00   -2.275974338772e-06    0.000000000000e+00   -2.520773477954e-06    0.000000000000e+00
  12   -1.465880700380e-06    0.000000000000e+00   -1.288071302952e-06    0.000000000000e+00   -8.972518799055e-07    0.000000000000e+00   -1.095412017094e-06    0.000000000000e+00
  13    1.511643574759e-07    0.000000000000e+00    2.418586575459e-07    0.000000000000e+00   -2.482196350684e-06    0.000000000000e+00   -2.584064759503e-06    0.000000000000e+00
  14    0.000000000000e+00    0.000000000000e+00    0.000000000000e+00    0.000000000000e+00    0.000000000000e+00    0.000000000000e+00    0.000000000000e+00    0.000000000000e+00
  15    0.000000000000e+00    0.000000000000e+00    0.000000000000e+00    0.000000000000e+00    0.000000000000e+00    0.000000000000e+00    0.000000000000e+00    0.000000000000e+00
  16    6.682889619469e-08    0.000000000000e+00    1.776812723620e-07    0.000000000000e+00   -2.355437572987e-06    0.000000000000e+00   -2.469519586157e-06    0.000000000000e+00
  17   -1.271812607229e-06    0.000000000000e+00   -1.215512384078e-06    0.000000000000e+00   -1.016977080326e-06    0.000000000000e+00   -1.085345843421e-06    0.000000000000e+00
  18    0.000000000000e+00    0.000000000000e+00    0.000000000000e+00    0.000000000000e+00    0.000000000000e+00    0.000000000000e+00    0.000000000000e+00    0.000000000000e+00
  19    0.000000000000e+00    0.000000000000e+00    0.000000000000e+00    0.000000000000e+00    0.000000000000e+00    0.000000000000e+00    0.000000000000e+00    0.000000000000e+00
  20    0.000000000000e+00    0.000000000000e+00    0.000000000000e+00    0.000000000000e+00    0.000000000000e+00    0.000000000000e+00    0.000000000000e+00    0.000000000000e+00
  21    0.000000000000e+00    0.000000000000e+00    0.000000000000e+00    0.000000000000e+00    0.000000000000e+00    0.000000000000e+00    0.000000000000e+00    0.000000000000e+00
  22    0.000000000000e+00    0.000000000000e+00    0.000000000000e+00    0.000000000000e+00    0.000000000000e+00    0.000000000000e+00    0.000000000000e+00    0.000000000000e+00
  23   -1.034279648593e-06    0.000000000000e+00   -1.127861196437e-06    0.000000000000e+00   -1.062807655217e-06    0.000000000000e+00   -1.001603209261e-06    0.000000000000e+00
  24    0.000000000000e+00    0.000000000000e+00    0.000000000000e+00    0.000000000000e+00    0.000000000000e+00    0.000000000000e+00    0.000000000000e+00    0.000000000000e+00
  25   -1.299384507547e-06   -1.948762246684e-06   -1.470577899454e-06   -1.993571686398e-06   -2.910700686698e-06    1.447360091333e-06   -2.802493554555e-06    1.520307250757e-06
  26   -7.042851848382e-07    0.000000000000e+00   -7.829069090803e-07    0.000000000000e+00   -1.416145437361e-06    0.000000000000e+00   -1.368405037283e-06    0.000000000000e+00
  27   -3.214323214706e-06   -6.002405370964e-06   -3.724278940354e-06   -5.988378688926e-06   -7.276107680809e-06    4.735348738905e-06   -6.949880116736e-06    4.809859547095e-06
  28   -3.423217094678e-06   -4.708981578005e-06   -4.029569026898e-06   -4.706912932306e-06   -7.005918178038e-06    3.514332775012e-06   -6.612850484089e-06    3.578209316402e-06
  29   -3.810560883721e-06   -4.511896349868e-06   -4.444947535376e-06   -4.581605935527e-06   -6.522521744046e-06    3.294583166280e-06   -6.126650532678e-06    3.441407670834e-06
  30   -4.362352228782e-06   -8.798077942629e-06   -5.336601134331e-06   -8.986728062155e-06   -1.010888900055e-05    6.688134362776e-06   -9.527846486890e-06    7.069512321323e-06
  31   -4.192254891677e-06   -4.672912382375e-06   -4.875272679783e-06   -4.688099579653e-06   -6.263733666856e-06    3.608577117120e-06   -5.834318471898e-06    3.740489773918e-06
  32   -4.713634098152e-06   -3.757372496693e-06   -5.502088242793e-06   -3.730169510163e-06   -5.864249033039e-06    2.874450274248e-06   -5.348980721465e-06    2.942269929918e-06
  33   -7.897308933025e-06   -1.057029385265e-05   -9.536654033582e-06   -1.072169379768e-05   -1.091715603252e-05    8.204816367652e-06   -9.895155926642e-06    8.607585186837e-06
  34   -8.139113560901e-06   -1.032183809002e-05   -9.910252629197e-06   -1.048922513291e-05   -1.057629378920e-05    8.033934136620e-06   -9.454695828026e-06    8.475413778797e-06
  35   -6.482465323643e-06   -1.730831172608e-05   -9.350223081128e-06   -1.774038537405e-05   -1.767478715919e-05    1.668052573223e-05   -1.559914562677e-05    1.754201548465e-05
  36   -2.042449750661e-06   -2.318789483979e-05   -6.493785349448e-06   -2.397581556579e-05   -2.874079655157e-05    2.687303822313e-05   -2.527204742364e-05    2.823393697327e-05
  37    1.819379008339e-06   -2.253622551507e-05   -3.707579026013e-06   -2.346734618186e-05   -3.436508268351e-05    3.054444096051e-05   -2.987582593050e-05    3.213053787476e-05
  38   -2.511962975404e-06   -2.642635627126e-05   -9.076273272512e-06   -2.753173430392e-05   -3.372580977157e-05    3.326079240651e-05   -2.853833575500e-05    3.517450386425e-05
  39   -1.102890928451e-05   -5.280912228045e-05   -2.126018625859e-05   -5.525259985006e-05   -4.342781903688e-05    5.816230986966e-05   -3.567665407900e-05    6.181941716932e-05
  40   -1.219429941557e-05   -4.770363739226e-05   -2.235348620161e-05   -4.988317959942e-05   -4.048499977216e-05    5.472994598676e-05   -3.264322003815e-05    5.814349060529e-05
  41   -1.923728632391e-05   -4.959215220879e-05   -2.965389285237e-05   -5.173940007808e-05   -3.565470979083e-05    5.631144085783e-05   -2.772921652650e-05    5.966862227069e-05
  42   -2.628535912663e-05   -5.953272557235e-05   -3.869401189149e-05   -6.227885751287e-05   -3.575569644454e-05    6.701255188091e-05   -2.639170270413e-05    7.108021964086e-05
  43   -3.265215491410e-05   -7.539403304690e-05   -4.794012420462e-05   -7.924412784632e-05   -4.122523750993e-05    8.184730540961e-05   -2.998540003318e-05    8.724814688321e-05
  44   -4.159606760368e-05   -1.055348402588e-04   -6.120604666648e-05   -1.128872609115e-04   -4.798970985576e-05    1.145342466771e-04   -3.371985440026e-05    1.232388895005e-04
  45   -6.023090463714e-05   -1.517304044683e-04   -8.744018850848e-05   -1.639049150981e-04   -5.509247421287e-05    1.609686878510e-04   -3.566228042473e-05    1.747819478624e-04
  46   -7.610353350174e-05   -1.873344153864e-04   -1.102032474591e-04   -2.032647171291e-04   -6.147065141704e-05    1.943962561199e-04   -3.760270192288e-05    2.124318416463e-04
  47   -8.856197382556e-05   -2.072005154332e-04   -1.278807758354e-04   -2.254343853565e-04   -6.327434675768e-05    2.123661106452e-04   -3.603285585996e-05    2.330953866476e-04
  48   -9.616711759008e-05   -2.123341691913e-04   -1.386086805724e-04   -2.317102043889e-04   -6.154766742839e-05    2.161291049561e-04   -3.225379623473e-05    2.381997182965e-04
  49   -1.073858074960e-04   -2.365376421949e-04   -1.559678348713e-04   -2.586997870822e-04   -6.584045331692e-05    2.377861674177e-04   -3.257888965891e-05    2.633287513163e-04
  50   -1.132651595981e-04   -2.414836053504e-04   -1.654104999034e-04   -2.644939522725e-04   -6.635459430981e-05    2.406675630482e-04   -3.092528277193e-05    2.677828306332e-04
  51   -1.263957528863e-04   -2.630762173794e-04   -1.853735739132e-04   -2.890464966185e-04   -6.878167914692e-05    2.595708647277e-04   -2.909457543865e-05    2.902276173700e-04
  52   -1.386318181176e-04   -2.749801205937e-04   -2.034918434219e-04   -3.024998586625e-04   -6.823677540524e-05    2.689764660317e-04   -2.492565363355e-05    3.017164126504e-04
  53   -1.465052337153e-04   -2.775162865873e-04   -2.153366949642e-04   -3.053473192267e-04   -6.762802513549e-05    2.697071176954e-04   -2.203156327596e-05    3.034431720152e-04
  54   -1.537823700346e-04   -2.808287972584e-04   -2.266735828016e-04   -3.090568061452e-04   -6.741996185156e-05    2.711956331041e-04   -1.953539867827e-05    3.061873139814e-04
  55   -1.602831471246e-04   -2.848577278201e-04   -2.375077456236e-04   -3.136901650578e-04   -6.772173946956e-05    2.733168657869e-04   -1.740510560921e-05    3.096905129496e-04
  56   -1.679645210970e-04   -2.888478920795e-04   -2.498993417248e-04   -3.183392691426e-04   -6.711861351505e-05    2.749641425908e-04   -1.420044191036e-05    3.126548544969e-04
  57   -1.775281125447e-04   -2.937391982414e-04   -2.640585007612e-04   -3.236423362978e-04   -6.486938946182e-05    2.760279749054e-04   -9.627568033466e-06    3.147213428747e-04
  58   -1.850082626333e-04   -2.983377780765e-04   -2.763450902421e-04   -3.286004648544e-04   -6.523794581881e-05    2.783042145893e-04   -7.410083526338e-06    3.182436630595e-04
  59   -1.907320693135e-04   -3.023435710929e-04   -2.866018330678e-04   -3.329337050673e-04   -6.706525891786e-05    2.804836258292e-04   -6.779477644159e-06    3.217623161618e-04
  60   -1.952187449206e-04   -3.064082993660e-04   -2.958462282550e-04   -3.372993669473e-04   -6.990791735006e-05    2.826299751177e-04   -6.961136023165e-06    3.253138856962e-04
  61   -2.003666304518e-04   -3.118822642136e-04   -3.063457843382e-04   -3.428845084272e-04   -7.220033876365e-05    2.855120110326e-04   -6.289857083175e-06    3.295172937214e-04
  62   -2.067120512947e-04   -3.164449590258e-04   -3.181981737725e-04   -3.474636177998e-04   -7.323687168537e-05    2.873439807445e-04   -4.488023932936e-06    3.325818979647e-04
  63   -2.133857196895e-04   -3.181195352226e-04   -3.299452946521e-04   -3.489222144708e-04   -7.378560985671e-05    2.871005854104e-04   -2.551279294494e-06    3.332783817314e-04
  64   -2.197141729994e-04   -3.178164479323e-04   -3.409932833165e-04   -3.481656603981e-04   -7.490917778341e-05    2.856891660485e-04   -1.360833266517e-06    3.326026198920e-04
  65   -2.253562124679e-04   -3.194212040398e-04   -3.516035212670e-04   -3.492375835776e-04   -7.708480552537e-05    2.861467364710e-04   -9.202566957356e-07    3.339589165989e-04
  66   -2.310346462764e-04   -3.241164667998e-04   -3.629027341958e-04   -3.533246053848e-04   -7.946568075567e-05    2.887177688535e-04   -2.685629283405e-07    3.376384847797e-04
  67   -2.371643349761e-04   -3.287190920673e-04   -3.746371658053e-04   -3.573326393962e-04   -8.100430568447e-05    2.906427253038e-04    9.240087592843e-07    3.406917385291e-04
  68   -2.427861909382e-04   -3.297688090242e-04   -3.855362010654e-04   -3.578980395105e-04   -8.251313556684e-05    2.893693163060e-04    1.707282990537e-06    3.403153968975e-04
  69   -2.488412719686e-04   -3.295395290479e-04   -3.965005744249e-04   -3.572158166207e-04   -8.286945376312e-05    2.866196155082e-04    3.298819819975e-06    3.381526621524e-04
  70   -2.543939335737e-04   -3.312447806820e-04   -4.074357566424e-04   -3.582964709494e-04   -8.483510464430e-05    2.868239243980e-04    3.866634870064e-06    3.392364596948e-04
  71   -2.602260792628e-04   -3.358676040079e-04   -4.193540080450e-04   -3.621741198003e-04   -8.684569183970e-05    2.895534271374e-04    4.935384367855e-06    3.432511002757e-04
  72   -2.661921607796e-04   -3.403191221878e-04   -4.318285209592e-04   -3.660344518721e-04   -8.862445974955e-05    2.917319652624e-04    6.322053650365e-06    3.470038645901e-04
  73   -2.718176401686e-04   -3.420930588618e-04   -4.438062896952e-04   -3.673784085549e-04   -9.048166248249e-05    2.911131014116e-04    7.152965281421e-06    3.476628044154e-04
  74   -2.771315630525e-04   -3.418271371629e-04   -4.548076831270e-04   -3.666628617793e-04   -9.225127723766e-05    2.888942544814e-04    7.476863174816e-06    3.462956228759e-04
  75   -2.817635831889e-04   -3.419864224270e-04   -4.645074368455e-04   -3.658519417513e-04   -9.424403833691e-05    2.876047510654e-04    7.392087809421e-06    3.455421247054e-04
  76   -2.857425424736e-04   -3.419287386350e-04   -4.731076478492e-04   -3.644959942903e-04   -9.657669579610e-05    2.864453126676e-04    6.923798082425e-06    3.449873183854e-04
  77   -2.894495555665e-04   -3.403977316339e-04   -4.810881218873e-04   -3.616521717049e-04   -9.872920054477e-05    2.838379004970e-04    6.163510533952e-06    3.427565388847e-04
  78   -2.933729847427e-04   -3.372977953404e-04   -4.893246223219e-04   -3.575192822609e-04   -1.004621735774e-04    2.796702028718e-04    5.470651103678e-06    3.387375036255e-04
  79   -2.976699615829e-04   -3.348070022184e-04   -4.982513491996e-04   -3.539357858244e-04   -1.020770287141e-04    2.762112708297e-04    5.054848315922e-06    3.355643420946e-04
  80   -3.015210677404e-04   -3.337140660733e-04   -5.068780737929e-04   -3.514540148899e-04   -1.042600706569e-04    2.743791555986e-04    4.524142241280e-06    3.343044372741e-04
  81   -3.047526406590e-04   -3.328680177219e-04   -5.143417511135e-04   -3.490739909466e-04   -1.067319972208e-04    2.729684638325e-04    3.617496076913e-06    3.334004140925e-04
  82   -3.079933230765e-04   -3.297580406070e-04   -5.205933703110e-04   -3.446823684499e-04   -1.078275890904e-04    2.683989296202e-04    2.960013262054e-06    3.287235449534e-04
  83   -3.110117395408e-04   -3.258369688410e-04   -5.270285182633e-04   -3.393845981918e-04   -1.094610124710e-04    2.638087316882e-04    1.833560872910e-06    3.236229240429e-04
  84   -3.148158430122e-04   -3.226648841519e-04   -5.348998238333e-04   -3.345652366988e-04   -1.103918475565e-04    2.600918232929e-04    1.797496452127e-06    3.195354365744e-04
  85   -3.185866808053e-04   -3.203831438441e-04   -5.429796874523e-04   -3.305545542389e-04   -1.115211707656e-04    2.575819962658e-04    1.946001930264e-06    3.171413263772e-04
  86   -3.213822201360e-04   -3.175294550601e-04   -5.493223434314e-04   -3.262869431637e-04   -1.134260528488e-04    2.546066534705e-04    9.403605645275e-07    3.143952344544e-04
  87   -3.232360468246e-04   -3.135519218631e-04   -5.538547993638e-04   -3.211942384951e-04   -1.157411097665e-04    2.504986186977e-04   -1.244615418727e-06    3.101009933744e-04
  88   -3.252790775150e-04   -3.095208085142e-04   -5.587452906184e-04   -3.158848558087e-04   -1.179538157885e-04    2.462551929057e-04   -3.344623110024e-06    3.054223780055e-04
  89   -3.276745555922e-04   -3.056150744669e-04   -5.643796175718e-04   -3.102820483036e-04   -1.199772814289e-04    2.423972182442e-04   -4.896764039586e-06    3.012559318449e-04
  90   -3.301361575723e-04   -3.019802679773e-04   -5.698575405404e-04   -3.048427461181e-04   -1.218534889631e-04    2.390803565504e-04   -6.139143806649e-06    2.978894044645e-04
  91   -3.325113211758e-04   -2.978145494126e-04   -5.745009984821e-04   -2.994946553372e-04   -1.232891372638e-04    2.354450552957e-04   -7.425454896293e-06    2.941906277556e-04
  92   -3.344535653014e-04   -2.931841881946e-04   -5.783020751551e-04   -2.937958051916e-04   -1.248018961633e-04    2.313757140655e-04   -9.161691195914e-06    2.894790377468e-04
  93   -3.359511028975e-04   -2.883100241888e-04   -5.815854528919e-04   -2.875858335756e-04   -1.269437925657e-04    2.271578705404e-04   -1.153354241978e-05    2.845574344974e-04
  94   -3.373344370630e-04   -2.832814061549e-04   -5.843336693943e-04   -2.806516422424e-04   -1.288395578740e-04    2.224193158327e-04   -1.383799190080e-05    2.790990693029e-04
  95   -3.382743743714e-04   -2.786747645587e-04   -5.865544080734e-04   -2.745493839029e-04   -1.315876143053e-04    2.188041835325e-04   -1.691876241239e-05    2.751286374405e-04
  96   -3.396272950340e-04   -2.739464980550e-04   -5.892472690903e-04   -2.689505054150e-04   -1.334848202532e-04    2.146296174033e-04   -1.934193278430e-05    2.703784266487e-04
  97   -3.414456441533e-04   -2.689054817893e-04   -5.925492150709e-04   -2.633424883243e-04   -1.348800724372e-04    2.099166013068e-04   -2.133702037099e-05    2.649867965374e-04
  98   -3.423221060075e-04   -2.638072182890e-04   -5.948552279733e-04   -2.571262884885e-04   -1.375901774736e-04    2.055922232103e-04   -2.437449438730e-05    2.600486332085e-04
  99   -3.426444018260e-04   -2.586739428807e-04   -5.961049464531e-04   -2.503098221496e-04   -1.409801479895e-04    2.018170780502e-04   -2.802008202707e-05    2.558148698881e-04
 100   -3.429578791838e-04   -2.534827508498e-04   -5.969017511234e-04   -2.437395887682e-04   -1.435391313862e-04    1.972986647161e-04   -3.119236134808e-05    2.507558674552e-04
 101   -3.436836414039e-04   -2.468618913554e-04   -5.978576373309e-04   -2.363823587075e-04   -1.463839435019e-04    1.922598603414e-04   -3.520472819218e-05    2.447451697662e-04
 102   -3.448480274528e-04   -2.405800478300e-04   -5.986205651425e-04   -2.293796424055e-04   -1.474272867199e-04    1.864882797236e-04   -3.779112375923e-05    2.374875475653e-04
 103   -3.447055059951e-04   -2.340155915590e-04   -5.978669505566e-04   -2.217797882622e-04   -1.515335898148e-04    1.819648314267e-04   -4.283412636141e-05    2.319005579920e-04
 104   -3.450358635746e-04   -2.283431967953e-04   -5.980532732792e-04   -2.146372426068e-04   -1.552076573716e-04    1.779598387657e-04   -4.666610402637e-05    2.271118864883e-04
 105   -3.463702742010e-04   -2.236488508061e-04   -5.998715641908e-04   -2.084971492877e-04   -1.581640390214e-04    1.745579065755e-04   -4.984846600564e-05    2.227545483038e-04
 106   -3.485123161227e-04   -2.189308725065e-04   -6.026636110619e-04   -2.024589339271e-04   -1.602033880772e-04    1.710579817882e-04   -5.256491203909e-05    2.179119765060e-04
 107   -3.494001284707e-04   -2.131971705239e-04   -6.033809622750e-04   -1.953684113687e-04   -1.629903708817e-04    1.663615548750e-04   -5.625807898468e-05    2.120015560649e-04
 108   -3.502640174702e-04   -2.076278760796e-04   -6.038640858606e-04   -1.882785581984e-04   -1.664596347837e-04    1.625802979106e-04   -5.999003042234e-05    2.072591014439e-04
 109   -3.512245311867e-04   -2.030506293522e-04   -6.047383649275e-04   -1.823380152928e-04   -1.700094435364e-04    1.595716021257e-04   -6.349847535603e-05    2.033704222413e-04
 110   -3.529074601829e-04   -1.989208249142e-04   -6.067464710213e-04   -1.770244707586e-04   -1.721634616842e-04    1.561953977216e-04   -6.587723328266e-05    1.988388976315e-04
 111   -3.538951859809e-04   -1.944011601154e-04   -6.078683654778e-04   -1.713970268611e-04   -1.760187005857e-04    1.531902089482e-04   -7.022489444353e-05    1.949138968484e-04
 112   -3.547626256477e-04   -1.895884779515e-04   -6.080549210310e-04   -1.653191720834e-04   -1.804211497074e-04    1.505294640083e-04   -7.506444671890e-05    1.915694010677e-04
 113   -3.551261324901e-04   -1.842588826548e-04   -6.072882679291e-04   -1.585848513059e-04   -1.851128326962e-04    1.475450117141e-04   -7.984902913449e-05    1.877302711364e-04
 114   -3.554285503924e-04   -1.796327269403e-04   -6.063995533623e-04   -1.528193533886e-04   -1.889751438284e-04    1.443947112421e-04   -8.386643457925e-05    1.834506256273e-04
 115   -3.562795463949e-04   -1.750473893480e-04   -6.065465277061e-04   -1.473643060308e-04   -1.938940840773e-04    1.415612059645e-04   -8.914689533412e-05    1.794683776097e-04
 116   -3.568276006263e-04   -1.721517619444e-04   -6.067933863960e-04   -1.435715385014e-04   -1.978146756301e-04    1.393190177623e-04   -9.341674740426e-05    1.763476320775e-04
 117   -3.572880232241e-04   -1.682167348918e-04   -6.067030481063e-04   -1.385847135680e-04   -2.018305240199e-04    1.368478697259e-04   -9.757154475665e-05    1.731983647915e-04
 118   -3.578326140996e-04   -1.623483112780e-04   -6.061644526199e-04   -1.317452843068e-04   -2.073732030112e-04    1.342069735983e-04   -1.029937411658e-04    1.698450359982e-04
 119   -3.578120085876e-04   -1.573738118168e-04   -6.048083887435e-04   -1.260065037059e-04   -2.116178075084e-04    1.310980587732e-04   -1.071875594789e-04    1.657540124143e-04
 120   -3.578343894333e-04   -1.533093600301e-04   -6.038188003004e-04   -1.211622584378e-04   -2.158738352591e-04    1.280020223930e-04   -1.116057392210e-04    1.615295186639e-04
 121   -3.577429160941e-04   -1.510783476988e-04   -6.033709505573e-04   -1.183823842439e-04   -2.195644046878e-04    1.261963625439e-04   -1.156672005891e-04    1.590001047589e-04
 122   -3.596137103159e-04   -1.477836340200e-04   -6.055429694243e-04   -1.136904247687e-04   -2.243865310447e-04    1.249487104360e-04   -1.194972646772e-04    1.574073685333e-04
 123   -3.610649437178e-04   -1.443962682970e-04   -6.070932140574e-04   -1.091028170777e-04   -2.294306323165e-04    1.238830154762e-04   -1.233022048837e-04    1.561722310726e-04
 124   -3.615991154220e-04   -1.415220322087e-04   -6.072474061511e-04   -1.054099557223e-04   -2.338416525163e-04    1.222167338710e-04   -1.267879415536e-04    1.539503718959e-04
 125   -3.616145113483e-04   -1.384724600939e-04   -6.067983340472e-04   -1.017084723571e-04   -2.397258067504e-04    1.200829938171e-04   -1.320846204180e-04    1.509313296992e-04
 126   -3.627212136053e-04   -1.351157407044e-04   -6.080917082727e-04   -9.763602429302e-05   -2.459080424160e-04    1.182062114822e-04   -1.377490989398e-04    1.482516090618e-04
 127   -3.647246630862e-04   -1.323145552306e-04   -6.107618100941e-04   -9.398337715538e-05   -2.495342923794e-04    1.163969936897e-04   -1.406794472132e-04    1.462506625103e-04
 128   -3.670900769066e-04   -1.298697461607e-04   -6.136694573797e-04   -9.062520985026e-05   -2.550292992964e-04    1.157422739198e-04   -1.451458083466e-04    1.459483901272e-04
 129   -3.667963610496e-04   -1.282495359192e-04   -6.127452361397e-04   -8.841608359944e-05   -2.605063200463e-04    1.146592912846e-04   -1.496573531767e-04    1.448903785786e-04
 130   -3.654781903606e-04   -1.253561640624e-04   -6.103234481998e-04   -8.539372356609e-05   -2.674043062143e-04    1.126295901486e-04   -1.557361683808e-04    1.420764747309e-04
 131   -3.647654375527e-04   -1.217318931594e-04   -6.086683133617e-04   -8.178905409295e-05   -2.735939051490e-04    1.102667156374e-04   -1.616734807612e-04    1.386420772178e-04
 132   -3.660109068733e-04   -1.176244622911e-04   -6.096942233853e-04   -7.745775656076e-05   -2.783273521345e-04    1.078695204342e-04   -1.660102570895e-04    1.358534937026e-04
 133   -3.679207293317e-04   -1.151376927737e-04   -6.119785830379e-04   -7.429332617903e-05   -2.828112046700e-04    1.070443540812e-04   -1.691769284662e-04    1.352485996904e-04
 134   -3.694171900861e-04   -1.131712779170e-04   -6.142048514448e-04   -7.167392323026e-05   -2.877437509596e-04    1.063168019755e-04   -1.718380663078e-04    1.344776537735e-04
 135   -3.695031336974e-04   -1.109431686928e-04   -6.150763947517e-04   -6.905900227139e-05   -2.938935358543e-04    1.048385456670e-04   -1.758950966178e-04    1.322722237092e-04
 136   -3.702084359247e-04   -1.090593141271e-04   -6.163836806081e-04   -6.652290903730e-05   -2.995254762936e-04    1.033885273500e-04   -1.802573824534e-04    1.301379379584e-04
 137   -3.719322266988e-04   -1.072374871001e-04   -6.186695536599e-04   -6.372181815095e-05   -3.043846809305e-04    1.021380594466e-04   -1.841355988290e-04    1.289015053771e-04
 138   -3.737493825611e-04   -1.052689258358e-04   -6.212709122337e-04   -6.063361797715e-05   -3.092086990364e-04    1.012519933283e-04   -1.872671127785e-04    1.280285359826e-04
 139   -3.749449388124e-04   -1.029353225022e-04   -6.234469474293e-04   -5.748521653004e-05   -3.143794601783e-04    1.001322380034e-04   -1.901845826069e-04    1.261827856069e-04
 140   -3.757029480767e-04   -1.001301498036e-04   -6.248196004890e-04   -5.428684380604e-05   -3.195894823875e-04    9.819063416217e-05   -1.935963373398e-04    1.231169007951e-04
 141   -3.766665467992e-04   -9.848478657659e-05   -6.264700205065e-04   -5.239020902081e-05   -3.237006021664e-04    9.661728108767e-05   -1.962831302080e-04    1.210789268953e-04
 142   -3.777997626457e-04   -9.682529343991e-05   -6.289290031418e-04   -5.036016955273e-05   -3.299465170130e-04    9.571772534400e-05   -2.007520233747e-04    1.203879364766e-04
 143   -3.782650455832e-04   -9.525058703730e-05   -6.311046308838e-04   -4.824999268749e-05   -3.348051977810e-04    9.496958227828e-05   -2.031293406617e-04    1.197050805786e-04
 144   -3.791928174905e-04   -9.385969315190e-05   -6.334925419651e-04   -4.604647256201e-05   -3.401581197977e-04    9.471309022047e-05   -2.058947575279e-04    1.189855320263e-04
 145   -3.811931237578e-04   -9.243474778486e-05   -6.367962923832e-04   -4.380968675832e-05   -3.445732581895e-04    9.410109487362e-05   -2.082018472720e-04    1.178047823487e-04
 146   -3.833301889244e-04   -9.065221820492e-05   -6.407296750695e-04   -4.160547177889e-05   -3.501722530928e-04    9.316718205810e-05   -2.116598043358e-04    1.169087481685e-04
 147   -3.838027769234e-04   -8.827172132442e-05   -6.430238136090e-04   -3.932318213629e-05   -3.553715359885e-04    9.169136319542e-05   -2.143512101611e-04    1.159232560894e-04
 148   -3.832941583823e-04   -8.623625035398e-05   -6.436250405386e-04   -3.731903780135e-05   -3.629963321146e-04    9.133821731666e-05   -2.193133259425e-04    1.160357423942e-04
 149   -3.838010889012e-04   -8.515406079823e-05   -6.447594496422e-04   -3.584691512515e-05   -3.682785027195e-04    9.134440915659e-05   -2.222015027655e-04    1.161433028756e-04
 150   -3.855071263388e-04   -8.405526023125e-05   -6.477209390141e-04   -3.417913467274e-05   -3.714852791745e-04    9.072071406990e-05   -2.233105333289e-04    1.152854456450e-04
 151   -3.874047251884e-04   -8.259533206001e-05   -6.520000169985e-04   -3.228221248719e-05   -3.762324922718e-04    8.972515206551e-05   -2.257874148199e-04    1.140585445683e-04
 152   -3.885897167493e-04   -8.102231367957e-05   -6.560123874806e-04   -3.020772783202e-05   -3.822373400908e-04    8.851449820213e-05   -2.291406708537e-04    1.128906442318e-04
 153   -3.888063365594e-04   -8.097223326331e-05   -6.588588585146e-04   -2.927589594037e-05   -3.899588482454e-04    8.863034599926e-05   -2.336106408620e-04    1.133068144554e-04
 154   -3.893134999089e-04   -8.082693238975e-05   -6.614754674956e-04   -2.815817788360e-05   -3.949308011215e-04    8.844384137774e-05   -2.349428832531e-04    1.132992838393e-04
 155   -3.903862670995e-04   -7.957146590343e-05   -6.643000524491e-04   -2.628392212500e-05   -4.015761660412e-04    8.816232730169e-05   -2.382803650107e-04    1.129940865212e-04
 156   -3.913476830348e-04   -7.808497321093e-05   -6.674224860035e-04   -2.426907121844e-05   -4.051164432894e-04    8.718768367544e-05   -2.389368746663e-04    1.119654698414e-04
 157   -3.926435310859e-04   -7.700089190621e-05   -6.715227500536e-04   -2.243047492811e-05   -4.104129911866e-04    8.616007107776e-05   -2.416030765744e-04    1.109652585001e-04
 158   -3.936552384403e-04   -7.712113438174e-05   -6.758423987776e-04   -2.179190778406e-05   -4.160016542301e-04    8.577045809943e-05   -2.439271775074e-04    1.104438706534e-04
 159   -3.944975906052e-04   -7.672001083847e-05   -6.801052950323e-04   -2.085632695525e-05   -4.216713714413e-04    8.548468758818e-05   -2.454780042171e-04    1.100522931665e-04
 160   -3.964887873735e-04   -7.554238254670e-05   -6.854403764009e-04   -1.913131200126e-05   -4.269574419595e-04    8.560070273234e-05   -2.465792058501e-04    1.106428826461e-04
 161   -3.975795407314e-04   -7.421073678415e-05   -6.895562401041e-04   -1.663757575443e-05   -4.327575734351e-04    8.509634062648e-05   -2.487431047484e-04    1.110070152208e-04
 162   -3.991258563474e-04   -7.451495912392e-05   -6.935332785361e-04   -1.572319160914e-05   -4.371242248453e-04    8.460081153316e-05   -2.501221315470e-04    1.107345160563e-04
 163   -3.979775065091e-04   -7.512506272178e-05   -6.949135567993e-04   -1.624637843634e-05   -4.447102255654e-04    8.397136116400e-05   -2.542427391745e-04    1.096803971450e-04
 164   -3.977839660365e-04   -7.546763663413e-05   -6.983263301663e-04   -1.740711741149e-05   -4.506137047429e-04    8.417347271461e-05   -2.554348611739e-04    1.097910208046e-04
 165   -3.988880489487e-04   -7.406601071125e-05   -7.036044844426e-04   -1.625956610951e-05   -4.550632729661e-04    8.406404231209e-05   -2.547759213485e-04    1.106430572690e-04
 166   -3.998315078206e-04   -7.240431295941e-05   -7.080268696882e-04   -1.334032094746e-05   -4.601083055604e-04    8.339192572748e-05   -2.554497041274e-04    1.110681478167e-04
 167   -4.006619274151e-04   -7.155244384194e-05   -7.110656588338e-04   -1.076956323232e-05   -4.660369304474e-04    8.199233707273e-05   -2.581232693046e-04    1.097305430449e-04
 168   -4.007163515780e-04   -7.161752000684e-05   -7.135558407754e-04   -1.053054984368e-05   -4.729221691377e-04    8.083361171884e-05   -2.617823192850e-04    1.081553709810e-04
 169   -4.014781152364e-04   -7.126870332286e-05   -7.181568653323e-04   -1.029094801197e-05   -4.785583878402e-04    8.011273894226e-05   -2.631683892105e-04    1.070915604942e-04
 170   -4.025921807624e-04   -7.006357191131e-05   -7.237547542900e-04   -8.332903234987e-06   -4.829102836084e-04    7.962108793436e-05   -2.623404725455e-04    1.071280494216e-04
 171   -4.025218659081e-04   -7.013507274678e-05   -7.272342336364e-04   -6.271302936511e-06   -4.882199573331e-04    7.976074994076e-05   -2.628359943628e-04    1.080082438421e-04
 172   -4.022213106509e-04   -6.969768583076e-05   -7.298484561034e-04   -3.849484073726e-06   -4.945358959958e-04    7.830896356609e-05   -2.649147063494e-04    1.070863145287e-04
 173   -4.025640373584e-04   -7.024567457847e-05   -7.339123985730e-04   -3.790459231823e-06   -5.012891488150e-04    7.812098192517e-05   -2.674410643522e-04    1.074468091247e-04
 174   -4.037541802973e-04   -7.103339157766e-05   -7.407984812744e-04   -3.683924660436e-06   -5.078112008050e-04    7.918691699160e-05   -2.679615863599e-04    1.085596595658e-04
 175   -4.045700770803e-04   -7.071242725942e-05   -7.471204735339e-04   -1.298954884987e-06   -5.132708465680e-04    7.903863297543e-05   -2.666544460226e-04    1.082416711142e-04
 176   -4.044590168633e-04   -6.994050636422e-05   -7.510003051721e-04    2.134122269126e-06   -5.186724592932e-04    7.741258013994e-05   -2.658115408849e-04    1.063615563908e-04
 177   -4.039106133860e-04   -6.890678923810e-05   -7.537455530837e-04    4.893162440567e-06   -5.238634767011e-04    7.561122038169e-05   -2.656169526745e-04    1.044367163558e-04
 178   -4.039128543809e-04   -6.768794992240e-05   -7.586458232254e-04    6.270384346863e-06   -5.294479196891e-04    7.471162098227e-05   -2.653356641531e-04    1.044003583957e-04
 179   -4.050648713019e-04   -6.866896728752e-05   -7.666616584174e-04    5.476679234562e-06   -5.352783482522e-04    7.604726852151e-05   -2.640640595928e-04    1.071365768439e-04
 180   -4.052348376717e-04   -7.125439879019e-05   -7.739101420157e-04    3.969653789682e-06   -5.421208334155e-04    7.717950211372e-05   -2.633229887579e-04    1.093049504561e-04
 181   -4.045185341965e-04   -7.416012522299e-05   -7.789984229021e-04    2.913850494224e-06   -5.485937581398e-04    7.739148713881e-05   -2.626851783134e-04    1.096218547900e-04
 182   -4.031969001517e-04   -7.438382453984e-05   -7.824118365534e-04    4.705295850727e-06   -5.544782616198e-04    7.640104013262e-05   -2.621579915285e-04    1.081753071048e-04
 183   -4.023371438961e-04   -7.291194924619e-05   -7.864775834605e-04    7.772668141115e-06   -5.599977448583e-04    7.595997158205e-05   -2.611674426589e-04    1.076902262866e-04
 184   -4.020166234113e-04   -7.271343201865e-05   -7.923659868538e-04    9.015085197461e-06   -5.651435349137e-04    7.615696085850e-05   -2.591080847196e-04    1.083837123588e-04
 185   -4.015483427793e-04   -7.558571815025e-05   -7.988147553988e-04    7.087784524629e-06   -5.715481820516e-04    7.661031850148e-05   -2.583644527476e-04    1.094885810744e-04
 186   -4.005150985904e-04   -7.852372073103e-05   -8.051041513681e-04    5.400472673500e-06   -5.777762271464e-04    7.624671707163e-05   -2.576818806119e-04    1.096771520679e-04
 187   -3.991650009993e-04   -7.885580998845e-05   -8.105825399980e-04    6.766432306904e-06   -5.836113123223e-04    7.576938514831e-05   -2.566916227806e-04    1.095657644328e-04
 188   -3.982935741078e-04   -7.670470949961e-05   -8.158346172422e-04    1.028100268741e-05   -5.897291121073e-04    7.531770825153e-05   -2.553590747993e-04    1.100002409657e-04
 189   -3.982691268902e-04   -7.574648770969e-05   -8.219567243941e-04    1.308001446887e-05   -5.962350987829e-04    7.540554361185e-05   -2.535627281759e-04    1.109105651267e-04
 190   -3.983022470493e-04   -7.690813072259e-05   -8.291568374261e-04    1.433519446437e-05   -6.024550530128e-04    7.538698264398e-05   -2.508890756872e-04    1.115862687584e-04
 191   -3.964073548559e-04   -7.885945524322e-05   -8.357132319361e-04    1.467402944400e-05   -6.082892068662e-04    7.510686555179e-05   -2.478253736626e-04    1.118907093769e-04
 192   -3.938931040466e-04   -7.944436219987e-05   -8.422458195128e-04    1.565575439599e-05   -6.126843509264e-04    7.378736336250e-05   -2.432295441395e-04    1.110303201131e-04
 193   -3.917975991499e-04   -7.969041325850e-05   -8.485314901918e-04    1.685406277829e-05   -6.186402752064e-04    7.303167512873e-05   -2.399409277132e-04    1.105140399886e-04
 194   -3.902131575160e-04   -8.012940088520e-05   -8.547025499865e-04    1.849545878940e-05   -6.261806702241e-04    7.343178003794e-05   -2.375912008574e-04    1.106901618186e-04
 195   -3.881880838890e-04   -8.040487591643e-05   -8.602652815171e-04    2.032011070696e-05   -6.333221099339e-04    7.364556950051e-05   -2.349077694817e-04    1.107453135774e-04
 196   -3.844924503937e-04   -8.075866935542e-05   -8.650141535327e-04    2.149114698113e-05   -6.392548675649e-04    7.240915874718e-05   -2.312996512046e-04    1.097768908949e-04
 197   -3.799451806117e-04   -8.239274757216e-05   -8.703910862096e-04    2.151932130801e-05   -6.453330861405e-04    7.078078488121e-05   -2.270363329444e-04    1.087905839086e-04
 198   -3.763139538933e-04   -8.464638813166e-05   -8.771063294262e-04    2.167197089875e-05   -6.529922829941e-04    7.028514664853e-05   -2.236215659650e-04    1.091276208172e-04
 199   -3.735623322427e-04   -8.721670019440e-05   -8.844347903505e-04    2.201400457125e-05   -6.610147538595e-04    7.209501200123e-05   -2.203983167419e-04    1.118575091823e-04
 200   -3.700719389599e-04   -8.894623169908e-05   -8.910100441426e-04    2.237152875750e-05   -6.679426296614e-04    7.368186925305e-05   -2.162180608138e-04    1.146306240116e-04
 201   -3.657373890746e-04   -8.994319796329e-05   -8.963641594164e-04    2.321906140423e-05   -6.730535533279e-04    7.299256685656e-05   -2.105625753757e-04    1.147661605501e-04
 202   -3.606910759117e-04   -9.080487507163e-05   -9.018333512358e-04    2.497658533684e-05   -6.800769479014e-04    7.112726598280e-05   -2.055751101580e-04    1.134010817623e-04
 203   -3.556558804121e-04   -9.202121145790e-05   -9.083144832402e-04    2.696468800423e-05   -6.886897608638e-04    7.058565097395e-05   -2.009218296735e-04    1.138182415161e-04
 204   -3.519647871144e-04   -9.357458475279e-05   -9.165215888061e-04    2.848229996744e-05   -6.957572768442e-04    7.188000745373e-05   -1.947906130226e-04    1.166445654235e-04
 205   -3.494187840261e-04   -9.504664922133e-05   -9.255603654310e-04    2.985483115481e-05   -7.007864769548e-04    7.246188033605e-05   -1.871085696621e-04    1.187028683489e-04
 206   -3.468409704510e-04   -9.655786561780e-05   -9.347164887004e-04    3.170644049533e-05   -7.057769689709e-04    7.134403131204e-05   -1.788241643226e-04    1.181445113616e-04
 207   -3.426276089158e-04   -9.878358832793e-05   -9.432532242499e-04    3.328838283778e-05   -7.128322613426e-04    7.044681842672e-05   -1.712385419523e-04    1.172529300675e-04
 208   -3.354989748914e-04   -1.014414956444e-04   -9.507050272077e-04    3.352812200319e-05   -7.223919965327e-04    7.030725100776e-05   -1.653847430134e-04    1.180628605653e-04
 209   -3.281382378191e-04   -1.040035203914e-04   -9.578809840605e-04    3.284432023065e-05   -7.299843709916e-04    7.026991079329e-05   -1.589914172655e-04    1.200329206767e-04
 210   -3.222910454497e-04   -1.064074167516e-04   -9.659096831456e-04    3.257319986005e-05   -7.356974529102e-04    6.960455357330e-05   -1.513655588496e-04    1.210512637044e-04
 211   -3.175168531016e-04   -1.083477909560e-04   -9.748755837791e-04    3.407186886761e-05   -7.401868351735e-04    6.867044430692e-05   -1.415815786459e-04    1.204435902764e-04
 212   -3.110396792181e-04   -1.098017237382e-04   -9.837092366070e-04    3.646021650638e-05   -7.466058596037e-04    6.796306115575e-05   -1.318407303188e-04    1.198415411636e-04
 213   -3.020223812200e-04   -1.113649559557e-04   -9.913872927427e-04    3.828543049167e-05   -7.552155293524e-04    6.807148747612e-05   -1.235652016476e-04    1.207579116453e-04
 214   -2.929712063633e-04   -1.132933466579e-04   -9.984248317778e-04    3.962011032854e-05   -7.640481344424e-04    6.891343946336e-05   -1.155419740826e-04    1.224239822477e-04
 215   -2.856452192646e-04   -1.152108961833e-04   -1.005895202979e-03    4.125338091399e-05   -7.717947009951e-04    6.997169111855e-05   -1.059440910467e-04    1.240561687155e-04
 216   -2.786879776977e-04   -1.171433978016e-04   -1.014526118524e-03    4.270765566616e-05   -7.790913223289e-04    7.033898145892e-05   -9.499128645984e-05    1.258294651052e-04
 217   -2.701922785491e-04   -1.200668484671e-04   -1.024360070005e-03    4.361862374935e-05   -7.876124582253e-04    7.046088285279e-05   -8.421485108556e-05    1.275466784136e-04
 218   -2.611094678286e-04   -1.235352829099e-04   -1.034561078995e-03    4.546305353870e-05   -7.959677022882e-04    6.990633846726e-05   -7.305742474273e-05    1.275401591556e-04
 219   -2.520421403460e-04   -1.265177270398e-04   -1.044147531502e-03    4.904696106678e-05   -8.041611290537e-04    6.912690150784e-05   -6.143967038952e-05    1.259378186660e-04
 220   -2.430724416627e-04   -1.282073062612e-04   -1.053072395734e-03    5.242784391157e-05   -8.114046650007e-04    6.724389095325e-05   -4.901986540062e-05    1.243510632776e-04
 221   -2.337851910852e-04   -1.305147598032e-04   -1.063481671736e-03    5.248750676401e-05   -8.194004185498e-04    6.519420276163e-05   -3.696963540278e-05    1.251900248462e-04
 222   -2.241131151095e-04   -1.345706987195e-04   -1.075966167264e-03    5.055925066699e-05   -8.293911232613e-04    6.455333641497e-05   -2.578447129054e-05    1.279802381760e-04
 223   -2.140551659977e-04   -1.398436870659e-04   -1.087994896807e-03    5.071451960248e-05   -8.399516809732e-04    6.577562453458e-05   -1.351377977699e-05    1.307191996602e-04
 224   -2.030709874816e-04   -1.449543633498e-04   -1.097724423744e-03    5.417225111159e-05   -8.491480839439e-04    6.734009366482e-05    1.326869096374e-06    1.323443866568e-04
 225   -1.906754332595e-04   -1.492765586590e-04   -1.106573268771e-03    5.748310650233e-05   -8.570157224312e-04    6.735019269399e-05    1.769887421688e-05    1.342519099126e-04
 226   -1.765367633197e-04   -1.531293673906e-04   -1.116697909310e-03    5.734434307669e-05   -8.660801104270e-04    6.633831799263e-05    3.299944728496e-05    1.375128340442e-04
 227   -1.614270877326e-04   -1.564234262332e-04   -1.126585062593e-03    5.643695840263e-05   -8.758464828134e-04    6.586591189262e-05    4.669278496294e-05    1.402386114933e-04
 228   -1.451473508496e-04   -1.592674816493e-04   -1.134096761234e-03    5.829926885781e-05   -8.866256684996e-04    6.648503767792e-05    6.037197817932e-05    1.412602869095e-04
 229   -1.298256247537e-04   -1.623869029572e-04   -1.141223357990e-03    6.278586806729e-05   -8.956064702943e-04    6.603326619370e-05    7.743750029476e-05    1.407408853993e-04
 230   -1.154678902822e-04   -1.664126029937e-04   -1.151456846856e-03    6.547819793923e-05   -9.034963441081e-04    6.355550431181e-05    9.735006460687e-05    1.404004433425e-04
 231   -9.973067790270e-05   -1.705268368823e-04   -1.163449021988e-03    6.514353299281e-05   -9.120882605202e-04    6.034704711055e-05    1.167473528767e-04    1.410635304637e-04
 232   -8.067936869338e-05   -1.744482869981e-04   -1.172795775346e-03    6.458422285505e-05   -9.227035916410e-04    5.859478551429e-05    1.336606219411e-04    1.424772053724e-04
 233   -6.021006629453e-05   -1.793012197595e-04   -1.179802464321e-03    6.593221041840e-05   -9.338324307464e-04    5.909668470849e-05    1.504610845586e-04    1.445385132683e-04
 234   -4.191287735011e-05   -1.854840957094e-04   -1.190325710922e-03    6.831303471699e-05   -9.441580041312e-04    6.006304101902e-05    1.714099635137e-04    1.468045229558e-04
 235   -2.615493576741e-05   -1.920305803651e-04   -1.206304877996e-03    7.094689499354e-05   -9.528087102808e-04    5.938063623034e-05    1.976453932002e-04    1.481662329752e-04
 236   -8.010691090021e-06   -1.977981009986e-04   -1.221988932230e-03    7.315114635276e-05   -9.638113551773e-04    5.884705024073e-05    2.228738012491e-04    1.505139516667e-04
 237    1.323055585090e-05   -2.028294111369e-04   -1.233433838934e-03    7.508374983445e-05   -9.764989954419e-04    5.911046901019e-05    2.438674273435e-04    1.536186318845e-04
 238    3.468681097729e-05   -2.077212702716e-04   -1.244695973583e-03    7.600255776197e-05   -9.880505967885e-04    5.890425018151e-05    2.645055647008e-04    1.557630457683e-04
 239    5.462509943754e-05   -2.128408232238e-04   -1.260091084987e-03    7.628143066540e-05   -9.965792996809e-04    5.650880484609e-05    2.911506162491e-04    1.554346381454e-04
 240    7.563553663203e-05   -2.194614789914e-04   -1.276722876355e-03    7.694467785768e-05   -1.004831399769e-03    5.349839921109e-05    3.220810322091e-04    1.543790713185e-04
 241    1.005597441690e-04   -2.279504551552e-04   -1.289024716243e-03    7.904702943051e-05   -1.016971538775e-03    5.258112651063e-05    3.493058902677e-04    1.557675859658e-04
 242    1.281052245758e-04   -2.366417029407e-04   -1.298497198150e-03    8.200679440051e-05   -1.032024971209e-03    5.380568836699e-05    3.710266901180e-04    1.595372159500e-04
 243    1.550103625050e-04   -2.433634217596e-04   -1.311742234975e-03    8.493832865497e-05   -1.044866279699e-03    5.381373557611e-05    3.958167508245e-04    1.621035771677e-04
 244    1.806031214073e-04   -2.494032087270e-04   -1.329179503955e-03    8.630046795588e-05   -1.053756684996e-03    5.128368502483e-05    4.282847512513e-04    1.615002984181e-04
 245    2.101561840391e-04   -2.567511110101e-04   -1.344554824755e-03    8.552931103623e-05   -1.065306947567e-03    4.832313788938e-05    4.619416722562e-04    1.614332577446e-04
 246    2.423226978863e-04   -2.653877600096e-04   -1.355104031973e-03    8.544430602342e-05   -1.080191344954e-03    4.782581891050e-05    4.900547210127e-04    1.642167480895e-04
 247    2.739079354797e-04   -2.724851365201e-04   -1.366812619381e-03    8.888812590158e-05   -1.094681094401e-03    4.844449722441e-05    5.170635413378e-04    1.684785092948e-04
 248    3.036989946850e-04   -2.775129396468e-04   -1.384931616485e-03    9.493689867668e-05   -1.106334733777e-03    4.674855517806e-05    5.512922652997e-04    1.710170035949e-04
 249    3.342137788422e-04   -2.833719190676e-04   -1.406064489856e-03    1.000462434604e-04   -1.117612118833e-03    4.160161552136e-05    5.925996811129e-04    1.713429955998e-04
 250    3.679775982164e-04   -2.922689309344e-04   -1.424270449206e-03    1.030827115756e-04   -1.132444827817e-03    3.728693627636e-05    6.319776293822e-04    1.718923886074e-04
 251    4.028799885418e-04   -3.031361848116e-04   -1.440408872440e-03    1.052209190675e-04   -1.148821320385e-03    3.649525388028e-05    6.658094353043e-04    1.743292814353e-04
 252    4.359633021522e-04   -3.134097787552e-04   -1.458250684664e-03    1.084935938707e-04   -1.161767169833e-03    3.731392280315e-05    6.997860036790e-04    1.772555988282e-04
 253    4.712383088190e-04   -3.212818410248e-04   -1.476905774325e-03    1.125919006881e-04   -1.173613825813e-03    3.550324254320e-05    7.404215284623e-04    1.792571856640e-04
 254    5.105036543682e-04   -3.277972864453e-04   -1.493201940320e-03    1.171813200926e-04   -1.186729990877e-03    3.116766674793e-05    7.855312433094e-04    1.796002907213e-04
 255    5.534259835258e-04   -3.351543855388e-04   -1.508509973064e-03    1.212207862409e-04   -1.202545128763e-03    2.791005135805e-05    8.298516622745e-04    1.801986945793e-04
 256    5.959359696135e-04   -3.443807945587e-04   -1.526565523818e-03    1.244194281753e-04   -1.217704731971e-03    2.684024548216e-05    8.731025736779e-04    1.816866279114e-04
 257    6.365834269673e-04   -3.536504518706e-04   -1.547021791339e-03    1.290265063290e-04   -1.229315181263e-03    2.442846925987e-05    9.196765604429e-04    1.824419159675e-04
 258    6.791242631152e-04   -3.618586342782e-04   -1.565713202581e-03    1.359513844363e-04   -1.241400022991e-03    1.929090285557e-05    9.700220543891e-04    1.829719403759e-04
 259    7.187584415078e-04   -3.695350314956e-04   -1.582787139341e-03    1.436224265490e-04   -1.250230008736e-03    1.425554455636e-05    1.019467134029e-03    1.851162960520e-04
 260    7.739556021988e-04   -3.790112095885e-04   -1.604415476322e-03    1.458665065002e-04   -1.275177462958e-03    1.174852786789e-05    1.067643170245e-03    1.900359347928e-04
 261    8.251787512563e-04   -3.902945609298e-04   -1.627639983781e-03    1.446058158763e-04   -1.293541165069e-03    8.589205208409e-06    1.116510713473e-03    1.941487425938e-04
 262    8.702074410394e-04   -4.015895246994e-04   -1.635669497773e-03    1.434743171558e-04   -1.298389281146e-03    3.692822019730e-06    1.158882514574e-03    1.968582946574e-04
 263    9.047599742189e-04   -4.057492478751e-04   -1.620581955649e-03    1.445744273951e-04   -1.285018515773e-03   -1.247881641575e-06    1.188558759168e-03    1.964784314623e-04
 264    9.605654049665e-04   -4.205568693578e-04   -1.641923910938e-03    1.518330536783e-04   -1.298947958276e-03   -1.393566549268e-06    1.245511462912e-03    2.037507365458e-04
 265    1.037498237565e-03   -4.289119970053e-04   -1.693658065051e-03    1.582201221026e-04   -1.339541748166e-03   -4.398503733682e-06    1.325527322479e-03    2.026000438491e-04
 266    1.104108872823e-03   -4.435511364136e-04   -1.731062307954e-03    1.632872445043e-04   -1.367545919493e-03   -9.336352377431e-06    1.396086998284e-03    2.054673532257e-04
 267    1.156162470579e-03   -4.581009270623e-04   -1.744510256685e-03    1.660063426243e-04   -1.376171130687e-03   -1.315487043030e-05    1.450202311389e-03    2.089048357448e-04
 268    1.218925579451e-03   -4.749041108880e-04   -1.770496251993e-03    1.715245307423e-04   -1.395527739078e-03   -1.365905154671e-05    1.516947173513e-03    2.179180446547e-04
 269    1.260894932784e-03   -4.802994371857e-04   -1.768135465682e-03    1.762794418028e-04   -1.390354475006e-03   -1.425154732715e-05    1.554231625050e-03    2.192002284573e-04
 270    1.339968759567e-03   -4.905298119411e-04   -1.808482455090e-03    1.871396671049e-04   -1.420579385012e-03   -1.965899355127e-05    1.635747845285e-03    2.163190511055e-04
 271    1.415893668309e-03   -5.018932861276e-04   -1.836618990637e-03    1.972696190933e-04   -1.441879780032e-03   -3.077117798966e-05    1.711319084279e-03    2.139495481970e-04
 272    1.518720178865e-03   -5.218248697929e-04   -1.886125421152e-03    2.050998591585e-04   -1.486860215664e-03   -3.769738032133e-05    1.813511596993e-03    2.226118085673e-04
 273    1.607492216863e-03   -5.402721581049e-04   -1.917406683788e-03    2.130482607754e-04   -1.517992699519e-03   -3.770830153371e-05    1.897918526083e-03    2.335955359740e-04
 274    1.679959706962e-03   -5.501022096723e-04   -1.937034074217e-03    2.253875281895e-04   -1.533805509098e-03   -3.803331492236e-05    1.969504868612e-03    2.351980219828e-04
 275    1.763632055372e-03   -5.644094781019e-04   -1.978177111596e-03    2.443215053063e-04   -1.558510935865e-03   -4.518589048530e-05    2.060691360384e-03    2.357313933317e-04
 276    1.837375224568e-03   -5.744927329943e-04   -1.987871946767e-03    2.468094171491e-04   -1.567850587890e-03   -5.495748700923e-05    2.128147520125e-03    2.346028632019e-04
 277    1.933467807248e-03   -5.934765795246e-04   -2.016809536144e-03    2.469943428878e-04   -1.593940891325e-03   -6.351661431836e-05    2.214255277067e-03    2.442369586788e-04
 278    2.040026942268e-03   -6.137696327642e-04   -2.053123200312e-03    2.544080489315e-04   -1.630923361517e-03   -7.023477519397e-05    2.309737959877e-03    2.505863667466e-04
 279    2.143327612430e-03   -6.296159699559e-04   -2.091166563332e-03    2.765984099824e-04   -1.663962029852e-03   -7.817088044249e-05    2.412680536509e-03    2.481210976839e-04
 280    2.239257795736e-03   -6.423812592402e-04   -2.124862512574e-03    3.007284540217e-04   -1.684912131168e-03   -8.927798626246e-05    2.514719730243e-03    2.427211875329e-04
 281    2.340255072340e-03   -6.612709839828e-04   -2.160246251151e-03    3.130860568490e-04   -1.707058981992e-03   -1.017461399897e-04    2.616441342980e-03    2.444261335768e-04
 282    2.446310361847e-03   -6.855413666926e-04   -2.192921936512e-03    3.130823315587e-04   -1.735609606840e-03   -1.096338892239e-04    2.713361289352e-03    2.511201309972e-04
 283    2.551539335400e-03   -7.093443418853e-04   -2.224993659183e-03    3.155475424137e-04   -1.764341956005e-03   -1.110324010369e-04    2.811382291839e-03    2.575959078968e-04
 284    2.661854028702e-03   -7.282713195309e-04   -2.262182533741e-03    3.297259972896e-04   -1.791829592548e-03   -1.115854611271e-04    2.924232743680e-03    2.617623831611e-04
 285    2.777358517051e-03   -7.439889013767e-04   -2.303324872628e-03    3.490953531582e-04   -1.814587856643e-03   -1.167970185634e-04    3.047133330256e-03    2.663754858077e-04
 286    2.897115191445e-03   -7.639370742254e-04   -2.344290260226e-03    3.622779622674e-04   -1.837013522163e-03   -1.245792809641e-04    3.170173848048e-03    2.719070471358e-04
 287    3.018669318408e-03   -7.925969548523e-04   -2.383536892012e-03    3.683823451865e-04   -1.862573088147e-03   -1.296874543186e-04    3.288934705779e-03    2.766376710497e-04
 288    3.143998328596e-03   -8.229034137912e-04   -2.423958620057e-03    3.765189030673e-04   -1.891950145364e-03   -1.339567243122e-04    3.408573800698e-03    2.796147891786e-04
 289    3.273925976828e-03   -8.457165677100e-04   -2.467623911798e-03    3.931453975383e-04   -1.921969815157e-03   -1.427563256584e-04    3.534998046234e-03    2.829896111507e-04
 290    3.403354436159e-03   -8.617833373137e-04   -2.512776991352e-03    4.151847097091e-04   -1.947679673322e-03   -1.551865716465e-04    3.665020456538e-03    2.886598231271e-04
 291    3.536576870829e-03   -8.823561947793e-04   -2.559392247349e-03    4.351366078481e-04   -1.972685800865e-03   -1.636768283788e-04    3.802032908425e-03    2.942822175100e-04
 292    3.674696199596e-03   -9.090795647353e-04   -2.606284804642e-03    4.502663214225e-04   -1.995753729716e-03   -1.692522346275e-04    3.941809758544e-03    2.977615222335e-04
 293    3.822791622952e-03   -9.352366323583e-04   -2.651501446962e-03    4.632965428755e-04   -2.021557185799e-03   -1.793278352125e-04    4.082178231329e-03    2.982328587677e-04
 294    3.978887107223e-03   -9.572742856108e-04   -2.694598631933e-03    4.766782512888e-04   -2.053965348750e-03   -1.958749635378e-04    4.222574643791e-03    2.984011080116e-04
 295    4.137719515711e-03   -9.794806828722e-04   -2.739373128861e-03    4.919721395709e-04   -2.090486697853e-03   -2.105429884978e-04    4.367962013930e-03    3.017076232936e-04
 296    4.297208506614e-03   -1.005811151117e-03   -2.789911115542e-03    5.108990590088e-04   -2.123053418472e-03   -2.162675664295e-04    4.524703137577e-03    3.079397429246e-04
 297    4.458661656827e-03   -1.033753156662e-03   -2.846349729225e-03    5.341041251086e-04   -2.146892715245e-03   -2.172204840463e-04    4.692455753684e-03    3.143714566249e-04
 298    4.621200729162e-03   -1.058897469193e-03   -2.902660984546e-03    5.586516926996e-04   -2.167213242501e-03   -2.243812050438e-04    4.857226274908e-03    3.188974224031e-04
 299    4.793442785740e-03   -1.085305586457e-03   -2.957578515634e-03    5.813867901452e-04   -2.199430949986e-03   -2.396948257228e-04    5.020372103900e-03    3.202890511602e-04
 300    4.972689785063e-03   -1.113326870836e-03   -3.013266483322e-03    6.007982301526e-04   -2.238889923319e-03   -2.569415082689e-04    5.185406189412e-03    3.223407838959e-04
 301    5.156880710274e-03   -1.143289147876e-03   -3.071976127103e-03    6.187892286107e-04   -2.274930709973e-03   -2.689844695851e-04    5.360602866858e-03    3.282171965111e-04
 302    5.340444855392e-03   -1.173955621198e-03   -3.132357960567e-03    6.410744972527e-04   -2.304122317582e-03   -2.757812326308e-04    5.543444305658e-03    3.365624870639e-04
 303    5.520686507225e-03   -1.204424770549e-03   -3.194137942046e-03    6.712062750012e-04   -2.330740680918e-03   -2.834487240762e-04    5.727753508836e-03    3.431517106947e-04
 304    5.704130977392e-03   -1.234370167367e-03   -3.258898621425e-03    7.052231230773e-04   -2.360164653510e-03   -2.947071334347e-04    5.914473440498e-03    3.455743717495e-04
 305    5.895541980863e-03   -1.261912053451e-03   -3.325649304315e-03    7.338838768192e-04   -2.390586305410e-03   -3.082866023760e-04    6.103941239417e-03    3.497372672427e-04
 306    6.103319581598e-03   -1.294155372307e-03   -3.394795116037e-03    7.555814809166e-04   -2.426940714940e-03   -3.176612663083e-04    6.303502246737e-03    3.581162018236e-04
 307    6.311731878668e-03   -1.329823513515e-03   -3.464589826763e-03    7.791033131070e-04   -2.460181480274e-03   -3.227189881727e-04    6.506056524813e-03    3.687248099595e-04
 308    6.516979541630e-03   -1.364577794448e-03   -3.536040661857e-03    8.128740009852e-04   -2.487570513040e-03   -3.313571796753e-04    6.710816174746e-03    3.707038995344e-04
 309    6.728696171194e-03   -1.394197810441e-03   -3.608532017097e-03    8.530441555195e-04   -2.515005413443e-03   -3.508183581289e-04    6.918820086867e-03    3.614957968239e-04
 310    6.955527700484e-03   -1.422035391442e-03   -3.679804503918e-03    8.880952955224e-04   -2.551800571382e-03   -3.746661823243e-04    7.129970937967e-03    3.556906885933e-04
 311    7.190233096480e-03   -1.456406316720e-03   -3.749818773940e-03    9.146244847216e-04   -2.595721278340e-03   -3.884010366164e-04    7.345615420491e-03    3.660961228888e-04
 312    7.417378015816e-03   -1.495435251854e-03   -3.821576246992e-03    9.398763650097e-04   -2.630745060742e-03   -3.896359994542e-04    7.567150052637e-03    3.874856338371e-04
 313    7.650446146727e-03   -1.535991439596e-03   -3.899586852640e-03    9.694074396975e-04   -2.659041900188e-03   -3.903116739821e-04    7.801959291101e-03    3.971099795308e-04
 314    7.894008420408e-03   -1.567977597006e-03   -3.978321328759e-03    1.002049655654e-03   -2.684988314286e-03   -4.044069501106e-04    8.039033040404e-03    3.940368478652e-04
 315    8.148121647537e-03   -1.593369408511e-03   -4.054115153849e-03    1.037442358211e-03   -2.716584596783e-03   -4.292485828046e-04    8.273279294372e-03    3.914232656825e-04
 316    8.401672355831e-03   -1.622032956220e-03   -4.131530877203e-03    1.076623215340e-03   -2.752766245976e-03   -4.507728444878e-04    8.507821708918e-03    3.986967785750e-04
 317    8.649218827486e-03   -1.659538829699e-03   -4.217825364321e-03    1.117418636568e-03   -2.788211917505e-03   -4.625213332474e-04    8.749147877097e-03    4.089481662959e-04
 318    8.899693377316e-03   -1.702569192275e-03   -4.310919903219e-03    1.154712866992e-03   -2.824209164828e-03   -4.703406011686e-04    8.996970020235e-03    4.137318464927e-04
 319    9.159164503217e-03   -1.741126296110e-03   -4.399299621582e-03    1.188757014461e-03   -2.858708146960e-03   -4.847322124988e-04    9.241100400686e-03    4.198819224257e-04
 320    9.438154287636e-03   -1.779084326699e-03   -4.486136604100e-03    1.224715961143e-03   -2.898129401729e-03   -5.012169131078e-04    9.491644799709e-03    4.286794865038e-04
 321    9.713902138174e-03   -1.816242933273e-03   -4.579295404255e-03    1.266375882551e-03   -2.930758288130e-03   -5.139457061887e-04    9.750536642969e-03    4.422547353897e-04
 322    9.978049434721e-03   -1.855141599663e-03   -4.682863131166e-03    1.311170170084e-03   -2.958333818242e-03   -5.226784851402e-04    1.001947466284e-02    4.516201734077e-04
 323    1.024266891181e-02   -1.893642242067e-03   -4.787468817085e-03    1.356846652925e-03   -2.991960151121e-03   -5.338399787433e-04    1.029005553573e-02    4.557991342153e-04
 324    1.052469573915e-02   -1.929689315148e-03   -4.886174574494e-03    1.402473775670e-03   -3.033333458006e-03   -5.490516778082e-04    1.055919844657e-02    4.632996278815e-04
 325    1.081986166537e-02   -1.964833587408e-03   -4.985015839338e-03    1.447652583010e-03   -3.069299040362e-03   -5.633458495140e-04    1.083398517221e-02    4.764290933963e-04
 326    1.110219582915e-02   -1.995914150029e-03   -5.090687423944e-03    1.495315344073e-03   -3.085830481723e-03   -5.772944423370e-04    1.111592259258e-02    4.883949295618e-04
 327    1.137968525290e-02   -2.027559094131e-03   -5.202779080719e-03    1.547425985336e-03   -3.104830626398e-03   -5.900119431317e-04    1.140489988029e-02    4.861766938120e-04
 328    1.165918633342e-02   -2.054928103462e-03   -5.311340559274e-03    1.605696161278e-03   -3.135822713375e-03   -6.084390333854e-04    1.168447919190e-02    4.824783827644e-04
 329    1.195250637829e-02   -2.082891762257e-03   -5.417976994067e-03    1.666271477006e-03   -3.174107754603e-03   -6.316471262835e-04    1.195811480284e-02    4.857476742472e-04
 330    1.225289702415e-02   -2.116455230862e-03   -5.533542949706e-03    1.725420937873e-03   -3.202798543498e-03   -6.539385067299e-04    1.224269438535e-02    4.917081096210e-04
 331    1.254837773740e-02   -2.152848523110e-03   -5.660069175065e-03    1.784898806363e-03   -3.218426369131e-03   -6.713193724863e-04    1.254680845886e-02    4.935548640788e-04
 332    1.283943187445e-02   -2.183709293604e-03   -5.787642206997e-03    1.846753410064e-03   -3.235660726205e-03   -6.847059121355e-04    1.285831816494e-02    4.957233904861e-04
 333    1.312869135290e-02   -2.201728057116e-03   -5.906412377954e-03    1.911868806928e-03   -3.255212213844e-03   -7.016870076768e-04    1.315727271140e-02    5.089258193038e-04
 334    1.343613397330e-02   -2.221701899543e-03   -6.022667046636e-03    1.978592015803e-03   -3.283650381491e-03   -7.229814655147e-04    1.345036178827e-02    5.160144064575e-04
 335    1.374992169440e-02   -2.245722804219e-03   -6.142836529762e-03    2.045834669843e-03   -3.308637998998e-03   -7.511537987739e-04    1.374429278076e-02    5.141345900483e-04
 336    1.406400091946e-02   -2.274080645293e-03   -6.268350407481e-03    2.111112698913e-03   -3.335604444146e-03   -7.788922521286e-04    1.404785085469e-02    5.103396833874e-04
 337    1.437271945179e-02   -2.301233820617e-03   -6.398668047041e-03    2.172632841393e-03   -3.365348558873e-03   -7.983561954461e-04    1.435899082571e-02    5.182193708606e-04
 338    1.467251125723e-02   -2.322572050616e-03   -6.534709595144e-03    2.236037282273e-03   -3.387121716514e-03   -8.101296843961e-04    1.466922927648e-02    5.383014795370e-04
 339    1.496578380466e-02   -2.337984275073e-03   -6.675464101136e-03    2.308979630470e-03   -3.396544838324e-03   -8.265109499916e-04    1.497330609709e-02    5.563047598116e-04
 340    1.525920629501e-02   -2.344154287130e-03   -6.815251894295e-03    2.388839377090e-03   -3.399440785870e-03   -8.593660313636e-04    1.527028717101e-02    5.730609991588e-04
 341    1.557672396302e-02   -2.354797907174e-03   -6.955031771213e-03    2.461471827701e-03   -3.418582724407e-03   -8.949684561230e-04    1.558231748641e-02    5.894281202927e-04
 342    1.589839532971e-02   -2.362861065194e-03   -7.101288996637e-03    2.519294852391e-03   -3.439258551225e-03   -9.165547089651e-04    1.590267941356e-02    6.210093852133e-04
 343    1.620493456721e-02   -2.366662491113e-03   -7.259296718985e-03    2.575978636742e-03   -3.450904274359e-03   -9.219145285897e-04    1.621779985726e-02    6.550523103215e-04
 344    1.649549230933e-02   -2.367795677856e-03   -7.423413451761e-03    2.651483519003e-03   -3.458078484982e-03   -9.312652400695e-04    1.652037724853e-02    6.731431349181e-04
 345    1.678860001266e-02   -2.367754466832e-03   -7.584647741169e-03    2.743747783825e-03   -3.468571696430e-03   -9.579739999026e-04    1.682189293206e-02    6.830066558905e-04
 346    1.709436438978e-02   -2.364564454183e-03   -7.742527406663e-03    2.830379642546e-03   -3.480280051008e-03   -9.875381365418e-04    1.713506877422e-02    7.095951586962e-04
 347    1.739576831460e-02   -2.345546614379e-03   -7.897257804871e-03    2.897404134274e-03   -3.481780411676e-03   -1.002992619760e-03    1.744173094630e-02    7.647181628272e-04
 348    1.770069822669e-02   -2.324886620045e-03   -8.056081831455e-03    2.960013225675e-03   -3.491967217997e-03   -1.005611615255e-03    1.773329079151e-02    8.108865586109e-04
 349    1.799591444433e-02   -2.306078560650e-03   -8.217110298574e-03    3.035623813048e-03   -3.505714470521e-03   -1.016451045871e-03    1.800811104476e-02    8.383968961425e-04
 350    1.828291825950e-02   -2.294424455613e-03   -8.383072912693e-03    3.126267576590e-03   -3.515800694004e-03   -1.038136077113e-03    1.829376630485e-02    8.619207656011e-04
 351    1.855831407011e-02   -2.278279513121e-03   -8.557847701013e-03    3.220862708986e-03   -3.513888688758e-03   -1.055755885318e-03    1.860203407705e-02    9.021835285239e-04
 352    1.882390119135e-02   -2.238389104605e-03   -8.739148266613e-03    3.311768639833e-03   -3.506477456540e-03   -1.066230819561e-03    1.891089603305e-02    9.567067027092e-04
 353    1.909027621150e-02   -2.170971594751e-03   -8.919320069253e-03    3.400965593755e-03   -3.504990134388e-03   -1.084543764591e-03    1.919398643076e-02    1.010314910673e-03
 354    1.935198530555e-02   -2.084695035592e-03   -9.089566767216e-03    3.490532282740e-03   -3.496731398627e-03   -1.119559630752e-03    1.945351064205e-02    1.067402074113e-03
 355    1.962561346591e-02   -2.014540135860e-03   -9.260752238333e-03    3.581846831366e-03   -3.486685454845e-03   -1.149077434093e-03    1.972596533597e-02    1.124487374909e-03
 356    1.988077536225e-02   -1.946894801222e-03   -9.439866989851e-03    3.675808664411e-03   -3.463262924924e-03   -1.160854124464e-03    2.001295983791e-02    1.190070994198e-03
 357    2.012039534748e-02   -1.862761564553e-03   -9.627017192543e-03    3.775343997404e-03   -3.442210843787e-03   -1.168119604699e-03    2.029132097960e-02    1.254980801605e-03
 358    2.036214619875e-02   -1.757012563758e-03   -9.812906384468e-03    3.876108443365e-03   -3.435222897679e-03   -1.186243258417e-03    2.054297365248e-02    1.323616364971e-03
 359    2.060695551336e-02   -1.644498319365e-03   -9.994286112487e-03    3.972152248025e-03   -3.430650802329e-03   -1.207765191793e-03    2.078170701861e-02    1.405717339367e-03
 360    2.083458565176e-02   -1.538909506053e-03   -1.018190756440e-02    4.067622125149e-03   -3.408203367144e-03   -1.215133932419e-03    2.103131078184e-02    1.498877187259e-03
 361    2.103102765977e-02   -1.422954024747e-03   -1.037816796452e-02    4.169181454927e-03   -3.361569251865e-03   -1.213556621224e-03    2.128659933805e-02    1.602233038284e-03
 362    2.123964577913e-02   -1.293241744861e-03   -1.057716365904e-02    4.271859303117e-03   -3.333383239806e-03   -1.216594595462e-03    2.152156084776e-02    1.699060434476e-03
 363    2.146589010954e-02   -1.132756471634e-03   -1.076557580382e-02    4.363074898720e-03   -3.325461642817e-03   -1.232368522324e-03    2.172996476293e-02    1.807834603824e-03
 364    2.169098146260e-02   -9.651634027250e-04   -1.095534116030e-02    4.446358885616e-03   -3.318014089018e-03   -1.244040206075e-03    2.193984575570e-02    1.924484153278e-03
 365    2.189133502543e-02   -8.143633604050e-04   -1.116121094674e-02    4.536529537290e-03   -3.286269493401e-03   -1.239341683686e-03    2.217272482812e-02    2.034119563177e-03
 366    2.207263559103e-02   -6.635833997279e-04   -1.137814298272e-02    4.637635778636e-03   -3.234426490963e-03   -1.227911445312e-03    2.241265214980e-02    2.140885684639e-03
 367    2.225647866726e-02   -4.646977758966e-04   -1.159323100001e-02    4.736992996186e-03   -3.188159549609e-03   -1.224138773978e-03    2.263204567134e-02    2.273415913805e-03
 368    2.243138477206e-02   -1.709385687718e-04   -1.180267985910e-02    4.831308498979e-03   -3.146365983412e-03   -1.226942404173e-03    2.283280529082e-02    2.460727468133e-03
 369    2.261245250702e-02    1.748004142428e-04   -1.201826892793e-02    4.940676502883e-03   -3.109704004601e-03   -1.217335811816e-03    2.304668538272e-02    2.662315266207e-03
 370    2.277286164463e-02    5.182393360883e-04   -1.223353575915e-02    5.070713348687e-03   -3.051602281630e-03   -1.202029408887e-03    2.327120490372e-02    2.838967600837e-03
 371    2.291666343808e-02    8.425280684605e-04   -1.244172640145e-02    5.199853796512e-03   -2.983853453770e-03   -1.194966142066e-03    2.347716316581e-02    2.971058012918e-03
 372    2.305562235415e-02    1.243353472091e-03   -1.265012193471e-02    5.298671778291e-03   -2.928445581347e-03   -1.188901951537e-03    2.364912256598e-02    3.130820114166e-03
 373    2.319065295160e-02    1.835210830905e-03   -1.287534832954e-02    5.367420148104e-03   -2.884567948058e-03   -1.154611934908e-03    2.380275540054e-02    3.400928573683e-03
 374    2.330817840993e-02    2.553336787969e-03   -1.312694698572e-02    5.426891148090e-03   -2.829111646861e-03   -1.083698705770e-03    2.395762689412e-02    3.735645907000e-03
 375    2.338322810829e-02    3.223893698305e-03   -1.339672319591e-02    5.484649911523e-03   -2.739528194070e-03   -1.010265084915e-03    2.411069907248e-02    4.023372195661e-03
 376    2.343845367432e-02    3.906732890755e-03   -1.367381028831e-02    5.534803494811e-03   -2.658787183464e-03   -9.398993570358e-04    2.423418499529e-02    4.276349674910e-03
 377    2.346935495734e-02    5.126218311489e-03   -1.395243499428e-02    5.545439198613e-03   -2.599144587293e-03   -8.330071577802e-04    2.432673238218e-02    4.821122623980e-03
 378    2.345594018698e-02    7.256049662828e-03   -1.424292195588e-02    5.482053384185e-03   -2.558956155553e-03   -6.186470272951e-04    2.439869940281e-02    5.813632626086e-03
