#
#  k,  E_varmin,  E - E_var,  E,  E + E_var
# averaged of total time steps of =    8000000
   1  0.9126605834106E-05  0.9055881300257E-05  0.9125305916617E-05  0.9194730532978E-05
   2  0.1907452047001E-04  0.1890840933703E-04  0.1907796890838E-04  0.1924752847973E-04
   3  0.1874170135874E-04  0.1857051309666E-04  0.1875433009707E-04  0.1893814709748E-04
   4  0.7488001950284E-05  0.7397832917301E-05  0.7496545782068E-05  0.7595258646835E-05
   5  0.1921622549361E-06  0.1837893130224E-06  0.1919996141050E-06  0.2002099151876E-06
   6  0.3914491668921E-05  0.3865229875131E-05  0.3926572942026E-05  0.3987916008921E-05
   7  0.9612453975595E-05  0.9531564771993E-05  0.9641709577070E-05  0.9751854382148E-05
   8  0.8585477144045E-05  0.8486288108468E-05  0.8604629833575E-05  0.8722971558683E-05
   9  0.3335833299172E-05  0.3246304678704E-05  0.3336655730945E-05  0.3427006783186E-05
  10  0.5837919707222E-06  0.5511885641024E-06  0.5862837657255E-06  0.6213789673487E-06
  11  0.2298176472471E-05  0.2250612316839E-05  0.2320475919259E-05  0.2390339521679E-05
  12  0.5079727887766E-05  0.4996563644405E-05  0.5114059058179E-05  0.5231554471953E-05
  13  0.5282653337248E-05  0.5174834386695E-05  0.5311727074163E-05  0.5448619761631E-05
  14  0.3463119081777E-05  0.3364139210112E-05  0.3481226465152E-05  0.3598313720191E-05
  15  0.2318691092019E-05  0.2244049859287E-05  0.2333228028448E-05  0.2422406197608E-05
  16  0.2140985250442E-05  0.2067729945982E-05  0.2153181203321E-05  0.2238632460659E-05
  17  0.1897623427374E-05  0.1819554143372E-05  0.1905179310648E-05  0.1990804477924E-05
  18  0.1984679050224E-05  0.1911084294116E-05  0.1993909185177E-05  0.2076734076237E-05
  19  0.2560280093028E-05  0.2471172480617E-05  0.2577600135642E-05  0.2684027790668E-05
  20  0.2617656027915E-05  0.2523794439931E-05  0.2637409171996E-05  0.2751023904061E-05
  21  0.2159477486549E-05  0.2060760098290E-05  0.2170863161981E-05  0.2280966225672E-05
  22  0.2001358644402E-05  0.1887832432474E-05  0.2000107187222E-05  0.2112381941970E-05
  23  0.1950687779456E-05  0.1825251245894E-05  0.1943208956429E-05  0.2061166666964E-05
  24  0.1657005734238E-05  0.1539200211382E-05  0.1653210274986E-05  0.1767220338591E-05
  25  0.1690185864085E-05  0.1568738274104E-05  0.1687278912997E-05  0.1805819551890E-05
  26  0.2224075626660E-05  0.2073764691295E-05  0.2213145119589E-05  0.2352525547883E-05
  27  0.2407498588045E-05  0.2248188161429E-05  0.2389042332126E-05  0.2529896502824E-05
  28  0.1981884536188E-05  0.1836587077927E-05  0.1964305888420E-05  0.2092024698912E-05
  29  0.1801564330891E-05  0.1650002209583E-05  0.1781841331435E-05  0.1913680453288E-05
  30  0.2125655350177E-05  0.1942569249718E-05  0.2097683954209E-05  0.2252798658701E-05
  31  0.2148018594113E-05  0.1955344344123E-05  0.2109433732496E-05  0.2263523120870E-05
  32  0.1715113459213E-05  0.1546685984115E-05  0.1674561343980E-05  0.1802436703845E-05
  33  0.1696331847802E-05  0.1522843319479E-05  0.1654225598432E-05  0.1785607877386E-05
  34  0.2231735742542E-05  0.2020214138635E-05  0.2183835147398E-05  0.2347456156161E-05
  35  0.2395487764947E-05  0.2157638383023E-05  0.2337882243583E-05  0.2518126104142E-05
  36  0.1922086906809E-05  0.1685219501803E-05  0.1853813823192E-05  0.2022408144582E-05
  37  0.1658805060547E-05  0.1423236734568E-05  0.1581077653430E-05  0.1738918572292E-05
  38  0.2029310715759E-05  0.1768365695692E-05  0.1943503693579E-05  0.2118641691466E-05
  39  0.2388380743201E-05  0.2110944295921E-05  0.2302337324920E-05  0.2493730353918E-05
  40  0.2202035837042E-05  0.1924106662772E-05  0.2116404074325E-05  0.2308701485878E-05
  41  0.1857665299504E-05  0.1568714159688E-05  0.1753918367615E-05  0.1939122575542E-05
  42  0.1906486428399E-05  0.1602894094020E-05  0.1795437630277E-05  0.1987981166535E-05
  43  0.2177837826645E-05  0.1851472564682E-05  0.2056463568023E-05  0.2261454571363E-05
  44  0.2180770291087E-05  0.1838742816569E-05  0.2048099275969E-05  0.2257455735370E-05
  45  0.1970632697315E-05  0.1621810101207E-05  0.1829760060414E-05  0.2037710019621E-05
  46  0.1963058599094E-05  0.1606345812303E-05  0.1816803853383E-05  0.2027261894463E-05
  47  0.2156598089293E-05  0.1806712442130E-05  0.2025201123728E-05  0.2243689805327E-05
  48  0.2243768007913E-05  0.1853675709144E-05  0.2086236736555E-05  0.2318797763967E-05
  49  0.2263174632372E-05  0.1822634247373E-05  0.2079020446743E-05  0.2335406646112E-05
  50  0.2449804013827E-05  0.1978349831618E-05  0.2255010529050E-05  0.2531671226481E-05
  51  0.2679314449739E-05  0.2185309235023E-05  0.2471797940758E-05  0.2758286646492E-05
  52  0.2700905799359E-05  0.2207113020397E-05  0.2489105471685E-05  0.2771097922973E-05
  53  0.2670275269291E-05  0.2176812454803E-05  0.2464232130410E-05  0.2751651806016E-05
  54  0.2881396489750E-05  0.2408290711926E-05  0.2717025680236E-05  0.3025760648546E-05
  55  0.3208954775967E-05  0.2670117804249E-05  0.3008061815206E-05  0.3346005826163E-05
  56  0.3310390858470E-05  0.2747322406646E-05  0.3099915914388E-05  0.3452509422130E-05
  57  0.3180874044785E-05  0.2638582651381E-05  0.2982810831106E-05  0.3327039010831E-05
  58  0.3109960578228E-05  0.2556982150434E-05  0.2908174301070E-05  0.3259366451707E-05
  59  0.3242685512533E-05  0.2672667207571E-05  0.3040159125324E-05  0.3407651043076E-05
  60  0.3452520786143E-05  0.2843984047365E-05  0.3222597758414E-05  0.3601211469463E-05
  61  0.3529727541180E-05  0.2924773909919E-05  0.3303383119805E-05  0.3681992329691E-05
  62  0.3409789720580E-05  0.2826957203495E-05  0.3196681943189E-05  0.3566406682883E-05
  63  0.3327061928002E-05  0.2721562678025E-05  0.3095874314903E-05  0.3470185951782E-05
  64  0.3585811401681E-05  0.2929372143994E-05  0.3335316664492E-05  0.3741261184991E-05
  65  0.4031267292732E-05  0.3333912280758E-05  0.3775734291512E-05  0.4217556302266E-05
  66  0.4162330820149E-05  0.3479863552190E-05  0.3927609203363E-05  0.4375354854536E-05
  67  0.3962777741847E-05  0.3327765610205E-05  0.3760788212132E-05  0.4193810814059E-05
  68  0.3970915067873E-05  0.3324490410809E-05  0.3755580049230E-05  0.4186669687651E-05
  69  0.4311026618009E-05  0.3616868567373E-05  0.4072142920142E-05  0.4527417272911E-05
  70  0.4488154656012E-05  0.3792722183080E-05  0.4254585214424E-05  0.4716448245768E-05
  71  0.4357617271530E-05  0.3709861133885E-05  0.4173636557253E-05  0.4637411980620E-05
  72  0.4377898547890E-05  0.3659462415011E-05  0.4147274443618E-05  0.4635086472224E-05
  73  0.4694499754516E-05  0.3921495530701E-05  0.4443140609428E-05  0.4964785688156E-05
  74  0.4874793513389E-05  0.4103039624911E-05  0.4630688299996E-05  0.5158336975081E-05
  75  0.4758065619718E-05  0.4010247257753E-05  0.4517117793676E-05  0.5023988329599E-05
  76  0.4755721602916E-05  0.4004303206545E-05  0.4498400317034E-05  0.4992497427523E-05
  77  0.5072182434321E-05  0.4241470782455E-05  0.4747831154371E-05  0.5254191526288E-05
  78  0.5317560117484E-05  0.4475020835177E-05  0.4997489881022E-05  0.5519958926867E-05
  79  0.5197144627760E-05  0.4389668374250E-05  0.4912719435630E-05  0.5435770497010E-05
  80  0.5032592600880E-05  0.4204776481259E-05  0.4724474209036E-05  0.5244171936814E-05
  81  0.5208735538585E-05  0.4319205237632E-05  0.4846651084061E-05  0.5374096930490E-05
  82  0.5519962233243E-05  0.4601761149066E-05  0.5142169622030E-05  0.5682578094993E-05
  83  0.5537797964130E-05  0.4660702384136E-05  0.5195447499107E-05  0.5730192614078E-05
  84  0.5338338362395E-05  0.4493855805703E-05  0.5029921163272E-05  0.5565986520841E-05
  85  0.5332812535553E-05  0.4436126408044E-05  0.4995656027840E-05  0.5555185647635E-05
  86  0.5547862368127E-05  0.4588645106817E-05  0.5164728333067E-05  0.5740811559317E-05
  87  0.5630178399719E-05  0.4681013364786E-05  0.5257134585503E-05  0.5833255806219E-05
  88  0.5492146136841E-05  0.4594694414694E-05  0.5165454746123E-05  0.5736215077552E-05
  89  0.5414247692562E-05  0.4529029836846E-05  0.5103439486351E-05  0.5677849135855E-05
  90  0.5516087151646E-05  0.4605776122732E-05  0.5189220136348E-05  0.5772664149963E-05
  91  0.5607886337922E-05  0.4695657181899E-05  0.5270606123335E-05  0.5845555064771E-05
  92  0.5577830411490E-05  0.4688889541124E-05  0.5247793141683E-05  0.5806696742243E-05
  93  0.5523693752334E-05  0.4646700924103E-05  0.5200919463821E-05  0.5755138003540E-05
  94  0.5506891682026E-05  0.4631752625594E-05  0.5183487285810E-05  0.5735221946025E-05
  95  0.5492422261041E-05  0.4624013386333E-05  0.5171536945377E-05  0.5719060504422E-05
  96  0.5493889022526E-05  0.4632115539878E-05  0.5177729190342E-05  0.5723342840806E-05
  97  0.5540897937764E-05  0.4675884306967E-05  0.5221167264871E-05  0.5766450222776E-05
  98  0.5572110465182E-05  0.4698069182839E-05  0.5251352468473E-05  0.5804635754107E-05
  99  0.5532338505728E-05  0.4640289288403E-05  0.5205826420525E-05  0.5771363552647E-05
 100  0.5482639789015E-05  0.4595594654692E-05  0.5164487135412E-05  0.5733379616132E-05
 101  0.5495428728765E-05  0.4622284174527E-05  0.5190944327247E-05  0.5759604479966E-05
 102  0.5535838967159E-05  0.4652847605591E-05  0.5222755155493E-05  0.5792662705394E-05
 103  0.5531617297223E-05  0.4647787626554E-05  0.5218859063092E-05  0.5789930499631E-05
 104  0.5479594039862E-05  0.4613473924800E-05  0.5189449705132E-05  0.5765425485464E-05
 105  0.5432558478007E-05  0.4598922811927E-05  0.5174487111951E-05  0.5750051411976E-05
 106  0.5420934878716E-05  0.4614520516676E-05  0.5180059588979E-05  0.5745598661283E-05
 107  0.5420419092696E-05  0.4609098026697E-05  0.5168976108836E-05  0.5728854190975E-05
 108  0.5385150705737E-05  0.4565476726326E-05  0.5114600532487E-05  0.5663724338648E-05
 109  0.5311851122447E-05  0.4525025699400E-05  0.5063978867126E-05  0.5602932034851E-05
 110  0.5246533990243E-05  0.4480423995247E-05  0.5025912574736E-05  0.5571401154225E-05
 111  0.5215753387514E-05  0.4464895048510E-05  0.5007999423423E-05  0.5551103798337E-05
 112  0.5194869459195E-05  0.4447681544553E-05  0.4980494754857E-05  0.5513307965161E-05
 113  0.5148797312320E-05  0.4405593132432E-05  0.4938461731781E-05  0.5471330331130E-05
 114  0.5080295017851E-05  0.4358851425953E-05  0.4890575586003E-05  0.5422299746054E-05
 115  0.5019049387355E-05  0.4326762115667E-05  0.4850496821926E-05  0.5374231528186E-05
 116  0.4973607307059E-05  0.4289493269228E-05  0.4803668468679E-05  0.5317843668129E-05
 117  0.4920427495636E-05  0.4244168693358E-05  0.4745006096800E-05  0.5245843500243E-05
 118  0.4848739668148E-05  0.4186293430361E-05  0.4677959180956E-05  0.5169624931551E-05
 119  0.4778130624872E-05  0.4145173599573E-05  0.4636868023405E-05  0.5128562447237E-05
 120  0.4723204323403E-05  0.4126203843626E-05  0.4613978339404E-05  0.5101752835183E-05
 121  0.4700627088043E-05  0.4193699445595E-05  0.4683619876722E-05  0.5173540307849E-05
 122  0.4629865989940E-05  0.4143541111513E-05  0.4624801540929E-05  0.5106061970344E-05
 123  0.4556012698118E-05  0.4092393802384E-05  0.4562884257646E-05  0.5033374712908E-05
 124  0.4483111214043E-05  0.4034421674562E-05  0.4500127156639E-05  0.4965832638717E-05
 125  0.4408537037231E-05  0.3974544395133E-05  0.4442006720260E-05  0.4909469045387E-05
 126  0.4335164506538E-05  0.3924814689593E-05  0.4390391258270E-05  0.4855967826947E-05
 127  0.4266110842179E-05  0.3879420596983E-05  0.4336440190493E-05  0.4793459784002E-05
 128  0.4199504059389E-05  0.3826270789705E-05  0.4274655497407E-05  0.4723040205109E-05
 129  0.4131667209620E-05  0.3770129125669E-05  0.4213307306229E-05  0.4656485486789E-05
 130  0.4062404781452E-05  0.3723857691105E-05  0.4160510045607E-05  0.4597162400109E-05
 131  0.3995676435406E-05  0.3678581900098E-05  0.4109277329496E-05  0.4539972758895E-05
 132  0.3933985115554E-05  0.3618412057280E-05  0.4049494902786E-05  0.4480577748291E-05
 133  0.3875553855246E-05  0.3556616346814E-05  0.3986385588769E-05  0.4416154830723E-05
 134  0.3814762107662E-05  0.3506697331182E-05  0.3930436545898E-05  0.4354175760614E-05
 135  0.3751075654077E-05  0.3460549390546E-05  0.3878854995519E-05  0.4297160600492E-05
 136  0.3692999226366E-05  0.3408750421859E-05  0.3823015782773E-05  0.4237281143688E-05
 137  0.3643136772148E-05  0.3355076196030E-05  0.3765297903111E-05  0.4175519610192E-05
 138  0.3589506823340E-05  0.3308110511230E-05  0.3714299670266E-05  0.4120488829302E-05
 139  0.3522227274345E-05  0.3272511122270E-05  0.3669529419973E-05  0.4066547717675E-05
 140  0.3452536700907E-05  0.3235110697857E-05  0.3624194529693E-05  0.4013278361528E-05
 141  0.3398886653786E-05  0.3191770078365E-05  0.3577933124068E-05  0.3964096169772E-05
 142  0.3360597906467E-05  0.3152131040186E-05  0.3534063825525E-05  0.3915996610864E-05
 143  0.3319826172465E-05  0.3112271259442E-05  0.3491401637370E-05  0.3870532015298E-05
 144  0.3266606919324E-05  0.3070033148093E-05  0.3444970556719E-05  0.3819907965345E-05
 145  0.3210180183285E-05  0.3028501472844E-05  0.3396316220476E-05  0.3764130968109E-05
 146  0.3162531810891E-05  0.2986141066561E-05  0.3351521239525E-05  0.3716901412489E-05
 147  0.3120180724463E-05  0.2945056421464E-05  0.3309885145021E-05  0.3674713868578E-05
 148  0.3071766789829E-05  0.2901727055248E-05  0.3265377627106E-05  0.3629028198964E-05
 149  0.3018364859548E-05  0.2859977418473E-05  0.3218595575482E-05  0.3577213732491E-05
 150  0.2970416943558E-05  0.2823325578483E-05  0.3176461251343E-05  0.3529596924203E-05
 151  0.2928353876428E-05  0.2788665985921E-05  0.3137635046096E-05  0.3486604106271E-05
 152  0.2883732444832E-05  0.2753251574990E-05  0.3094692899331E-05  0.3436134223671E-05
 153  0.2836669480693E-05  0.2714718844464E-05  0.3049515535668E-05  0.3384312226872E-05
 154  0.2793912170534E-05  0.2677086687846E-05  0.3009744331739E-05  0.3342401975632E-05
 155  0.2753893958044E-05  0.2642844758261E-05  0.2974322109344E-05  0.3305799460427E-05
 156  0.2711075658824E-05  0.2608659272185E-05  0.2936414957979E-05  0.3264170643772E-05
 157  0.2668796939715E-05  0.2574000022955E-05  0.2897375825257E-05  0.3220751627560E-05
 158  0.2632125213195E-05  0.2543762865370E-05  0.2862533885263E-05  0.3181304905157E-05
 159  0.2596705011690E-05  0.2514913666240E-05  0.2829180095914E-05  0.3143446525589E-05
 160  0.2557643293984E-05  0.2479549809249E-05  0.2791298937363E-05  0.3103048065477E-05
 161  0.2520502158762E-05  0.2442361352060E-05  0.2752583186776E-05  0.3062805021493E-05
 162  0.2489218870450E-05  0.2411582663952E-05  0.2718880336933E-05  0.3026178009913E-05
 163  0.2455774881424E-05  0.2382903533005E-05  0.2685870997623E-05  0.2988838462241E-05
 164  0.2414138420217E-05  0.2349620127946E-05  0.2647519023572E-05  0.2945417919198E-05
 165  0.2373025437672E-05  0.2313877145705E-05  0.2608410672109E-05  0.2902944198512E-05
 166  0.2342322275413E-05  0.2282621716212E-05  0.2575956559229E-05  0.2869291402247E-05
 167  0.2318024947039E-05  0.2257501004135E-05  0.2547193186558E-05  0.2836885368982E-05
 168  0.2289844764751E-05  0.2231055274021E-05  0.2515040832043E-05  0.2799026390066E-05
 169  0.2254301118790E-05  0.2199201335447E-05  0.2478974802227E-05  0.2758748269007E-05
 170  0.2215037711098E-05  0.2165311199153E-05  0.2443576298182E-05  0.2721841397212E-05
 171  0.2177032105950E-05  0.2134874781896E-05  0.2412018253491E-05  0.2689161725086E-05
 172  0.2143941770578E-05  0.2109985903669E-05  0.2383733883216E-05  0.2657481862763E-05
 173  0.2115892410527E-05  0.2087046233991E-05  0.2355968491737E-05  0.2624890749483E-05
 174  0.2088982151813E-05  0.2062054845834E-05  0.2325940583664E-05  0.2589826321495E-05
 175  0.2059538871721E-05  0.2035267735223E-05  0.2294444553748E-05  0.2553621372273E-05
 176  0.2027825483921E-05  0.2009036816564E-05  0.2265282018917E-05  0.2521527221269E-05
 177  0.1996441564163E-05  0.1985952033806E-05  0.2239841672128E-05  0.2493731310449E-05
 178  0.1967187309345E-05  0.1961782958285E-05  0.2213691383820E-05  0.2465599809354E-05
 179  0.1940248404155E-05  0.1934154391057E-05  0.2182368663922E-05  0.2430582936787E-05
 180  0.1914343028323E-05  0.1904510680294E-05  0.2148184341019E-05  0.2391858001744E-05
 181  0.1886778163947E-05  0.1878151184734E-05  0.2118140164577E-05  0.2358129144421E-05
 182  0.1855779913517E-05  0.1856619979659E-05  0.2094573547650E-05  0.2332527115640E-05
 183  0.1823771379338E-05  0.1835101397947E-05  0.2072460530446E-05  0.2309819662946E-05
 184  0.1796130430151E-05  0.1811068083992E-05  0.2046225406332E-05  0.2281382728671E-05
 185  0.1775066093464E-05  0.1786093774390E-05  0.2017426198636E-05  0.2248758622881E-05
 186  0.1756604334274E-05  0.1763709544794E-05  0.1991145645063E-05  0.2218581745331E-05
 187  0.1735152421475E-05  0.1743329584139E-05  0.1968544012224E-05  0.2193758440309E-05
 188  0.1709822731250E-05  0.1722646076065E-05  0.1945901879535E-05  0.2169157683005E-05
 189  0.1684540223534E-05  0.1700103316636E-05  0.1920877625006E-05  0.2141651933376E-05
 190  0.1662397311034E-05  0.1679377960027E-05  0.1897263872281E-05  0.2115149784536E-05
 191  0.1641654994925E-05  0.1665804631114E-05  0.1883092346708E-05  0.2100380062303E-05
 192  0.1618463609010E-05  0.1642864190232E-05  0.1858011651632E-05  0.2073159113032E-05
 193  0.1592978484371E-05  0.1615058346186E-05  0.1826885950655E-05  0.2038713555124E-05
 194  0.1570149054866E-05  0.1593320480593E-05  0.1804213843376E-05  0.2015107206158E-05
 195  0.1552695996639E-05  0.1578561701176E-05  0.1788790689154E-05  0.1999019677133E-05
 196  0.1536484257790E-05  0.1557999449861E-05  0.1764328694955E-05  0.1970657940050E-05
 197  0.1516251225025E-05  0.1536363798493E-05  0.1739285535960E-05  0.1942207273427E-05
 198  0.1493209325372E-05  0.1520600276886E-05  0.1720713509465E-05  0.1920826742045E-05
 199  0.1472495439385E-05  0.1518951579965E-05  0.1721149848954E-05  0.1923348117944E-05
 200  0.1455449590466E-05  0.1506310208718E-05  0.1708213787002E-05  0.1910117365287E-05
 201  0.1438841700872E-05  0.1480673679063E-05  0.1677513398867E-05  0.1874353118670E-05
 202  0.1420346981078E-05  0.1462431021847E-05  0.1656021776198E-05  0.1849612530549E-05
 203  0.1400832529142E-05  0.1447235827472E-05  0.1637762606715E-05  0.1828289385958E-05
 204  0.1381400571425E-05  0.1419080747539E-05  0.1604453447013E-05  0.1789826146486E-05
 205  0.1361656620584E-05  0.1411737357460E-05  0.1599146645727E-05  0.1786555933994E-05
 206  0.1341931599286E-05  0.1382656655187E-05  0.1565258681312E-05  0.1747860707436E-05
 207  0.1324028043460E-05  0.1375002242651E-05  0.1559579351091E-05  0.1744156459531E-05
 208  0.1308134671983E-05  0.1346621112764E-05  0.1526181088589E-05  0.1705741064413E-05
 209  0.1292065372356E-05  0.1326687929596E-05  0.1502724090057E-05  0.1678760250519E-05
 210  0.1274936869452E-05  0.1305180250201E-05  0.1476369461513E-05  0.1647558672826E-05
 211  0.1258143883391E-05  0.1289134901601E-05  0.1457933904831E-05  0.1626732908060E-05
 212  0.1242078650470E-05  0.1272512061318E-05  0.1439091157809E-05  0.1605670254300E-05
 213  0.1225854788324E-05  0.1255874628805E-05  0.1420238001692E-05  0.1584601374578E-05
 214  0.1210111412988E-05  0.1239934934679E-05  0.1402516615073E-05  0.1565098295467E-05
 215  0.1196037800256E-05  0.1224732432123E-05  0.1385643540650E-05  0.1546554649177E-05
 216  0.1182665298903E-05  0.1209044824571E-05  0.1368288788895E-05  0.1527532753220E-05
 217  0.1168215288041E-05  0.1193163861942E-05  0.1350934389287E-05  0.1508704916633E-05
 218  0.1152574591425E-05  0.1178516717259E-05  0.1335348480820E-05  0.1492180244381E-05
 219  0.1136706030551E-05  0.1165236739992E-05  0.1320821988232E-05  0.1476407236472E-05
 220  0.1121460560993E-05  0.1152134290828E-05  0.1305568870552E-05  0.1459003450277E-05
 221  0.1107334975890E-05  0.1138675830931E-05  0.1289660891841E-05  0.1440645952751E-05
 222  0.1093833206055E-05  0.1125130543193E-05  0.1274188146465E-05  0.1423245749737E-05
 223  0.1079819940812E-05  0.1112066335426E-05  0.1259338283115E-05  0.1406610230804E-05
 224  0.1065498008610E-05  0.1099521392561E-05  0.1245150680827E-05  0.1390779969093E-05
 225  0.1052239883376E-05  0.1087357285756E-05  0.1232356049254E-05  0.1377354812752E-05
 226  0.1040001559017E-05  0.1076535303443E-05  0.1220564378550E-05  0.1364593453657E-05
 227  0.1027205607169E-05  0.1065568977958E-05  0.1207886777346E-05  0.1350204576735E-05
 228  0.1013490374793E-05  0.1053925293436E-05  0.1194022130183E-05  0.1334118966931E-05
 229  0.1000149828076E-05  0.1042940251558E-05  0.1181089341338E-05  0.1319238431117E-05
 230  0.9875847956650E-06  0.1033017028820E-05  0.1170256301839E-05  0.1307495574857E-05
 231  0.9745676895737E-06  0.1023964765281E-05  0.1160321847110E-05  0.1296678928938E-05
 232  0.9607026611683E-06  0.1014734187135E-05  0.1149856004290E-05  0.1284977821446E-05
 233  0.9476244425037E-06  0.1005310876603E-05  0.1139517240262E-05  0.1273723603921E-05
 234  0.9368072960921E-06  0.9965009466819E-06  0.1130253763633E-05  0.1264006580584E-05
 235  0.9275601061325E-06  0.9882187052867E-06  0.1121409926819E-05  0.1254601148352E-05
 236  0.9179880880443E-06  0.9798700799712E-06  0.1112249800355E-05  0.1244629520739E-05
 237  0.9069040600836E-06  0.9717637096596E-06  0.1103693437896E-05  0.1235623166132E-05
 238  0.8945776897647E-06  0.9647591209078E-06  0.1096504328517E-05  0.1228249536126E-05
 239  0.8823914022650E-06  0.9584141953084E-06  0.1089781832646E-05  0.1221149469983E-05
 240  0.8715081292510E-06  0.9521750453503E-06  0.1082688845046E-05  0.1213202644742E-05
 241  0.8614852010209E-06  0.9468695719588E-06  0.1076962300973E-05  0.1207055029988E-05
 242  0.8511049015834E-06  0.9441066851087E-06  0.1075382514243E-05  0.1206658343378E-05
 243  0.8404387073965E-06  0.9438989458068E-06  0.1077205071542E-05  0.1210511197277E-05
 244  0.8305283326216E-06  0.9430498913782E-06  0.1077743652773E-05  0.1212437414168E-05
 245  0.8212327232273E-06  0.9405916957801E-06  0.1075434180327E-05  0.1210276664874E-05
 246  0.8112226192240E-06  0.9412208780565E-06  0.1077081614186E-05  0.1212942350315E-05
 247  0.8000916537560E-06  0.9490837411800E-06  0.1089428636659E-05  0.1229773532138E-05
 248  0.7890114989469E-06  0.9604122808319E-06  0.1107203184856E-05  0.1253994088881E-05
 249  0.7790818908783E-06  0.9682392414872E-06  0.1119426333085E-05  0.1270613424684E-05
 250  0.7701150120075E-06  0.9767139882774E-06  0.1131551663182E-05  0.1286389338087E-05
 251  0.7611979409231E-06  0.1003176494045E-05  0.1169827737657E-05  0.1336478981270E-05
 252  0.7516387731510E-06  0.1058999227878E-05  0.1251371734889E-05  0.1443744241899E-05
