#
#  k,  E_varmin,  E - E_var,  E,  E + E_var
# averaged of total time steps of =    8000000
   1  0.6430087491215E-08  0.5675184798492E-08  0.6474358806840E-08  0.7273532815189E-08
   2  0.1070611031166E-05  0.1028227004072E-05  0.1068743664129E-05  0.1109260324187E-05
   3  0.2295548128488E-05  0.2232730271271E-05  0.2294600950131E-05  0.2356471628991E-05
   4  0.1858273228660E-05  0.1816202283446E-05  0.1859563166948E-05  0.1902924050450E-05
   5  0.5921780209709E-06  0.5771575514306E-06  0.5935515032987E-06  0.6099454551668E-06
   6  0.2480255253806E-06  0.2350514677716E-06  0.2476156308510E-06  0.2601797939305E-06
   7  0.9793781683041E-06  0.9439176621298E-06  0.9794635765343E-06  0.1015009490939E-05
   8  0.1457557153079E-05  0.1408604925840E-05  0.1459047909025E-05  0.1509490892210E-05
   9  0.9475244243307E-06  0.9023729815036E-06  0.9491616556376E-06  0.9959503297716E-06
  10  0.2593148550518E-06  0.2353464140754E-06  0.2595235055499E-06  0.2837005970245E-06
  11  0.3210113569190E-06  0.2974474310858E-06  0.3211122869292E-06  0.3447771427725E-06
  12  0.7992972722634E-06  0.7523356270334E-06  0.8001207725245E-06  0.8479059180156E-06
  13  0.1029668841906E-05  0.9708142785925E-06  0.1031767027727E-05  0.1092719776862E-05
  14  0.1148289918914E-05  0.1079889349798E-05  0.1151449605959E-05  0.1223009862120E-05
  15  0.1237994718827E-05  0.1172534786788E-05  0.1241430416850E-05  0.1310326046913E-05
  16  0.9151800271646E-06  0.8611579879209E-06  0.9176555667721E-06  0.9741531456233E-06
  17  0.4587530411223E-06  0.4167648704952E-06  0.4602524119951E-06  0.5037399534950E-06
  18  0.5524145651874E-06  0.5000441909054E-06  0.5540603701074E-06  0.6080765493094E-06
  19  0.9443280616815E-06  0.8766100568146E-06  0.9461647334526E-06  0.1015719410091E-05
  20  0.1006191155613E-05  0.9344069735150E-06  0.1007797810321E-05  0.1081188647127E-05
  21  0.8566571251665E-06  0.7879817801294E-06  0.8581486896662E-06  0.9283155992029E-06
  22  0.7858448264704E-06  0.7115650603281E-06  0.7863797061311E-06  0.8611943519340E-06
  23  0.6526684200878E-06  0.5781992065508E-06  0.6520575505982E-06  0.7259158946455E-06
  24  0.4719656143933E-06  0.4082640496186E-06  0.4726248750999E-06  0.5369857005813E-06
  25  0.5555320821567E-06  0.4900924221750E-06  0.5587454251293E-06  0.6273984280836E-06
  26  0.8286894650290E-06  0.7437873148771E-06  0.8322620782143E-06  0.9207368415515E-06
  27  0.8708912412924E-06  0.7819326389710E-06  0.8739733979523E-06  0.9660141569337E-06
  28  0.6698815403936E-06  0.5929869178378E-06  0.6716525248895E-06  0.7503181319411E-06
  29  0.6184417741266E-06  0.5378771840692E-06  0.6192198560237E-06  0.7005625279783E-06
  30  0.7912506920559E-06  0.6912243125033E-06  0.7927207164308E-06  0.8942171203583E-06
  31  0.8601760857632E-06  0.7546895398188E-06  0.8635635145820E-06  0.9724374893453E-06
  32  0.7341819800119E-06  0.6452423395982E-06  0.7379840966265E-06  0.8307258536549E-06
  33  0.7044977561618E-06  0.6195746485067E-06  0.7074515969260E-06  0.7953285453453E-06
  34  0.8760414800502E-06  0.7707549467531E-06  0.8746417594462E-06  0.9785285721394E-06
  35  0.9780901048376E-06  0.8664108785494E-06  0.9809955217631E-06  0.1095580164977E-05
  36  0.8655311294702E-06  0.7597358073817E-06  0.8712617830741E-06  0.9827877587666E-06
  37  0.7687717080434E-06  0.6650757661937E-06  0.7726059390099E-06  0.8801361118260E-06
  38  0.8822882598804E-06  0.7603698107253E-06  0.8765902794317E-06  0.9928107481382E-06
  39  0.1051852512516E-05  0.9235134135314E-06  0.1048407903475E-05  0.1173302393419E-05
  40  0.1062320922902E-05  0.9353292351743E-06  0.1063424180299E-05  0.1191519125424E-05
  41  0.9775561024223E-06  0.8525633657964E-06  0.9776956994123E-06  0.1102828033028E-05
  42  0.9807349776557E-06  0.8512419874427E-06  0.9778879890333E-06  0.1104533990624E-05
  43  0.1063197901188E-05  0.9256882159175E-06  0.1057844461566E-05  0.1190000707214E-05
  44  0.1095037841975E-05  0.9569873862991E-06  0.1094075991683E-05  0.1231164597067E-05
  45  0.1069973357233E-05  0.9358434238001E-06  0.1074845330795E-05  0.1213847237790E-05
  46  0.1076590670746E-05  0.9373223528673E-06  0.1078725760209E-05  0.1220129167550E-05
  47  0.1131857813639E-05  0.9968937084786E-06  0.1141007128075E-05  0.1285120547670E-05
  48  0.1200226479378E-05  0.1058613264248E-05  0.1211986708552E-05  0.1365360152855E-05
  49  0.1278079736939E-05  0.1126342292464E-05  0.1297475502871E-05  0.1468608713278E-05
  50  0.1352777526472E-05  0.1181769628689E-05  0.1358871511109E-05  0.1535973393530E-05
  51  0.1385166503827E-05  0.1219831509801E-05  0.1395324670242E-05  0.1570817830683E-05
  52  0.1396841353606E-05  0.1238209926235E-05  0.1413690472892E-05  0.1589171019550E-05
  53  0.1456810558993E-05  0.1296285987841E-05  0.1483430024837E-05  0.1670574061834E-05
  54  0.1554555384175E-05  0.1388843414355E-05  0.1585453165946E-05  0.1782062917537E-05
  55  0.1613989528475E-05  0.1440149158199E-05  0.1639640011369E-05  0.1839130864539E-05
  56  0.1626695373837E-05  0.1458297441918E-05  0.1657805623306E-05  0.1857313804695E-05
  57  0.1644020668679E-05  0.1472749967146E-05  0.1671391973540E-05  0.1870033979933E-05
  58  0.1677121759434E-05  0.1502559361793E-05  0.1709472801456E-05  0.1916386241119E-05
  59  0.1721198925160E-05  0.1532799611480E-05  0.1746130028007E-05  0.1959460444535E-05
  60  0.1800474094344E-05  0.1610656297715E-05  0.1830640551470E-05  0.2050624805225E-05
  61  0.1884497427359E-05  0.1678658111082E-05  0.1903752115012E-05  0.2128846118943E-05
  62  0.1883282623425E-05  0.1684505831795E-05  0.1909117835991E-05  0.2133729840186E-05
  63  0.1829308995727E-05  0.1633436822021E-05  0.1859415955210E-05  0.2085395088398E-05
  64  0.1888675827752E-05  0.1678102760772E-05  0.1909824266744E-05  0.2141545772715E-05
  65  0.2073241432580E-05  0.1847972577419E-05  0.2088878066700E-05  0.2329783555981E-05
  66  0.2173875960860E-05  0.1941202997379E-05  0.2194799766499E-05  0.2448396535618E-05
  67  0.2118967495187E-05  0.1903227707861E-05  0.2153580179703E-05  0.2403932651545E-05
  68  0.2109636261576E-05  0.1901920151330E-05  0.2148407463763E-05  0.2394894776197E-05
  69  0.2245238583271E-05  0.2024176529154E-05  0.2282537247032E-05  0.2540897964909E-05
  70  0.2353264333783E-05  0.2116454935709E-05  0.2385460633293E-05  0.2654466330878E-05
  71  0.2346416942442E-05  0.2098386105318E-05  0.2374927060616E-05  0.2651468015914E-05
  72  0.2380876039923E-05  0.2136738981669E-05  0.2421701711248E-05  0.2706664440828E-05
  73  0.2514567135206E-05  0.2262652306775E-05  0.2555874099378E-05  0.2849095891980E-05
  74  0.2579989925727E-05  0.2334183637184E-05  0.2626553874054E-05  0.2918924110924E-05
  75  0.2530267593034E-05  0.2280743271973E-05  0.2568849430403E-05  0.2856955588834E-05
  76  0.2555261374158E-05  0.2297311618193E-05  0.2588157251066E-05  0.2879002883940E-05
  77  0.2721305134753E-05  0.2447000472311E-05  0.2748267444552E-05  0.3049534416794E-05
  78  0.2822846500636E-05  0.2553770027074E-05  0.2861074968058E-05  0.3168379909041E-05
  79  0.2739802756116E-05  0.2486516363416E-05  0.2787675199162E-05  0.3088834034908E-05
  80  0.2657043643183E-05  0.2400282256140E-05  0.2696455547967E-05  0.2992628839795E-05
  81  0.2757919477769E-05  0.2481570446613E-05  0.2785226234241E-05  0.3088882021869E-05
  82  0.2931782029190E-05  0.2643341529684E-05  0.2961530205234E-05  0.3279718880785E-05
  83  0.2975481384068E-05  0.2700156681556E-05  0.3018370608565E-05  0.3336584535575E-05
  84  0.2912485245754E-05  0.2639112425980E-05  0.2956514590231E-05  0.3273916754481E-05
  85  0.2912313235287E-05  0.2619560504346E-05  0.2945299688516E-05  0.3271038872686E-05
  86  0.3001319047102E-05  0.2696252035727E-05  0.3029057634108E-05  0.3361863232489E-05
  87  0.3050449775757E-05  0.2751634156261E-05  0.3091352693294E-05  0.3431071230327E-05
  88  0.3006502579613E-05  0.2724714918916E-05  0.3067080638572E-05  0.3409446358228E-05
  89  0.2960799347833E-05  0.2688221277162E-05  0.3030705198874E-05  0.3373189120587E-05
  90  0.2982571427406E-05  0.2710829444065E-05  0.3054483451669E-05  0.3398137459273E-05
  91  0.3024651567829E-05  0.2759891468845E-05  0.3101380755869E-05  0.3442870042893E-05
  92  0.3024719986416E-05  0.2776467630373E-05  0.3111320568560E-05  0.3446173506748E-05
  93  0.2996242376135E-05  0.2754484177983E-05  0.3084880146962E-05  0.3415276115940E-05
  94  0.2982762421368E-05  0.2734821013396E-05  0.3065677749379E-05  0.3396534485362E-05
  95  0.2992822481626E-05  0.2741112354999E-05  0.3073617119009E-05  0.3406121883020E-05
  96  0.3010964685297E-05  0.2758227223257E-05  0.3098279474508E-05  0.3438331725758E-05
  97  0.3028086392770E-05  0.2774012823921E-05  0.3120442010097E-05  0.3466871196273E-05
  98  0.3039203681940E-05  0.2778256779366E-05  0.3126307465049E-05  0.3474358150732E-05
  99  0.3038055689637E-05  0.2769613166471E-05  0.3117594012866E-05  0.3465574859261E-05
 100  0.3029709770625E-05  0.2762996196074E-05  0.3110954445909E-05  0.3458912695744E-05
 101  0.3030434085769E-05  0.2763442344631E-05  0.3116126015956E-05  0.3468809687282E-05
 102  0.3041410246368E-05  0.2768342197961E-05  0.3122745300794E-05  0.3477148403626E-05
 103  0.3038406585111E-05  0.2760429127073E-05  0.3110479911957E-05  0.3460530696840E-05
 104  0.3008400517584E-05  0.2739386447674E-05  0.3078584855349E-05  0.3417783263024E-05
 105  0.2975209613469E-05  0.2722465897987E-05  0.3053115643844E-05  0.3383765389702E-05
 106  0.2967047406844E-05  0.2721743214859E-05  0.3052911640138E-05  0.3384080065416E-05
 107  0.2970499272714E-05  0.2728777466135E-05  0.3061938625189E-05  0.3395099784242E-05
 108  0.2951259164157E-05  0.2718309278504E-05  0.3048912894189E-05  0.3379516509874E-05
 109  0.2910052748938E-05  0.2690054065026E-05  0.3015355017169E-05  0.3340655969313E-05
 110  0.2878789498141E-05  0.2665778142717E-05  0.2986902709364E-05  0.3308027276010E-05
 111  0.2866508210998E-05  0.2653042871964E-05  0.2973348832584E-05  0.3293654793205E-05
 112  0.2847787178486E-05  0.2635698558025E-05  0.2955372349790E-05  0.3275046141555E-05
 113  0.2811946752957E-05  0.2607827272852E-05  0.2924969552065E-05  0.3242111831279E-05
 114  0.2774343429716E-05  0.2580993922476E-05  0.2894018078752E-05  0.3207042235028E-05
 115  0.2742236896157E-05  0.2554623343380E-05  0.2865452775752E-05  0.3176282208124E-05
 116  0.2706275087597E-05  0.2518097806923E-05  0.2829408820858E-05  0.3140719834792E-05
 117  0.2672193596587E-05  0.2484778655409E-05  0.2789382813104E-05  0.3093986970800E-05
 118  0.2651593372512E-05  0.2462828119447E-05  0.2758489624295E-05  0.3054151129142E-05
 119  0.2633607308627E-05  0.2439962932774E-05  0.2729429601370E-05  0.3018896269966E-05
 120  0.2598771043352E-05  0.2405195316653E-05  0.2689838684809E-05  0.2974482052965E-05
 121  0.2569162312709E-05  0.2376037656282E-05  0.2662110136661E-05  0.2948182617039E-05
 122  0.2530340267958E-05  0.2345954485717E-05  0.2627741053887E-05  0.2909527622057E-05
 123  0.2494490969732E-05  0.2318559042528E-05  0.2592132693013E-05  0.2865706343498E-05
 124  0.2448808110839E-05  0.2277549602583E-05  0.2548513629169E-05  0.2819477655754E-05
 125  0.2401231555934E-05  0.2237910205183E-05  0.2507280644091E-05  0.2776651082999E-05
 126  0.2361048628285E-05  0.2208353020980E-05  0.2474319771938E-05  0.2740286522897E-05
 127  0.2326233148432E-05  0.2175666587821E-05  0.2438105474279E-05  0.2700544360737E-05
 128  0.2293460462038E-05  0.2140167657130E-05  0.2398295217209E-05  0.2656422777287E-05
 129  0.2260943993966E-05  0.2110854785437E-05  0.2364603271432E-05  0.2618351757427E-05
 130  0.2223918380554E-05  0.2083058730181E-05  0.2335251064896E-05  0.2587443399612E-05
 131  0.2183857815471E-05  0.2053225128506E-05  0.2303608903667E-05  0.2553992678829E-05
 132  0.2151286772158E-05  0.2020431686696E-05  0.2268797614774E-05  0.2517163542852E-05
 133  0.2127418313344E-05  0.1994391516942E-05  0.2237171866600E-05  0.2479952216257E-05
 134  0.2100847911196E-05  0.1969834800167E-05  0.2206098166093E-05  0.2442361532019E-05
 135  0.2066963618014E-05  0.1942072916160E-05  0.2175847472567E-05  0.2409622028975E-05
 136  0.2033460703557E-05  0.1914562505643E-05  0.2145296361117E-05  0.2376030216590E-05
 137  0.2005668315120E-05  0.1885495099244E-05  0.2111851758341E-05  0.2338208417437E-05
 138  0.1979547187830E-05  0.1857637817617E-05  0.2079901272425E-05  0.2302164727233E-05
 139  0.1950429728816E-05  0.1833814806325E-05  0.2051171012205E-05  0.2268527218085E-05
 140  0.1919203010605E-05  0.1812653301788E-05  0.2026817242868E-05  0.2240981183948E-05
 141  0.1889721251186E-05  0.1789072888480E-05  0.2001475144567E-05  0.2213877400653E-05
 142  0.1864879089122E-05  0.1766835098512E-05  0.1974425301375E-05  0.2182015504238E-05
 143  0.1843730946627E-05  0.1742604736514E-05  0.1947262317891E-05  0.2151919899269E-05
 144  0.1822487037600E-05  0.1718165974443E-05  0.1921170238546E-05  0.2124174502649E-05
 145  0.1799116892846E-05  0.1694389630564E-05  0.1895023923000E-05  0.2095658215435E-05
 146  0.1774744250178E-05  0.1670011255185E-05  0.1869071271768E-05  0.2068131288350E-05
 147  0.1749209484895E-05  0.1649936027784E-05  0.1845910493815E-05  0.2041884959845E-05
 148  0.1720847740580E-05  0.1627778148784E-05  0.1820041388974E-05  0.2012304629164E-05
 149  0.1692667047061E-05  0.1602950935363E-05  0.1794087146157E-05  0.1985223356951E-05
 150  0.1670986828470E-05  0.1580477677288E-05  0.1769615891905E-05  0.1958754106522E-05
 151  0.1654038084685E-05  0.1561920268868E-05  0.1747832893915E-05  0.1933745518963E-05
 152  0.1633938319777E-05  0.1544238964049E-05  0.1726518517951E-05  0.1908798071853E-05
 153  0.1609604309761E-05  0.1525303900624E-05  0.1703420724231E-05  0.1881537547838E-05
 154  0.1587860760058E-05  0.1506328891734E-05  0.1681421465591E-05  0.1856514039449E-05
 155  0.1570714479898E-05  0.1490970385761E-05  0.1663313178067E-05  0.1835655970373E-05
 156  0.1552586594580E-05  0.1474810134328E-05  0.1644739126581E-05  0.1814668118833E-05
 157  0.1530872421760E-05  0.1456818121895E-05  0.1624872919015E-05  0.1792927716135E-05
 158  0.1510041462280E-05  0.1438323014849E-05  0.1604434642356E-05  0.1770546269862E-05
 159  0.1493543782321E-05  0.1421685689002E-05  0.1584930307114E-05  0.1748174925226E-05
 160  0.1479650121811E-05  0.1402635415851E-05  0.1564155665447E-05  0.1725675915044E-05
 161  0.1464928251507E-05  0.1385052408921E-05  0.1544759677560E-05  0.1704466946198E-05
 162  0.1447325979361E-05  0.1368115074245E-05  0.1526825259570E-05  0.1685535444896E-05
 163  0.1426028804229E-05  0.1352566360139E-05  0.1509522941781E-05  0.1666479523423E-05
 164  0.1403854750631E-05  0.1335936170804E-05  0.1490794974895E-05  0.1645653778986E-05
 165  0.1387106302905E-05  0.1316979343393E-05  0.1469131381207E-05  0.1621283419022E-05
 166  0.1377159317102E-05  0.1305026595345E-05  0.1454198574254E-05  0.1603370553163E-05
 167  0.1365777779147E-05  0.1291838129633E-05  0.1438857192210E-05  0.1585876254787E-05
 168  0.1345868264543E-05  0.1276933463036E-05  0.1421434731656E-05  0.1565936000275E-05
 169  0.1322676789529E-05  0.1259057837820E-05  0.1401581195043E-05  0.1544104552266E-05
 170  0.1306030374038E-05  0.1245071764419E-05  0.1385936719838E-05  0.1526801675257E-05
 171  0.1296299385687E-05  0.1234033346249E-05  0.1373112537595E-05  0.1512191728940E-05
 172  0.1285374118591E-05  0.1222080891455E-05  0.1358792508127E-05  0.1495504124799E-05
 173  0.1268167805740E-05  0.1206111930014E-05  0.1341769960787E-05  0.1477427991560E-05
 174  0.1247696888510E-05  0.1188824863753E-05  0.1322691056563E-05  0.1456557249374E-05
 175  0.1230230459293E-05  0.1176593702835E-05  0.1309661055017E-05  0.1442728407200E-05
 176  0.1217585870804E-05  0.1166559735002E-05  0.1298398320197E-05  0.1430236905392E-05
 177  0.1205860147219E-05  0.1156168042067E-05  0.1285736406243E-05  0.1415304770418E-05
 178  0.1192450562858E-05  0.1141606167664E-05  0.1268326180381E-05  0.1395046193098E-05
 179  0.1179313388203E-05  0.1128556546800E-05  0.1253025899047E-05  0.1377495251294E-05
 180  0.1167127707995E-05  0.1117854391096E-05  0.1240705875490E-05  0.1363557359884E-05
 181  0.1153347775094E-05  0.1106800256061E-05  0.1228617737149E-05  0.1350435218237E-05
 182  0.1137999098746E-05  0.1093248180343E-05  0.1214246463752E-05  0.1335244747161E-05
 183  0.1124154276446E-05  0.1081890925127E-05  0.1201552503014E-05  0.1321214080902E-05
 184  0.1112519569209E-05  0.1071658221596E-05  0.1190038786264E-05  0.1308419350932E-05
 185  0.1101691440653E-05  0.1059149167112E-05  0.1176117704698E-05  0.1293086242284E-05
 186  0.1091417223477E-05  0.1047418649452E-05  0.1162852383854E-05  0.1278286118256E-05
 187  0.1081301378970E-05  0.1037601627937E-05  0.1151097595341E-05  0.1264593562744E-05
 188  0.1069837348145E-05  0.1026670527310E-05  0.1139321651789E-05  0.1251972776268E-05
 189  0.1057245621793E-05  0.1015098225499E-05  0.1127398957722E-05  0.1239699689945E-05
 190  0.1045638108606E-05  0.1005430044464E-05  0.1116106838339E-05  0.1226783632214E-05
 191  0.1034979095193E-05  0.9959689363240E-06  0.1104293307026E-05  0.1212617677728E-05
 192  0.1022298400093E-05  0.9863185843084E-06  0.1092751126792E-05  0.1199183669277E-05
 193  0.1006643934123E-05  0.9757166819895E-06  0.1081309702602E-05  0.1186902723215E-05
 194  0.9922382902085E-06  0.9647756004263E-06  0.1069464402228E-05  0.1174153204030E-05
 195  0.9835071764819E-06  0.9558637515470E-06  0.1059790326346E-05  0.1163716901145E-05
 196  0.9781860308548E-06  0.9461669434134E-06  0.1049853127316E-05  0.1153539311219E-05
 197  0.9698583624655E-06  0.9355727889325E-06  0.1037896692639E-05  0.1140220596346E-05
 198  0.9569082558156E-06  0.9263187821282E-06  0.1026747667579E-05  0.1127176553029E-05
 199  0.9439770900641E-06  0.9177494881268E-06  0.1016931644405E-05  0.1116113800684E-05
 200  0.9348584710018E-06  0.9093291357015E-06  0.1007450259501E-05  0.1105571383301E-05
 201  0.9282490894757E-06  0.9003206964031E-06  0.9972170332869E-06  0.1094113370171E-05
 202  0.9201822826228E-06  0.8905873403462E-06  0.9867837270980E-06  0.1082980113850E-05
 203  0.9085075312785E-06  0.8815590401965E-06  0.9773631394712E-06  0.1073167238746E-05
 204  0.8952614358112E-06  0.8721821011817E-06  0.9670288477879E-06  0.1061875594394E-05
 205  0.8844596333744E-06  0.8630207156851E-06  0.9569142911201E-06  0.1050807866555E-05
 206  0.8770285661660E-06  0.8568287340541E-06  0.9486203317741E-06  0.1040411929494E-05
 207  0.8700307064956E-06  0.8497198543384E-06  0.9396781274533E-06  0.1029636400568E-05
 208  0.8613287295624E-06  0.8410804123563E-06  0.9305400652823E-06  0.1019999718208E-05
 209  0.8518793736426E-06  0.8319644266361E-06  0.9210103029932E-06  0.1010056179350E-05
 210  0.8432181431557E-06  0.8240038597053E-06  0.9120653246003E-06  0.1000126789495E-05
 211  0.8354953338612E-06  0.8173586699043E-06  0.9033664722405E-06  0.9893742745768E-06
 212  0.8279892653865E-06  0.8104458568262E-06  0.8950789514480E-06  0.9797120460697E-06
 213  0.8198043976253E-06  0.8012964302433E-06  0.8852281793341E-06  0.9691599284248E-06
 214  0.8103172115927E-06  0.7922836081059E-06  0.8762547197201E-06  0.9602258313342E-06
 215  0.7999406161649E-06  0.7843594739308E-06  0.8682620005657E-06  0.9521645272005E-06
 216  0.7901082969029E-06  0.7778033487754E-06  0.8608259003099E-06  0.9438484518443E-06
 217  0.7820645751078E-06  0.7708222373275E-06  0.8524211438540E-06  0.9340200503805E-06
 218  0.7755201327707E-06  0.7626830925305E-06  0.8430093880628E-06  0.9233356835951E-06
 219  0.7688274065839E-06  0.7547468850754E-06  0.8339852292648E-06  0.9132235734542E-06
 220  0.7610209127798E-06  0.7477498099113E-06  0.8265760815696E-06  0.9054023532278E-06
 221  0.7530814041575E-06  0.7411238958463E-06  0.8194538064117E-06  0.8977837169770E-06
 222  0.7461560543009E-06  0.7349321787537E-06  0.8120987474209E-06  0.8892653160882E-06
 223  0.7395250504727E-06  0.7274546504094E-06  0.8036466136349E-06  0.8798385768603E-06
 224  0.7320515408513E-06  0.7197788957582E-06  0.7952900927348E-06  0.8708012897114E-06
 225  0.7244461719159E-06  0.7133917482555E-06  0.7882369017604E-06  0.8630820552652E-06
 226  0.7178694694036E-06  0.7071443770741E-06  0.7815809306301E-06  0.8560174841862E-06
 227  0.7116401656728E-06  0.7012379050209E-06  0.7750614668019E-06  0.8488850285828E-06
 228  0.7045105875137E-06  0.6939978783349E-06  0.7670385770223E-06  0.8400792757096E-06
 229  0.6968324836393E-06  0.6871646056780E-06  0.7593526088448E-06  0.8315406120117E-06
 230  0.6893803182625E-06  0.6804911750921E-06  0.7516788236590E-06  0.8228664722259E-06
 231  0.6817473553771E-06  0.6753130943843E-06  0.7456417789997E-06  0.8159704636151E-06
 232  0.6736858118968E-06  0.6696661640935E-06  0.7391337618899E-06  0.8086013596864E-06
 233  0.6662140702217E-06  0.6620221116589E-06  0.7310421219328E-06  0.8000621322067E-06
 234  0.6597582604798E-06  0.6546955519113E-06  0.7228894812004E-06  0.7910834104894E-06
 235  0.6529500136729E-06  0.6483181876166E-06  0.7153510897241E-06  0.7823839918315E-06
 236  0.6450652442368E-06  0.6422835243632E-06  0.7084243452666E-06  0.7745651661701E-06
 237  0.6379187809838E-06  0.6358733152119E-06  0.7010576673344E-06  0.7662420194569E-06
 238  0.6330539111514E-06  0.6304849455339E-06  0.6952925848850E-06  0.7601002242361E-06
 239  0.6288485296302E-06  0.6242759300925E-06  0.6882408060536E-06  0.7522056820148E-06
 240  0.6230643440355E-06  0.6183059991117E-06  0.6812572454146E-06  0.7442084917174E-06
 241  0.6164634668488E-06  0.6124796648043E-06  0.6746399035138E-06  0.7368001422232E-06
 242  0.6109431287339E-06  0.6072524074316E-06  0.6689403819060E-06  0.7306283563803E-06
 243  0.6059456504628E-06  0.6013782741746E-06  0.6628018623657E-06  0.7242254505568E-06
 244  0.5997727790107E-06  0.5954709016907E-06  0.6563533282147E-06  0.7172357547388E-06
 245  0.5927681575125E-06  0.5891474642155E-06  0.6496641614586E-06  0.7101808587018E-06
 246  0.5864320780810E-06  0.5832548819152E-06  0.6432559715578E-06  0.7032570612004E-06
 247  0.5807316460677E-06  0.5778636730819E-06  0.6371410574017E-06  0.6964184417215E-06
 248  0.5745643067581E-06  0.5724209528853E-06  0.6314261077594E-06  0.6904312626335E-06
 249  0.5680611730656E-06  0.5666641503138E-06  0.6249131084311E-06  0.6831620665485E-06
 250  0.5623315091976E-06  0.5611883801702E-06  0.6189082563586E-06  0.6766281325470E-06
 251  0.5573234871990E-06  0.5556881825371E-06  0.6130453228975E-06  0.6704024632578E-06
 252  0.5518529990531E-06  0.5505002750786E-06  0.6073130778912E-06  0.6641258807039E-06
 253  0.5456087528181E-06  0.5448937738576E-06  0.6011253611125E-06  0.6573569483674E-06
 254  0.5392507506932E-06  0.5398803108968E-06  0.5952442520927E-06  0.6506081932887E-06
 255  0.5328056959105E-06  0.5353149079831E-06  0.5899151693081E-06  0.6445154306331E-06
 256  0.5260779091027E-06  0.5306473285720E-06  0.5847573343170E-06  0.6388673400621E-06
 257  0.5200358713735E-06  0.5249921449039E-06  0.5785864049455E-06  0.6321806649871E-06
 258  0.5155611851955E-06  0.5194199421029E-06  0.5722415940748E-06  0.6250632460468E-06
 259  0.5117062979441E-06  0.5146957552763E-06  0.5669034905456E-06  0.6191112258148E-06
 260  0.5071713236743E-06  0.5098675160775E-06  0.5618501422493E-06  0.6138327684211E-06
 261  0.5023893683247E-06  0.5042624973203E-06  0.5554378367449E-06  0.6066131761694E-06
 262  0.4982961721416E-06  0.4996940807560E-06  0.5501516767349E-06  0.6006092727139E-06
 263  0.4942797099998E-06  0.4962532975555E-06  0.5464490659782E-06  0.5966448344009E-06
 264  0.4891534831096E-06  0.4911160837389E-06  0.5409064797815E-06  0.5906968758242E-06
 265  0.4832606708568E-06  0.4852553197863E-06  0.5346126162996E-06  0.5839699128129E-06
 266  0.4779183572250E-06  0.4808371118406E-06  0.5295414461461E-06  0.5782457804516E-06
 267  0.4732707575798E-06  0.4763080982339E-06  0.5245388711185E-06  0.5727696440032E-06
 268  0.4682848739365E-06  0.4716291487541E-06  0.5191975259298E-06  0.5667659031056E-06
 269  0.4627189326948E-06  0.4669214602799E-06  0.5143366516762E-06  0.5617518430726E-06
 270  0.4575206452850E-06  0.4618585435409E-06  0.5086054582800E-06  0.5553523730191E-06
 271  0.4531356363971E-06  0.4566525424577E-06  0.5029108176961E-06  0.5491690929345E-06
 272  0.4488331277439E-06  0.4507282316210E-06  0.4960665602448E-06  0.5414048888686E-06
 273  0.4440602797865E-06  0.4461656558012E-06  0.4911773486810E-06  0.5361890415609E-06
 274  0.4393783376941E-06  0.4419818096478E-06  0.4866787095097E-06  0.5313756093716E-06
 275  0.4355245098673E-06  0.4366865406772E-06  0.4809381532727E-06  0.5251897658681E-06
 276  0.4321290125236E-06  0.4328326133992E-06  0.4766343478002E-06  0.5204360822012E-06
 277  0.4280968702792E-06  0.4287287319864E-06  0.4720133200995E-06  0.5152979082127E-06
 278  0.4232090657126E-06  0.4250776035129E-06  0.4677911229118E-06  0.5105046423107E-06
 279  0.4184749543391E-06  0.4200083207227E-06  0.4622473663883E-06  0.5044864120540E-06
 280  0.4144681338674E-06  0.4148162849804E-06  0.4567049805559E-06  0.4985936761314E-06
 281  0.4103575750148E-06  0.4100578862965E-06  0.4516822717723E-06  0.4933066572482E-06
 282  0.4054194979161E-06  0.4055032780586E-06  0.4468002814473E-06  0.4880972848360E-06
 283  0.4004464143185E-06  0.4011351087535E-06  0.4417764218174E-06  0.4824177348813E-06
 284  0.3964581121092E-06  0.3970990144716E-06  0.4373709260097E-06  0.4776428375477E-06
 285  0.3928879383999E-06  0.3921989921063E-06  0.4316911992894E-06  0.4711834064725E-06
 286  0.3885088204652E-06  0.3876979948380E-06  0.4266912897828E-06  0.4656845847276E-06
 287  0.3836189285307E-06  0.3828596295658E-06  0.4215305077279E-06  0.4602013858900E-06
 288  0.3796523352500E-06  0.3789032970291E-06  0.4172122412725E-06  0.4555211855158E-06
 289  0.3767091755974E-06  0.3755124781681E-06  0.4134960208372E-06  0.4514795635062E-06
 290  0.3732486871334E-06  0.3713331971990E-06  0.4086858771404E-06  0.4460385570817E-06
 291  0.3686004832963E-06  0.3667808310142E-06  0.4040319418907E-06  0.4412830527672E-06
 292  0.3640171277643E-06  0.3627234755738E-06  0.3993593018453E-06  0.4359951281169E-06
 293  0.3605626707022E-06  0.3590141338879E-06  0.3950862728983E-06  0.4311584119086E-06
 294  0.3575061036050E-06  0.3546811853933E-06  0.3902691151700E-06  0.4258570449468E-06
 295  0.3536048638475E-06  0.3506693704100E-06  0.3857570419730E-06  0.4208447135360E-06
 296  0.3487896142951E-06  0.3463028457989E-06  0.3813507517608E-06  0.4163986577227E-06
 297  0.3439306292550E-06  0.3416599453788E-06  0.3761471421822E-06  0.4106343389855E-06
 298  0.3397534560454E-06  0.3383320238411E-06  0.3725227027450E-06  0.4067133816489E-06
 299  0.3363524909069E-06  0.3338468401317E-06  0.3676465567219E-06  0.4014462733120E-06
 300  0.3332552785213E-06  0.3302218192044E-06  0.3634990657730E-06  0.3967763123417E-06
 301  0.3298051296000E-06  0.3266341283191E-06  0.3596661241075E-06  0.3926981198960E-06
 302  0.3257704334519E-06  0.3219984097320E-06  0.3542069795000E-06  0.3864155492681E-06
 303  0.3216830412488E-06  0.3180825375337E-06  0.3498292671355E-06  0.3815759967374E-06
 304  0.3183811832885E-06  0.3142942578541E-06  0.3456731331625E-06  0.3770520084708E-06
 305  0.3159766022083E-06  0.3102494095234E-06  0.3413473923913E-06  0.3724453752592E-06
 306  0.3134547532834E-06  0.3076017360574E-06  0.3381589932866E-06  0.3687162505157E-06
 307  0.3098342767016E-06  0.3023934847714E-06  0.3323997191248E-06  0.3624059534782E-06
 308  0.3055582650281E-06  0.2999174057150E-06  0.3293376226842E-06  0.3587578396535E-06
 309  0.3019043968158E-06  0.2952429939625E-06  0.3246499887300E-06  0.3540569834974E-06
 310  0.2991154058118E-06  0.2916905324296E-06  0.3205728029522E-06  0.3494550734749E-06
 311  0.2961633946199E-06  0.2875416789108E-06  0.3162790578629E-06  0.3450164368150E-06
 312  0.2924484897108E-06  0.2838682600956E-06  0.3119625706233E-06  0.3400568811510E-06
 313  0.2885968377263E-06  0.2805473967982E-06  0.3082699727340E-06  0.3359925486698E-06
 314  0.2852354042322E-06  0.2769344192891E-06  0.3045191255348E-06  0.3321038317805E-06
 315  0.2820743673321E-06  0.2729035328298E-06  0.2999557124390E-06  0.3270078920482E-06
 316  0.2787280743890E-06  0.2688771878452E-06  0.2954413326471E-06  0.3220054774490E-06
 317  0.2754565400030E-06  0.2656510903632E-06  0.2917709878928E-06  0.3178908854224E-06
 318  0.2725312646982E-06  0.2624505802804E-06  0.2881351154197E-06  0.3138196505590E-06
 319  0.2697033973871E-06  0.2592869671066E-06  0.2845899972604E-06  0.3098930274141E-06
 320  0.2667292743236E-06  0.2558334782193E-06  0.2808609526589E-06  0.3058884270984E-06
 321  0.2637446882792E-06  0.2524767294259E-06  0.2770573093382E-06  0.3016378892505E-06
 322  0.2608783339658E-06  0.2485489449725E-06  0.2730184442408E-06  0.2974879435091E-06
 323  0.2580048825947E-06  0.2464259688741E-06  0.2704656957155E-06  0.2945054225569E-06
 324  0.2550191520332E-06  0.2435256164453E-06  0.2674727173181E-06  0.2914198181909E-06
 325  0.2520888392196E-06  0.2400995143539E-06  0.2637623265627E-06  0.2874251387714E-06
 326  0.2494720834534E-06  0.2379616396354E-06  0.2612921444789E-06  0.2846226493225E-06
 327  0.2470832359553E-06  0.2340123613623E-06  0.2569685830533E-06  0.2799248047444E-06
 328  0.2444734226302E-06  0.2312568229232E-06  0.2538033298401E-06  0.2763498367571E-06
 329  0.2414428100595E-06  0.2290408969488E-06  0.2517669152447E-06  0.2744929335405E-06
 330  0.2383545713963E-06  0.2263950924444E-06  0.2481202395277E-06  0.2698453866110E-06
 331  0.2355881212293E-06  0.2241150185295E-06  0.2456907142790E-06  0.2672664100285E-06
 332  0.2331109828840E-06  0.2207329346412E-06  0.2420105524837E-06  0.2632881703261E-06
 333  0.2307722288430E-06  0.2188155027907E-06  0.2400014106713E-06  0.2611873185519E-06
 334  0.2284737095309E-06  0.2162671917046E-06  0.2371235642178E-06  0.2579799367310E-06
 335  0.2259661142484E-06  0.2127980139616E-06  0.2336121761975E-06  0.2544263384333E-06
 336  0.2230971883848E-06  0.2099554051232E-06  0.2298714992826E-06  0.2497875934419E-06
 337  0.2202463267902E-06  0.2070388827973E-06  0.2268199288514E-06  0.2466009749054E-06
 338  0.2178763982262E-06  0.2053828490161E-06  0.2251228605432E-06  0.2448628720703E-06
 339  0.2157642343535E-06  0.2027875300188E-06  0.2222041216015E-06  0.2416207131842E-06
 340  0.2132890881948E-06  0.1999606751481E-06  0.2191205684619E-06  0.2382804617757E-06
 341  0.2103683177632E-06  0.1979779525853E-06  0.2169821163420E-06  0.2359862800988E-06
 342  0.2075677757379E-06  0.1944099157138E-06  0.2129946672805E-06  0.2315794188472E-06
 343  0.2053292301166E-06  0.1932153248228E-06  0.2117641970587E-06  0.2303130692946E-06
 344  0.2034511789023E-06  0.1909807952261E-06  0.2092500529222E-06  0.2275193106183E-06
 345  0.2013721805145E-06  0.1889660597122E-06  0.2069221251242E-06  0.2248781905363E-06
 346  0.1988109834572E-06  0.1867701740463E-06  0.2044640088385E-06  0.2221578436306E-06
 347  0.1960543525861E-06  0.1838455644737E-06  0.2012794625981E-06  0.2187133607226E-06
 348  0.1935930390684E-06  0.1811916453059E-06  0.1985635487565E-06  0.2159354522071E-06
 349  0.1915385941590E-06  0.1804867186036E-06  0.1975173160471E-06  0.2145479134905E-06
 350  0.1895515083279E-06  0.1780386457160E-06  0.1948725854906E-06  0.2117065252652E-06
 351  0.1873263944812E-06  0.1763139871816E-06  0.1929484897158E-06  0.2095829922499E-06
 352  0.1849393313297E-06  0.1741233397732E-06  0.1904767440950E-06  0.2068301484169E-06
 353  0.1826592235257E-06  0.1721796126189E-06  0.1881730839575E-06  0.2041665552962E-06
 354  0.1806078551415E-06  0.1705234568899E-06  0.1862655299995E-06  0.2020076031090E-06
 355  0.1786889937031E-06  0.1677798851966E-06  0.1835439512732E-06  0.1993080173499E-06
 356  0.1767052954188E-06  0.1663746925388E-06  0.1821269092635E-06  0.1978791259882E-06
 357  0.1745446548379E-06  0.1646974043298E-06  0.1800150011655E-06  0.1953325980012E-06
 358  0.1723162935103E-06  0.1634186682053E-06  0.1786764558693E-06  0.1939342435332E-06
 359  0.1702154567567E-06  0.1621091968731E-06  0.1773468424968E-06  0.1925844881205E-06
 360  0.1682727950871E-06  0.1591720256511E-06  0.1741126466100E-06  0.1890532675688E-06
 361  0.1663391167663E-06  0.1577606730123E-06  0.1728616219166E-06  0.1879625708208E-06
 362  0.1642808507236E-06  0.1562201037421E-06  0.1711042310987E-06  0.1859883584553E-06
 363  0.1621513345881E-06  0.1561340214820E-06  0.1706113558030E-06  0.1850886901240E-06
 364  0.1601680974045E-06  0.1542496115658E-06  0.1687740446489E-06  0.1832984777320E-06
 365  0.1584502181320E-06  0.1525715877107E-06  0.1670697040447E-06  0.1815678203786E-06
 366  0.1568011423135E-06  0.1512069267968E-06  0.1656347684719E-06  0.1800626101470E-06
 367  0.1549372584807E-06  0.1495379240686E-06  0.1635186070264E-06  0.1774992899842E-06
 368  0.1529048601182E-06  0.1485160399754E-06  0.1625501768859E-06  0.1765843137964E-06
 369  0.1510260621214E-06  0.1477420791130E-06  0.1615220317020E-06  0.1753019842909E-06
 370  0.1494227627686E-06  0.1479186587417E-06  0.1615908537336E-06  0.1752630487254E-06
 371  0.1478420479707E-06  0.1469638729194E-06  0.1609175648887E-06  0.1748712568580E-06
 372  0.1460513364203E-06  0.1465150274870E-06  0.1604238507727E-06  0.1743326740584E-06
 373  0.1442046242584E-06  0.1447334021258E-06  0.1585068583367E-06  0.1722803145476E-06
 374  0.1426109118906E-06  0.1449946895844E-06  0.1594382543964E-06  0.1738818192085E-06
 375  0.1412405303541E-06  0.1444080477899E-06  0.1583722966605E-06  0.1723365455311E-06
 376  0.1397307952485E-06  0.1442154773493E-06  0.1580735716279E-06  0.1719316659065E-06
 377  0.1379123550147E-06  0.1441980667237E-06  0.1581542949769E-06  0.1721105232301E-06
 378  0.1360706707811E-06  0.1451649451905E-06  0.1594798378172E-06  0.1737947304440E-06
