   0    0.000000000000e+00    0.000000000000e+00    0.000000000000e+00    0.000000000000e+00    0.000000000000e+00    0.000000000000e+00    0.000000000000e+00    0.000000000000e+00
   1    0.000000000000e+00    0.000000000000e+00    0.000000000000e+00    0.000000000000e+00    0.000000000000e+00    0.000000000000e+00    0.000000000000e+00    0.000000000000e+00
   2    0.000000000000e+00    0.000000000000e+00    0.000000000000e+00    0.000000000000e+00    0.000000000000e+00    0.000000000000e+00    0.000000000000e+00    0.000000000000e+00
   3    0.000000000000e+00    0.000000000000e+00    0.000000000000e+00    0.000000000000e+00    0.000000000000e+00    0.000000000000e+00    0.000000000000e+00    0.000000000000e+00
   4    0.000000000000e+00    0.000000000000e+00    0.000000000000e+00    0.000000000000e+00    0.000000000000e+00    0.000000000000e+00    0.000000000000e+00    0.000000000000e+00
   5    0.000000000000e+00    0.000000000000e+00    0.000000000000e+00    0.000000000000e+00    0.000000000000e+00    0.000000000000e+00    0.000000000000e+00    0.000000000000e+00
   6    0.000000000000e+00    0.000000000000e+00    0.000000000000e+00    0.000000000000e+00    0.000000000000e+00    0.000000000000e+00    0.000000000000e+00    0.000000000000e+00
   7    0.000000000000e+00    0.000000000000e+00    0.000000000000e+00    0.000000000000e+00    0.000000000000e+00    0.000000000000e+00    0.000000000000e+00    0.000000000000e+00
   8    0.000000000000e+00    0.000000000000e+00    0.000000000000e+00    0.000000000000e+00    0.000000000000e+00    0.000000000000e+00    0.000000000000e+00    0.000000000000e+00
   9    0.000000000000e+00    0.000000000000e+00    0.000000000000e+00    0.000000000000e+00    0.000000000000e+00    0.000000000000e+00    0.000000000000e+00    0.000000000000e+00
  10    0.000000000000e+00    0.000000000000e+00    0.000000000000e+00    0.000000000000e+00    0.000000000000e+00    0.000000000000e+00    0.000000000000e+00    0.000000000000e+00
  11    0.000000000000e+00    0.000000000000e+00    0.000000000000e+00    0.000000000000e+00    0.000000000000e+00    0.000000000000e+00    0.000000000000e+00    0.000000000000e+00
  12    0.000000000000e+00    0.000000000000e+00    0.000000000000e+00    0.000000000000e+00    0.000000000000e+00    0.000000000000e+00    0.000000000000e+00    0.000000000000e+00
  13    0.000000000000e+00    0.000000000000e+00    0.000000000000e+00    0.000000000000e+00    0.000000000000e+00    0.000000000000e+00    0.000000000000e+00    0.000000000000e+00
  14    0.000000000000e+00    0.000000000000e+00    0.000000000000e+00    0.000000000000e+00    0.000000000000e+00    0.000000000000e+00    0.000000000000e+00    0.000000000000e+00
  15    0.000000000000e+00    0.000000000000e+00    0.000000000000e+00    0.000000000000e+00    0.000000000000e+00    0.000000000000e+00    0.000000000000e+00    0.000000000000e+00
  16    0.000000000000e+00    0.000000000000e+00    0.000000000000e+00    0.000000000000e+00    0.000000000000e+00    0.000000000000e+00    0.000000000000e+00    0.000000000000e+00
  17    0.000000000000e+00    0.000000000000e+00    0.000000000000e+00    0.000000000000e+00    0.000000000000e+00    0.000000000000e+00    0.000000000000e+00    0.000000000000e+00
  18    0.000000000000e+00    0.000000000000e+00    0.000000000000e+00    0.000000000000e+00    0.000000000000e+00    0.000000000000e+00    0.000000000000e+00    0.000000000000e+00
  19    0.000000000000e+00    0.000000000000e+00    0.000000000000e+00    0.000000000000e+00    0.000000000000e+00    0.000000000000e+00    0.000000000000e+00    0.000000000000e+00
  20    0.000000000000e+00    0.000000000000e+00    0.000000000000e+00    0.000000000000e+00    0.000000000000e+00    0.000000000000e+00    0.000000000000e+00    0.000000000000e+00
  21    0.000000000000e+00    0.000000000000e+00    0.000000000000e+00    0.000000000000e+00    0.000000000000e+00    0.000000000000e+00    0.000000000000e+00    0.000000000000e+00
  22    0.000000000000e+00    0.000000000000e+00    0.000000000000e+00    0.000000000000e+00    0.000000000000e+00    0.000000000000e+00    0.000000000000e+00    0.000000000000e+00
  23    0.000000000000e+00    0.000000000000e+00    0.000000000000e+00    0.000000000000e+00    0.000000000000e+00    0.000000000000e+00    0.000000000000e+00    0.000000000000e+00
  24    0.000000000000e+00    0.000000000000e+00    0.000000000000e+00    0.000000000000e+00    0.000000000000e+00    0.000000000000e+00    0.000000000000e+00    0.000000000000e+00
  25    0.000000000000e+00    0.000000000000e+00    0.000000000000e+00    0.000000000000e+00    0.000000000000e+00    0.000000000000e+00    0.000000000000e+00    0.000000000000e+00
  26    0.000000000000e+00    0.000000000000e+00    0.000000000000e+00    0.000000000000e+00    0.000000000000e+00    0.000000000000e+00    0.000000000000e+00    0.000000000000e+00
  27    0.000000000000e+00    0.000000000000e+00    0.000000000000e+00    0.000000000000e+00    0.000000000000e+00    0.000000000000e+00    0.000000000000e+00    0.000000000000e+00
  28    0.000000000000e+00    0.000000000000e+00    0.000000000000e+00    0.000000000000e+00    0.000000000000e+00    0.000000000000e+00    0.000000000000e+00    0.000000000000e+00
  29    0.000000000000e+00    0.000000000000e+00    0.000000000000e+00    0.000000000000e+00    0.000000000000e+00    0.000000000000e+00    0.000000000000e+00    0.000000000000e+00
  30    0.000000000000e+00    0.000000000000e+00    0.000000000000e+00    0.000000000000e+00    0.000000000000e+00    0.000000000000e+00    0.000000000000e+00    0.000000000000e+00
  31    0.000000000000e+00    0.000000000000e+00    0.000000000000e+00    0.000000000000e+00    0.000000000000e+00    0.000000000000e+00    0.000000000000e+00    0.000000000000e+00
  32    0.000000000000e+00    0.000000000000e+00    0.000000000000e+00    0.000000000000e+00    0.000000000000e+00    0.000000000000e+00    0.000000000000e+00    0.000000000000e+00
  33    0.000000000000e+00    0.000000000000e+00    0.000000000000e+00    0.000000000000e+00    0.000000000000e+00    0.000000000000e+00    0.000000000000e+00    0.000000000000e+00
  34    0.000000000000e+00    0.000000000000e+00    0.000000000000e+00    0.000000000000e+00    0.000000000000e+00    0.000000000000e+00    0.000000000000e+00    0.000000000000e+00
  35    0.000000000000e+00    0.000000000000e+00    0.000000000000e+00    0.000000000000e+00    0.000000000000e+00    0.000000000000e+00    0.000000000000e+00    0.000000000000e+00
  36    0.000000000000e+00    0.000000000000e+00    0.000000000000e+00    0.000000000000e+00    0.000000000000e+00    0.000000000000e+00    0.000000000000e+00    0.000000000000e+00
  37    0.000000000000e+00    0.000000000000e+00    0.000000000000e+00    0.000000000000e+00    0.000000000000e+00    0.000000000000e+00    0.000000000000e+00    0.000000000000e+00
  38    0.000000000000e+00    0.000000000000e+00    0.000000000000e+00    0.000000000000e+00    0.000000000000e+00    0.000000000000e+00    0.000000000000e+00    0.000000000000e+00
  39    0.000000000000e+00    0.000000000000e+00    0.000000000000e+00    0.000000000000e+00    0.000000000000e+00    0.000000000000e+00    0.000000000000e+00    0.000000000000e+00
  40   -2.895540092140e-07    1.521222293377e-05    3.387976903468e-07    1.549176522531e-05    3.509601810947e-06   -9.868352208287e-06    3.157045284752e-06   -1.122892717831e-05
  41   -5.655383574776e-07    1.344090560451e-05    1.899752533063e-07    1.354492269456e-05    2.760003553703e-06   -8.092873031273e-06    2.226639480796e-06   -9.367970051244e-06
  42   -7.277849363163e-07    1.250577042811e-05    9.978248272091e-08    1.254421658814e-05    2.428037987556e-06   -7.137627108023e-06    1.818531018216e-06   -8.391361916438e-06
  43   -9.778159437701e-07    1.212017377838e-05   -5.640322342515e-08    1.212797360495e-05    2.481378032826e-06   -6.703310646117e-06    1.793468982214e-06   -8.011091267690e-06
  44   -1.390952093061e-06    1.127246650867e-05   -3.515015123412e-07    1.115721534006e-05    2.361499355175e-06   -5.831621820107e-06    1.531108864583e-06   -7.151102181524e-06
  45   -1.744963810779e-06    9.980925824493e-06   -6.529153324664e-07    9.686336852610e-06    1.871005224530e-06   -4.559842636809e-06    9.305549610872e-07   -5.797977792099e-06
  46   -1.881140633486e-06    9.171053534374e-06   -8.118222467601e-07    8.775328751653e-06    1.417072780896e-06   -3.752269549295e-06    4.710127541330e-07   -4.917674232274e-06
  47   -1.859269104898e-06    9.179464541376e-06   -7.676426321268e-07    8.772942237556e-06    1.286927727051e-06   -3.702152753249e-06    3.417590050958e-07   -4.897709004581e-06
  48   -1.929613063112e-06    9.216251783073e-06   -7.195048965514e-07    8.764036465436e-06    1.265172613785e-06   -3.652152372524e-06    2.208507794421e-07   -4.908855771646e-06
  49   -2.254528226331e-06    8.573319064453e-06   -9.329960448667e-07    7.976690540090e-06    1.085674739443e-06   -2.962508006021e-06   -1.019616320264e-07   -4.193396307528e-06
  50   -2.765227691270e-06    7.451628334820e-06   -1.469452399760e-06    6.683229003102e-06    8.311035344377e-07   -1.883250661194e-06   -3.942368493881e-07   -2.999149728566e-06
  51   -3.248569555581e-06    6.492336979136e-06   -2.100015990436e-06    5.612819222733e-06    6.978661986068e-07   -1.016771420836e-06   -4.250468919054e-07   -2.018292434514e-06
  52   -3.502093022689e-06    5.951093044132e-06   -2.482760464773e-06    5.009089363739e-06    6.307527655736e-07   -5.098409019411e-07   -3.715940692928e-07   -1.439533662051e-06
  53   -3.511726390570e-06    5.669920938089e-06   -2.523331204429e-06    4.656787496060e-06    4.882531356998e-07   -1.484295353293e-07   -4.732555680675e-07   -1.030653947964e-06
  54   -3.498993464746e-06    5.416659405455e-06   -2.521730493754e-06    4.323956090957e-06    3.179375198670e-07    2.213637344539e-07   -6.286318239290e-07   -6.220943760127e-07
  55   -3.659064532258e-06    5.043548299000e-06   -2.789223799482e-06    3.904919140041e-06    2.544547896832e-07    6.299524102360e-07   -5.927067832090e-07   -1.730513758957e-07
  56   -3.941808245145e-06    4.526227712631e-06   -3.262714017183e-06    3.373308572918e-06    2.775414031930e-07    1.095933839679e-06   -3.879067662638e-07    3.619643393904e-07
  57   -4.142202669755e-06    3.986788215116e-06   -3.625376848504e-06    2.808257704601e-06    2.328233676963e-07    1.585431164131e-06   -2.719498297665e-07    9.513460099697e-07
  58   -4.137458745390e-06    3.617606125772e-06   -3.705383278430e-06    2.402870450169e-06    4.546745913103e-08    1.957931090146e-06   -3.676395863295e-07    1.400621840730e-06
  59   -4.027795512229e-06    3.428664058447e-06   -3.682129317895e-06    2.220214810222e-06   -1.890293788165e-07    2.175045665354e-06   -5.004985723644e-07    1.635780790821e-06
  60   -4.029425326735e-06    3.186491085216e-06   -3.870198270306e-06    2.040236722678e-06   -3.298046067357e-07    2.426706487313e-06   -4.354515112936e-07    1.905573299155e-06
  61   -4.167290171608e-06    2.770335413516e-06   -4.278583219275e-06    1.695647370070e-06   -3.639433998615e-07    2.837070496753e-06   -1.749140210450e-07    2.406275598332e-06
  62   -4.232919309288e-06    2.334010787308e-06   -4.613015335053e-06    1.313077518716e-06   -4.235480446368e-07    3.261084202677e-06    6.316258804873e-08    2.968561602756e-06
  63   -4.086090484634e-06    2.065644366667e-06   -4.690024070442e-06    1.110951416194e-06   -6.041082087904e-07    3.496097633615e-06    1.385778887197e-07    3.304303390905e-06
  64   -3.821827704087e-06    1.976412022486e-06   -4.612113116309e-06    1.126813003793e-06   -8.231509127654e-07    3.545574145392e-06    1.527878339402e-07    3.381253918633e-06
  65   -3.571447450668e-06    1.979322405532e-06   -4.506349796429e-06    1.251231878996e-06   -9.466748451814e-07    3.546098014340e-06    2.584711182863e-07    3.373541403562e-06
  66   -3.300781827420e-06    2.041197149083e-06   -4.329456714913e-06    1.427601091564e-06   -9.852301445790e-07    3.532128175721e-06    4.417415766511e-07    3.359222318977e-06
  67   -2.870248863474e-06    2.209999365732e-06   -3.958877641708e-06    1.728767529130e-06   -1.050320861395e-06    3.380700945854e-06    5.960318958387e-07    3.209046553820e-06
  68   -2.288405084983e-06    2.472341293469e-06   -3.436114639044e-06    2.165877958760e-06   -1.162981789093e-06    3.059947630391e-06    7.190828910097e-07    2.866785507649e-06
  69   -1.692271325737e-06    2.760905772448e-06   -2.892775228247e-06    2.632732503116e-06   -1.232168870047e-06    2.709770342335e-06    8.944152796175e-07    2.469198079780e-06
  70   -1.189240720123e-06    2.992834197357e-06   -2.430839231238e-06    2.997316187248e-06   -1.232787326444e-06    2.505752490833e-06    1.133685145760e-06    2.216984285042e-06
  71   -7.362104952335e-07    3.142544301227e-06   -2.033950295299e-06    3.266730345786e-06   -1.250547938980e-06    2.448272425681e-06    1.372773112962e-06    2.132554072887e-06
  72   -2.481974661350e-07    3.226188709959e-06   -1.645064912736e-06    3.525870852172e-06   -1.347929355688e-06    2.388871507719e-06    1.576179784024e-06    2.070883056149e-06
  73    2.863234840333e-07    3.335182555020e-06   -1.202977728099e-06    3.855326212943e-06   -1.463304215576e-06    2.184387994930e-06    1.760512532201e-06    1.867389073595e-06
  74    7.982307579368e-07    3.535678843036e-06   -7.158960215747e-07    4.243309376761e-06   -1.518397766631e-06    1.873879227787e-06    1.945038093254e-06    1.544016413391e-06
  75    1.296139089391e-06    3.798108082265e-06   -1.933076418936e-07    4.647910827771e-06   -1.540371158626e-06    1.607055310160e-06    2.143358869944e-06    1.257110852748e-06
  76    1.889478880912e-06    4.038913175464e-06    4.075118340552e-07    5.063979187980e-06   -1.613814674783e-06    1.430104020983e-06    2.365253749304e-06    1.075881300494e-06
  77    2.558517735451e-06    4.164932761341e-06    1.015898305923e-06    5.444569978863e-06   -1.755463017616e-06    1.264095772058e-06    2.603126631584e-06    9.374925866723e-07
  78    3.184512024745e-06    4.219444235787e-06    1.549720764160e-06    5.779118509963e-06   -1.880689524114e-06    1.008884282783e-06    2.843295078492e-06    7.126946002245e-07
  79    3.697321517393e-06    4.265835741535e-06    1.988606527448e-06    6.068090442568e-06   -1.929591235239e-06    7.470953278244e-07    3.103185008513e-06    4.511093720794e-07
  80    4.164088750258e-06    4.308181814849e-06    2.416316419840e-06    6.325310096145e-06   -1.942127710208e-06    6.216869223863e-07    3.400553396204e-06    3.071036189795e-07
  81    4.689500201494e-06    4.347937647253e-06    2.946995664388e-06    6.581220077351e-06   -1.987769792322e-06    5.817564669997e-07    3.690180164995e-06    2.667075023055e-07
  82    5.304202204570e-06    4.430476110429e-06    3.617082256824e-06    6.868038326502e-06   -2.067979949061e-06    4.252069629729e-07    3.913060936611e-06    1.331209205091e-07
  83    5.936773959547e-06    4.520494258031e-06    4.303583409637e-06    7.153110345826e-06   -2.143169695046e-06    1.352746039629e-07    4.103218088858e-06   -1.371663529426e-07
  84    6.433285307139e-06    4.460336640477e-06    4.753121174872e-06    7.342081516981e-06   -2.213258994743e-06   -5.267793312669e-08    4.354915290605e-06   -3.140594344586e-07
  85    6.790738552809e-06    4.281871952116e-06    4.996603820473e-06    7.480877684429e-06   -2.281449269503e-06   -7.980270311236e-08    4.690602509072e-06   -3.379536792636e-07
  86    7.189373718575e-06    4.222063580528e-06    5.381996743381e-06    7.699563866481e-06   -2.321539795958e-06   -1.699954736978e-07    5.020607204642e-06   -4.364701453596e-07
  87    7.741124136373e-06    4.356203135103e-06    6.086367648095e-06    7.994793122634e-06   -2.306725946255e-06   -4.447356332093e-07    5.288828106131e-06   -7.258786354214e-07
  88    8.314644219354e-06    4.464091034606e-06    6.843649316579e-06    8.239177986979e-06   -2.259366738144e-06   -7.230264600366e-07    5.555484676734e-06   -1.006759703159e-06
  89    8.760369382799e-06    4.408211680129e-06    7.385155186057e-06    8.419156074524e-06   -2.234162820969e-06   -8.613569661975e-07    5.871821485925e-06   -1.131236786023e-06
  90    9.138690074906e-06    4.312139935791e-06    7.813388947397e-06    8.621660526842e-06   -2.275417500641e-06   -9.636278264225e-07    6.176400347613e-06   -1.207663444802e-06
  91    9.596842573956e-06    4.283996531740e-06    8.358969353139e-06    8.820556104183e-06   -2.372944436502e-06   -1.145323039964e-06    6.398237019312e-06   -1.342035830021e-06
  92    1.009224797599e-05    4.231376806274e-06    8.973293006420e-06    8.895643986762e-06   -2.439963282086e-06   -1.321575837210e-06    6.610367563553e-06   -1.451553544030e-06
  93    1.045982935466e-05    4.088622517884e-06    9.455485269427e-06    8.864793926477e-06   -2.386521373410e-06   -1.390202669427e-06    6.947120709810e-06   -1.466018147767e-06
  94    1.070831785910e-05    3.960856702179e-06    9.823474101722e-06    8.900678949431e-06   -2.251748810522e-06   -1.429056283087e-06    7.394795829896e-06   -1.477630576119e-06
  95    1.104577677324e-05    3.930559614673e-06    1.030799467117e-05    9.076175047085e-06   -2.175787813030e-06   -1.578096998855e-06    7.792812539265e-06   -1.595966750756e-06
  96    1.159994280897e-05    3.927038051188e-06    1.104525290430e-05    9.260023944080e-06   -2.206288627349e-06   -1.842825440690e-06    8.059294486884e-06   -1.815351424739e-06
  97    1.223009894602e-05    3.861932782456e-06    1.188862370327e-05    9.306793799624e-06   -2.236702130176e-06   -2.100481651723e-06    8.293340215459e-06   -2.054090145975e-06
  98    1.268385676667e-05    3.722030669451e-06    1.253117807209e-05    9.210139978677e-06   -2.194021362811e-06   -2.236774889752e-06    8.613162208349e-06   -2.197397407144e-06
  99    1.293714740314e-05    3.527675289661e-06    1.289212377742e-05    9.087874786928e-06   -2.146683982573e-06   -2.265704097226e-06    9.007395419758e-06   -2.180313458666e-06
 100    1.319634611718e-05    3.301771357656e-06    1.322774915025e-05    9.036099072546e-06   -2.155939000659e-06   -2.311746357009e-06    9.388939361088e-06   -2.084358129650e-06
 101    1.355999847874e-05    3.069551894441e-06    1.373584382236e-05    9.038252756000e-06   -2.155909896828e-06   -2.458604285493e-06    9.736606443767e-06   -2.073647920042e-06
 102    1.386911026202e-05    2.815591869876e-06    1.421797787771e-05    8.997943950817e-06   -2.081986167468e-06   -2.629603841342e-06    1.011280255625e-05   -2.154207322747e-06
 103    1.399946631864e-05    2.516753738746e-06    1.442193752155e-05    8.857634384185e-06   -1.997454091907e-06   -2.708737156354e-06    1.054048334481e-05   -2.162705641240e-06
 104    1.413415884599e-05    2.242595655844e-06    1.458259066567e-05    8.683768101037e-06   -1.975757186301e-06   -2.737098839134e-06    1.096560299629e-05   -2.048502210528e-06
 105    1.446274109185e-05    2.049200702459e-06    1.504732063040e-05    8.548435289413e-06   -1.970722223632e-06   -2.847649739124e-06    1.135397178587e-05   -1.952284947038e-06
 106    1.482368679717e-05    1.828797394410e-06    1.561455428600e-05    8.399452781305e-06   -1.915395841934e-06   -3.049848601222e-06    1.173438795377e-05   -1.967535354197e-06
 107    1.497945049778e-05    1.440872438252e-06    1.585943391547e-05    8.155009709299e-06   -1.848660758696e-06   -3.219844074920e-06    1.214717485709e-05   -2.006330760196e-06
 108    1.506952685304e-05    1.015840098262e-06    1.596630318090e-05    7.870519766584e-06   -1.836582669057e-06   -3.313180059195e-06    1.256562973140e-05   -1.991837052628e-06
 109    1.533620525151e-05    7.288472261280e-07    1.633598003536e-05    7.668990292586e-06   -1.869659172371e-06   -3.365377779119e-06    1.298315328313e-05   -1.885317033157e-06
 110    1.567829167470e-05    5.367910489440e-07    1.685210736468e-05    7.550464943051e-06   -1.873326255009e-06   -3.444627509452e-06    1.343177427771e-05   -1.730251824483e-06
 111    1.584499841556e-05    2.484594006091e-07    1.712416997179e-05    7.395312422886e-06   -1.797889126465e-06   -3.598426701501e-06    1.395247090841e-05   -1.633932697587e-06
 112    1.587919541635e-05   -1.630687620491e-07    1.720292493701e-05    7.122085662559e-06   -1.655425876379e-06   -3.819077392109e-06    1.452814467484e-05   -1.671651261859e-06
 113    1.600952236913e-05   -5.601323209703e-07    1.741771120578e-05    6.795497029088e-06   -1.527048880234e-06   -4.007859388366e-06    1.509349385742e-05   -1.712833181955e-06
 114    1.619858085178e-05   -9.171490091830e-07    1.768051879480e-05    6.516464054585e-06   -1.515349140391e-06   -4.069821443409e-06    1.558173971716e-05   -1.517153577879e-06
 115    1.630908809602e-05   -1.238688128069e-06    1.782918116078e-05    6.312897312455e-06   -1.569482265040e-06   -4.130255547352e-06    1.600605173735e-05   -1.227570464835e-06
 116    1.641863491386e-05   -1.563166733831e-06    1.800095196813e-05    6.078029400669e-06   -1.510008587502e-06   -4.339657607488e-06    1.652319042478e-05   -1.166466972791e-06
 117    1.664864248596e-05   -1.949782017618e-06    1.832895213738e-05    5.696289008483e-06   -1.304288161919e-06   -4.632238415070e-06    1.720531145111e-05   -1.317326677963e-06
 118    1.689020427875e-05   -2.439119271003e-06    1.862179487944e-05    5.197580321692e-06   -1.145890564658e-06   -4.832269041799e-06    1.790095120668e-05   -1.314139808528e-06
 119    1.693889498711e-05   -2.954388037324e-06    1.866003731266e-05    4.701345460489e-06   -1.168868038803e-06   -4.935442120768e-06    1.840601180447e-05   -1.040738425218e-06
 120    1.686433097348e-05   -3.428169293329e-06    1.858716132119e-05    4.272296791896e-06   -1.243592123501e-06   -5.059569957666e-06    1.880423951661e-05   -7.485359674320e-07
 121    1.686406903900e-05   -3.777371603064e-06    1.864798832685e-05    3.896479029208e-06   -1.208420144394e-06   -5.227848305367e-06    1.922319643199e-05   -7.211929187179e-07
 122    1.711674849503e-05   -4.171364707872e-06    1.907977275550e-05    3.549954271875e-06   -1.082196831703e-06   -5.550304194912e-06    1.983065158129e-05   -8.091737981886e-07
 123    1.729070208967e-05   -4.582048859447e-06    1.935672480613e-05    3.138862666674e-06   -9.376672096550e-07   -5.860943929292e-06    2.045134897344e-05   -8.794304449111e-07
 124    1.729681389406e-05   -5.040201358497e-06    1.931906444952e-05    2.671891706996e-06   -7.999478839338e-07   -6.079586455598e-06    2.114668313880e-05   -7.705966709182e-07
 125    1.726593472995e-05   -5.535490345210e-06    1.920538488775e-05    2.189597580582e-06   -6.899063009769e-07   -6.258749635890e-06    2.188334474340e-05   -5.542970029637e-07
 126    1.739579602145e-05   -6.016562110744e-06    1.939083449543e-05    1.734413672239e-06   -6.172922439873e-07   -6.497342837974e-06    2.251454861835e-05   -4.420435288921e-07
 127    1.766544301063e-05   -6.424103048630e-06    1.983426045626e-05    1.353924744762e-06   -5.663896445185e-07   -6.834074156359e-06    2.300171763636e-05   -5.499750841409e-07
 128    1.784539199434e-05   -6.762566044927e-06    2.009404124692e-05    1.025851815939e-06   -4.745670594275e-07   -7.220151019283e-06    2.354256866965e-05   -7.799535524100e-07
 129    1.777725992724e-05   -7.129739969969e-06    1.990515738726e-05    6.092959665693e-07   -2.977030817419e-07   -7.561262464151e-06    2.432169276290e-05   -8.975330274552e-07
 130    1.760188024491e-05   -7.608497980982e-06    1.956708729267e-05    2.440356183797e-08   -1.096632331610e-07   -7.828770321794e-06    2.520161797293e-05   -7.836642907932e-07
 131    1.759018050507e-05   -8.159098797478e-06    1.955049810931e-05   -6.070622475818e-07    2.037268131971e-10   -8.101051207632e-06    2.593029057607e-05   -5.834881449118e-07
 132    1.781550236046e-05   -8.699586032890e-06    1.988885924220e-05   -1.139815140050e-06    2.124579623342e-08   -8.454589988105e-06    2.646991924848e-05   -5.264591891319e-07
 133    1.807868829928e-05   -9.223847882822e-06    2.018903614953e-05   -1.625681761652e-06    2.211891114712e-08   -8.862232789397e-06    2.698047319427e-05   -6.560730980709e-07
 134    1.816666917875e-05   -9.788593160920e-06    2.014712663367e-05   -2.233580744360e-06    4.429602995515e-08   -9.223498636857e-06    2.755064633675e-05   -7.750641088933e-07
 135    1.810686080717e-05   -1.034837623592e-05    1.990789314732e-05   -2.917622623499e-06    8.527422323823e-08   -9.540453902446e-06    2.814093022607e-05   -7.631751941517e-07
 136    1.805266947486e-05   -1.081968366634e-05    1.973129110411e-05   -3.469845978543e-06    1.339649315923e-07   -9.896073606797e-06    2.874564961530e-05   -6.978370947763e-07
 137    1.808346132748e-05   -1.126958522946e-05    1.967832213268e-05   -3.884277248289e-06    2.072774805129e-07   -1.029175473377e-05    2.943124854937e-05   -6.801710696891e-07
 138    1.809454988688e-05   -1.186673762277e-05    1.956667983904e-05   -4.403140337672e-06    3.062596078962e-07   -1.062605588231e-05    3.020005533472e-05   -6.444024620578e-07
 139    1.801666803658e-05   -1.259356213268e-05    1.933902967721e-05   -5.138645065017e-06    4.095491021872e-07   -1.088291173801e-05    3.090509562753e-05   -5.419424269348e-07
 140    1.789466477931e-05   -1.325196353719e-05    1.907302066684e-05   -5.923589924350e-06    4.947942215949e-07   -1.117822830565e-05    3.145771916024e-05   -4.180474206805e-07
 141    1.783421612345e-05   -1.376200816594e-05    1.884123776108e-05   -6.579633918591e-06    5.509355105460e-07   -1.158347004093e-05    3.197169280611e-05   -3.406894393265e-07
 142    1.785581116565e-05   -1.426847302355e-05    1.863262150437e-05   -7.164249836933e-06    6.086484063417e-07   -1.201371196657e-05    3.265052509960e-05   -2.920132828876e-07
 143    1.787295332178e-05   -1.486537803430e-05    1.840561162680e-05   -7.770751835778e-06    7.031194400042e-07   -1.239677658305e-05    3.349606413394e-05   -2.695014700294e-07
 144    1.784120104276e-05   -1.546159910504e-05    1.819111639634e-05   -8.375998731935e-06    8.059141691774e-07   -1.277006231248e-05    3.428023774177e-05   -2.876040525734e-07
 145    1.780377351679e-05   -1.599326060386e-05    1.802772749215e-05   -8.983777661342e-06    8.166243787855e-07   -1.316926500294e-05    3.481069870759e-05   -2.635788405314e-07
 146    1.778523437679e-05   -1.656398671912e-05    1.786346547306e-05   -9.725095878821e-06    7.200578693300e-07   -1.356549910270e-05    3.520378959365e-05   -8.201459422708e-08
 147    1.775345299393e-05   -1.725082984194e-05    1.762359170243e-05   -1.063639138010e-05    6.832124199718e-07   -1.397603773512e-05    3.576627932489e-05    1.458392944187e-07
 148    1.771308598109e-05   -1.793755654944e-05    1.734256511554e-05   -1.150426760432e-05    8.466886356473e-07   -1.449117553420e-05    3.660480433609e-05    1.045409590006e-07
 149    1.768884249032e-05   -1.853236608440e-05    1.706107286736e-05   -1.216837699758e-05    1.085165422410e-06   -1.508138666395e-05    3.748948802240e-05   -2.387387212366e-07
 150    1.765292836353e-05   -1.912544394145e-05    1.673086080700e-05   -1.277137926081e-05    1.156266080216e-06   -1.558150688652e-05    3.816420212388e-05   -4.988687578589e-07
 151    1.754675759003e-05   -1.983163383557e-05    1.628440804780e-05   -1.352588878945e-05    1.038744812831e-06   -1.590751344338e-05    3.865826874971e-05   -3.607128746808e-07
 152    1.738467835821e-05   -2.058091195067e-05    1.577171497047e-05   -1.438525941921e-05    9.450304787606e-07   -1.617173256818e-05    3.920713788830e-05    1.824810169637e-08
 153    1.721378066577e-05   -2.124586899299e-05    1.525518018752e-05   -1.514870382380e-05    1.008447725326e-06   -1.654618245084e-05    3.992405254394e-05    2.466258592904e-07
 154    1.705589238554e-05   -2.187189966207e-05    1.473602605984e-05   -1.580524440215e-05    1.127889845520e-06   -1.707870978862e-05    4.070019349456e-05    1.829903339967e-07
 155    1.692588557489e-05   -2.257501182612e-05    1.422525383532e-05   -1.649300793360e-05    1.152162440121e-06   -1.767810317688e-05    4.138072836213e-05   -2.910383045673e-11
 156    1.685039023869e-05   -2.330118877580e-05    1.376162981614e-05   -1.720209002087e-05    1.081381924450e-06   -1.821246405598e-05    4.195352084935e-05   -8.608913049102e-08
 157    1.678991247900e-05   -2.390980080236e-05    1.326506026089e-05   -1.783186235116e-05    1.037027686834e-06   -1.859746407717e-05    4.255204112269e-05    2.415617927909e-08
 158    1.666916068643e-05   -2.445048448863e-05    1.260003773496e-05   -1.848259125836e-05    1.090462319553e-06   -1.886702375486e-05    4.329916555434e-05    2.877495717257e-07
 159    1.653042272665e-05   -2.511970524210e-05    1.185439759865e-05   -1.934309329954e-05    1.156498910859e-06   -1.917735789903e-05    4.413450369611e-05    5.121692083776e-07
 160    1.647931640036e-05   -2.593516546767e-05    1.125730341300e-05   -2.030713585555e-05    1.117296051234e-06   -1.967508433154e-05    4.488343256526e-05    5.081528797746e-07
 161    1.646901364438e-05   -2.666677755769e-05    1.079001231119e-05   -2.102732833009e-05    1.045991666615e-06   -2.032558404608e-05    4.553241888061e-05    3.241875674576e-07
 162    1.630591577850e-05   -2.713499998208e-05    1.013249857351e-05   -2.141111144738e-05    1.109903678298e-06   -2.093729563057e-05    4.625195288099e-05    2.456072252244e-07
 163    1.600632094778e-05   -2.746353857219e-05    9.211420547217e-06   -2.181004674640e-05    1.279055140913e-06   -2.139361458831e-05    4.711680230685e-05    4.360481398180e-07
 164    1.583719858900e-05   -2.796154149109e-05    8.371542207897e-06   -2.259977009089e-05    1.312058884650e-06   -2.179824514315e-05    4.795065615326e-05    7.313064998016e-07
 165    1.585442805663e-05   -2.878856321331e-05    7.782713510096e-06   -2.373265851929e-05    1.123058609664e-06   -2.232167025795e-05    4.858546890318e-05    8.940114639699e-07
 166    1.576327485964e-05   -2.978100383189e-05    7.140100933611e-06   -2.483656862751e-05    9.601935744286e-07   -2.295903686900e-05    4.914280725643e-05    9.284267434850e-07
 167    1.538195647299e-05   -3.063544863835e-05    6.177579052746e-06   -2.568595300545e-05    1.035223249346e-06   -2.353049058001e-05    4.982741666026e-05    1.034946762957e-06
 168    1.497057382949e-05   -3.123852366116e-05    5.110981874168e-06   -2.641225000843e-05    1.209089532495e-06   -2.393528848188e-05    5.059942486696e-05    1.276988768950e-06
 169    1.478096237406e-05   -3.178452607244e-05    4.177738446742e-06   -2.724746809690e-05    1.212290953845e-06   -2.427883737255e-05    5.126697942615e-05    1.520369551145e-06
 170    1.459638588130e-05   -3.248531720601e-05    3.124354407191e-06   -2.818559551088e-05    1.038890331984e-06   -2.474421489751e-05    5.182475433685e-05    1.648193574511e-06
 171    1.410028198734e-05   -3.330370964250e-05    1.674168743193e-06   -2.904827488237e-05    9.027426131070e-07   -2.537854015827e-05    5.244923522696e-05    1.699852873571e-06
 172    1.346721546724e-05   -3.404715971556e-05    1.474982127547e-07   -2.978481461469e-05    9.067007340491e-07   -2.608310751384e-05    5.322977085598e-05    1.727064955048e-06
 173    1.315033296123e-05   -3.467670467217e-05   -9.317882359028e-07   -3.052721876884e-05    9.492505341768e-07   -2.674468851183e-05    5.409898585640e-05    1.708685886115e-06
 174    1.315947156399e-05   -3.533076960593e-05   -1.688953489065e-06   -3.132145502605e-05    9.257928468287e-07   -2.731071435846e-05    5.496447556652e-05    1.676395186223e-06
 175    1.300912117586e-05   -3.607399412431e-05   -2.767890691757e-06   -3.203397864127e-05    8.250353857875e-07   -2.776770998025e-05    5.572472582571e-05    1.790671376511e-06
 176    1.248181797564e-05   -3.683868999360e-05   -4.341884050518e-06   -3.267114880146e-05    6.718910299242e-07   -2.815391053446e-05    5.630136001855e-05    2.163491444662e-06
 177    1.199729740620e-05   -3.762212145375e-05   -5.833047907799e-06   -3.354219370522e-05    4.941248334944e-07   -2.857844810933e-05    5.677409353666e-05    2.651737304404e-06
 178    1.199491089210e-05   -3.848946653306e-05   -6.798887625337e-06   -3.482493775664e-05    3.557070158422e-07   -2.913462230936e-05    5.736603634432e-05    2.986809704453e-06
 179    1.227494794875e-05   -3.933825792046e-05   -7.593422196805e-06   -3.612904038164e-05    3.385357558727e-07   -2.979252167279e-05    5.822617094964e-05    3.108856617473e-06
 180    1.224729930982e-05   -3.993987047579e-05   -8.911418262869e-06   -3.692017708090e-05    4.480243660510e-07   -3.043544711545e-05    5.930467159487e-05    3.260909579694e-06
 181    1.172162592411e-05   -4.032855940750e-05   -1.087057171389e-05   -3.732902041520e-05    5.653128027916e-07   -3.098898741882e-05    6.042118184268e-05    3.674053004943e-06
 182    1.107598654926e-05   -4.084629472345e-05   -1.292751403525e-05   -3.803287108894e-05    5.639158189297e-07   -3.149086842313e-05    6.139033939689e-05    4.241199349053e-06
 183    1.071696169674e-05   -4.165931022726e-05   -1.458340557292e-05   -3.925024429918e-05    4.285830073059e-07   -3.202154766768e-05    6.211901200004e-05    4.663990694098e-06
 184    1.068005803972e-05   -4.250790516380e-05   -1.588324084878e-05   -4.041221473017e-05    2.615270204842e-07   -3.260867379140e-05    6.271677557379e-05    4.874193109572e-06
 185    1.072621671483e-05   -4.313598037697e-05   -1.724640605971e-05   -4.105747211725e-05    8.288770914078e-08   -3.321393160149e-05    6.336122169159e-05    5.089226760902e-06
 186    1.062068622559e-05   -4.371100658318e-05   -1.895113382488e-05   -4.157983494224e-05   -1.657172106206e-07   -3.381377609912e-05    6.408253102563e-05    5.419642548077e-06
 187    1.030313433148e-05   -4.451770655578e-05   -2.084189327434e-05   -4.261682261131e-05   -4.273606464267e-07   -3.443754394539e-05    6.478547584265e-05    5.659778253175e-06
 188    9.864335879683e-06   -4.549704317469e-05   -2.262508496642e-05   -4.409003668115e-05   -5.690963007510e-07   -3.505240601953e-05    6.543615018018e-05    5.722729838453e-06
 189    9.418959962204e-06   -4.640802217182e-05   -2.435734495521e-05   -4.538032590062e-05   -6.254995241761e-07   -3.554573049769e-05    6.608906551264e-05    5.954760126770e-06
 190    8.937320671976e-06   -4.726291081170e-05   -2.648826921359e-05   -4.627124872059e-05   -8.190982043743e-07   -3.591048152884e-05    6.672140443698e-05    6.686925189570e-06
 191    8.344621164724e-06   -4.824474308407e-05   -2.922245766968e-05   -4.713804082712e-05   -1.244770828635e-06   -3.627849218901e-05    6.724457489327e-05    7.697002729401e-06
 192    7.743423338979e-06   -4.929635906592e-05   -3.207044210285e-05   -4.825442374568e-05   -1.692154910415e-06   -3.669150464702e-05    6.773733184673e-05    8.504197467119e-06
 193    7.324328180403e-06   -5.016075738240e-05   -3.439548891038e-05   -4.945181717630e-05   -1.889071427286e-06   -3.704163827933e-05    6.845762254670e-05    9.043200407177e-06
 194    7.039314368740e-06   -5.078106914880e-05   -3.630958963186e-05   -5.054559005657e-05   -1.853681169450e-06   -3.733087214641e-05    6.943367770873e-05    9.657553164288e-06
 195    6.612128345296e-06   -5.136127583683e-05   -3.857992123812e-05   -5.160343425814e-05   -1.897336915135e-06   -3.774229844566e-05    7.026907405816e-05    1.050576975103e-05
 196    5.949812475592e-06   -5.203531327425e-05   -4.155631177127e-05   -5.267979577184e-05   -2.200191374868e-06   -3.834916424239e-05    7.073287270032e-05    1.137838989962e-05
 197    5.307665560395e-06   -5.270489782561e-05   -4.468753468245e-05   -5.363575473893e-05   -2.528715413064e-06   -3.900071897078e-05    7.130329322536e-05    1.206167507917e-05
 198    4.901579814032e-06   -5.321222124621e-05   -4.737463314086e-05   -5.439342930913e-05   -2.610322553664e-06   -3.959318564739e-05    7.249129703268e-05    1.259070995729e-05
 199    4.637957317755e-06   -5.354639142752e-05   -4.976475611329e-05   -5.512827556231e-05   -2.584187313914e-06   -4.021549830213e-05    7.391773397103e-05    1.309395884164e-05
 200    4.253583028913e-06   -5.388309364207e-05   -5.241972394288e-05   -5.608787250821e-05   -2.768239937723e-06   -4.090608854312e-05    7.477728649974e-05    1.367104414385e-05
 201    3.595283487812e-06   -5.442537803901e-05   -5.555176176131e-05   -5.730291013606e-05   -3.116030711681e-06   -4.152674227953e-05    7.512036245316e-05    1.439225161448e-05
 202    2.752582076937e-06   -5.516943929251e-05   -5.888857413083e-05   -5.856271673110e-05   -3.294378984720e-06   -4.200668627163e-05    7.581402314827e-05    1.524106482975e-05
 203    1.998268999159e-06   -5.590276850853e-05   -6.215658504516e-05   -5.966295066173e-05   -3.264751285315e-06   -4.248112236382e-05    7.712484512012e-05    1.608343154658e-05
 204    1.625769073144e-06   -5.647945363307e-05   -6.528187077492e-05   -6.062176908017e-05   -3.393215592951e-06   -4.305999027565e-05    7.827443187125e-05    1.682908623479e-05
 205    1.630134647712e-06   -5.702411726816e-05   -6.830168422312e-05   -6.160133489175e-05   -3.950903192163e-06   -4.363305924926e-05    7.864747021813e-05    1.761392923072e-05
 206    1.579261152074e-06   -5.777851038147e-05   -7.139006629586e-05   -6.273560575210e-05   -4.711269866675e-06   -4.408131644595e-05    7.875588198658e-05    1.864615478553e-05
 207    1.034582965076e-06   -5.876774957869e-05   -7.482408545911e-05   -6.406445027096e-05   -5.173205863684e-06   -4.448782419786e-05    7.950121653266e-05    1.992809120566e-05
 208    5.791662260890e-08   -5.970033089397e-05   -7.876462768763e-05   -6.550641410286e-05   -5.179259460419e-06   -4.493388405535e-05    8.079677354544e-05    2.129595668521e-05
 209   -8.068454917520e-07   -6.020287401043e-05   -8.293334394693e-05   -6.681610102532e-05   -5.135545507073e-06   -4.528355202638e-05    8.169245847967e-05    2.260564360768e-05
 210   -1.184263965115e-06   -6.024242611602e-05   -8.687458466738e-05   -6.777569069527e-05   -5.511334165931e-06   -4.537200584309e-05    8.184017497115e-05    2.388918073848e-05
 211   -1.272012013942e-06   -6.030147051206e-05   -9.053316898644e-05   -6.855280662421e-05   -6.278278306127e-06   -4.531785089057e-05    8.203847391997e-05    2.531289646868e-05
 212   -1.557666109875e-06   -6.091807154007e-05   -9.437743574381e-05   -6.961384497117e-05   -7.022579666227e-06   -4.541741509456e-05    8.303516369779e-05    2.698146272451e-05
 213   -2.289336407557e-06   -6.203239172464e-05   -9.880494326353e-05   -7.114500476746e-05   -7.476250175387e-06   -4.577302752296e-05    8.446592255495e-05    2.874931669794e-05
 214   -3.376946551725e-06   -6.302286783466e-05   -1.037112670019e-04   -7.280075078597e-05   -7.734575774521e-06   -4.622693086276e-05    8.550308848498e-05    3.031438973267e-05
 215   -4.573084879667e-06   -6.346670124913e-05   -1.086727716029e-04   -7.414009451168e-05   -8.044065907598e-06   -4.660880949814e-05    8.602110028733e-05    3.160416963510e-05
 216   -5.538546247408e-06   -6.364110595314e-05   -1.133145997301e-04   -7.517635094700e-05   -8.551927749068e-06   -4.693234950537e-05    8.651764073875e-05    3.287084109616e-05
 217   -6.069167284295e-06   -6.408889748855e-05   -1.176681835204e-04   -7.628942694282e-05   -9.206589311361e-06   -4.729164356831e-05    8.722908387426e-05    3.434580867179e-05
 218   -6.394024239853e-06   -6.489222869277e-05   -1.222220016643e-04   -7.771689706715e-05   -9.752751793712e-06   -4.762783646584e-05    8.799995703157e-05    3.607339749578e-05
 219   -7.026887033135e-06   -6.564122304553e-05   -1.274457899854e-04   -7.928247214295e-05   -9.937619324774e-06   -4.775042179972e-05    8.880693349056e-05    3.810625639744e-05
 220   -8.120579877868e-06   -6.602103530895e-05   -1.330998493358e-04   -8.064337453106e-05   -9.789247997105e-06   -4.763813922182e-05    8.988714398583e-05    4.051216819789e-05
 221   -9.209237759933e-06   -6.617559120059e-05   -1.383671769872e-04   -8.170469664037e-05   -9.677605703473e-06   -4.760763113154e-05    9.124114876613e-05    4.300811269786e-05
 222   -9.872892405838e-06   -6.640824722126e-05   -1.430480042472e-04   -8.267541124951e-05   -9.995012078434e-06   -4.799493763130e-05    9.242614032701e-05    4.505224933382e-05
 223   -1.032141153701e-05   -6.675746408291e-05   -1.480979844928e-04   -8.373321907129e-05   -1.081899972633e-05   -4.871462442679e-05    9.304401464760e-05    4.660729609895e-05
 224   -1.103134127334e-05   -6.705055420753e-05   -1.544175902382e-04   -8.485896978527e-05   -1.191132469103e-05   -4.934310709359e-05    9.322239202447e-05    4.839856410399e-05
 225   -1.205765875056e-05   -6.721288082190e-05   -1.614935463294e-04   -8.600293949712e-05   -1.289573265240e-05   -4.964954132447e-05    9.349083848065e-05    5.093403160572e-05
 226   -1.317338319495e-05   -6.735461647622e-05   -1.681213034317e-04   -8.723874634597e-05   -1.346535282210e-05   -4.982788959751e-05    9.422854054719e-05    5.367510311771e-05
 227   -1.438317121938e-05   -6.755607319064e-05   -1.741816522554e-04   -8.859331137501e-05   -1.364655327052e-05   -5.016122304369e-05    9.527982911095e-05    5.576992407441e-05
 228   -1.582260301802e-05   -6.775680230930e-05   -1.806650543585e-04   -8.991669164971e-05   -1.386995427310e-05   -5.063115531811e-05    9.607792890165e-05    5.738488107454e-05
 229   -1.728784991428e-05   -6.786435551476e-05   -1.879185438156e-04   -9.115262946580e-05   -1.452292781323e-05   -5.091368075227e-05    9.620127093513e-05    5.962050636299e-05
 230   -1.848441024777e-05   -6.781078991480e-05   -1.951846061274e-04   -9.247638809029e-05   -1.542014069855e-05   -5.072112253401e-05    9.590249101166e-05    6.305653369054e-05
 231   -1.963577233255e-05   -6.746943108737e-05   -2.021121326834e-04   -9.385097655468e-05   -1.603434793651e-05   -5.017680814490e-05    9.593731374480e-05    6.691274757031e-05
 232   -2.121660509147e-05   -6.674428004771e-05   -2.094651572406e-04   -9.479658911005e-05   -1.618405804038e-05   -4.982994869351e-05    9.677058551461e-05    6.996840238571e-05
 233   -2.313506411156e-05   -6.585632218048e-05   -2.177907153964e-04   -9.507618960924e-05   -1.624692231417e-05   -5.012947076466e-05    9.800656698644e-05    7.203033601400e-05
 234   -2.484997457941e-05   -6.528587255161e-05   -2.265078946948e-04   -9.534922719467e-05   -1.670629717410e-05   -5.082842835691e-05    9.876894182526e-05    7.418687164318e-05
 235   -2.630557719385e-05   -6.510832463391e-05   -2.350305439904e-04   -9.633040463086e-05   -1.762399915606e-05   -5.129141209181e-05    9.878023411147e-05    7.743680907879e-05
 236   -2.807247437886e-05   -6.473987014033e-05   -2.437671646476e-04   -9.765852882992e-05   -1.855567097664e-05   -5.139749555383e-05    9.871534712147e-05    8.142058504745e-05
 237   -3.036378620891e-05   -6.380950799212e-05   -2.532140351832e-04   -9.852134098765e-05   -1.907185651362e-05   -5.160301225260e-05    9.920811862685e-05    8.500296098646e-05
 238   -3.257023490733e-05   -6.286702409852e-05   -2.627971116453e-04   -9.906674677040e-05   -1.932750456035e-05   -5.200944724493e-05    9.987212251872e-05    8.791167056188e-05
 239   -3.418602864258e-05   -6.256112828851e-05   -2.717367606238e-04   -1.000969787128e-04   -1.990108285099e-05   -5.203392356634e-05    9.995029540733e-05    9.107885125559e-05
 240   -3.563589416444e-05   -6.243682582863e-05   -2.804952673614e-04   -1.015766756609e-04   -2.092414069921e-05   -5.139321001479e-05    9.961283649318e-05    9.521062020212e-05
 241   -3.764527355088e-05   -6.149781984277e-05   -2.902456326410e-04   -1.027241523843e-04   -2.184160985053e-05   -5.073344800621e-05    9.960637544282e-05    9.981353650801e-05
 242   -4.015222657472e-05   -5.978954141028e-05   -3.011489752680e-04   -1.035037857946e-04   -2.230412792414e-05   -5.071285704616e-05    9.986103395931e-05    1.041417126544e-04
 243   -4.247640026733e-05   -5.832454189658e-05   -3.122652415186e-04   -1.046396791935e-04   -2.270727418363e-05   -5.097535904497e-05    9.969115490094e-05    1.083768147510e-04
 244   -4.444996011443e-05   -5.739051266573e-05   -3.230831352994e-04   -1.061191142071e-04   -2.344173844904e-05   -5.076546221972e-05    9.928966755979e-05    1.131077588070e-04
 245   -4.669357440434e-05   -5.614050314762e-05   -3.341495757923e-04   -1.071222359315e-04   -2.425140701234e-05   -5.020308890380e-05    9.953879634850e-05    1.181408006232e-04
 246   -4.963745595887e-05   -5.413719918579e-05   -3.460178850219e-04   -1.076713961083e-04   -2.485420554876e-05   -5.005935963709e-05    1.001925556920e-04    1.228179025929e-04
 247   -5.288695683703e-05   -5.218014121056e-05   -3.584645455703e-04   -1.088428543881e-04   -2.558343112469e-05   -5.038719973527e-05    9.985914221033e-05    1.272984954994e-04
 248   -5.589172360487e-05   -5.101112765260e-05   -3.710080636665e-04   -1.108497381210e-04   -2.668984234333e-05   -5.028038867749e-05    9.827694157138e-05    1.325048506260e-04
 249   -5.873787449673e-05   -5.009645246901e-05   -3.835749812424e-04   -1.123309193645e-04   -2.766994293779e-05   -4.927835834678e-05    9.701115777716e-05    1.386398507748e-04
 250   -6.173519068398e-05   -4.843433271162e-05   -3.963937051594e-04   -1.123787369579e-04   -2.809613943100e-05   -4.816811997443e-05    9.708170546219e-05    1.447540707886e-04
 251   -6.475448026322e-05   -4.589627496898e-05   -4.096624907106e-04   -1.119461376220e-04   -2.860755193979e-05   -4.791858373210e-05    9.726273128763e-05    1.500261423644e-04
 252   -6.765028228983e-05   -4.315216210671e-05   -4.234630614519e-04   -1.123519614339e-04   -2.999044954777e-05   -4.837469896302e-05    9.598385076970e-05    1.547505671624e-04
 253   -7.101340452209e-05   -4.074006574228e-05   -4.379185847938e-04   -1.134648045991e-04   -3.176042810082e-05   -4.854783765040e-05    9.375717490911e-05    1.598438539077e-04
 254   -7.555208867416e-05   -3.868408384733e-05   -4.531479207799e-04   -1.143681001849e-04   -3.267789725214e-05   -4.792760591954e-05    9.239907376468e-05    1.658627588768e-04
 255   -8.102733409032e-05   -3.677580389194e-05   -4.692022921517e-04   -1.150371681433e-04   -3.258918877691e-05   -4.682547296397e-05    9.228981798515e-05    1.728032366373e-04
 256   -8.652487304062e-05   -3.473140532151e-05   -4.858977627009e-04   -1.161982654594e-04   -3.271910827607e-05   -4.566932329908e-05    9.179994231090e-05    1.802905171644e-04
 257   -9.168306132779e-05   -3.228796413168e-05   -5.029465537518e-04   -1.179362297989e-04   -3.405520692468e-05   -4.464079393074e-05    8.949846960604e-05    1.876700262073e-04
 258   -9.691208833829e-05   -2.942010178231e-05   -5.202732281759e-04   -1.194936921820e-04   -3.616278991103e-05   -4.386471118778e-05    8.591578807682e-05    1.944662071764e-04
 259   -1.024969387800e-04   -2.631402458064e-05   -5.381647497416e-04   -1.203273423016e-04   -3.784894943237e-05   -4.333420656621e-05    8.271622937173e-05    2.010815369431e-04
 260   -1.082177041098e-04   -2.293344005011e-05   -5.568326450884e-04   -1.206063316204e-04   -3.866059705615e-05   -4.273175727576e-05    8.050189353526e-05    2.085291489493e-04
 261   -1.138197840191e-04   -1.890346175060e-05   -5.757251055911e-04   -1.207416644320e-04   -3.945652861148e-05   -4.190043546259e-05    7.791933603585e-05    2.170345105696e-04
 262   -1.194253563881e-04   -1.419085310772e-05   -5.939539987594e-04   -1.210225746036e-04   -4.121428355575e-05   -4.112394526601e-05    7.354700937867e-05    2.255634753965e-04
 263   -1.254407688975e-04   -9.656301699579e-06   -6.119138561189e-04   -1.217330573127e-04   -4.362757317722e-05   -4.036835161969e-05    6.816780660301e-05    2.334468008485e-04
 264   -1.322207972407e-04   -6.262795068324e-06   -6.315583596006e-04   -1.229866174981e-04   -4.538206849247e-05   -3.891205415130e-05    6.418523844332e-05    2.416840870865e-04
 265   -1.397727755830e-04   -3.680179361254e-06   -6.540847243741e-04   -1.243071747012e-04   -4.598847590387e-05   -3.656023181975e-05    6.230664439499e-05    2.515343949199e-04
 266   -1.478118356317e-04   -3.722379915416e-07   -6.780151743442e-04   -1.250220811926e-04   -4.653783980757e-05   -3.454985562712e-05    6.013049278408e-05    2.623215259518e-04
 267   -1.560614909977e-04    4.587345756590e-06   -7.010459667072e-04   -1.250797067769e-04   -4.809279926121e-05   -3.397813998163e-05    5.530146881938e-05    2.721310884226e-04
 268   -1.645748270676e-04    1.036014873534e-05   -7.233530050144e-04   -1.250907080248e-04   -5.007430445403e-05   -3.369583282620e-05    4.882854409516e-05    2.809175639413e-04
 269   -1.736959675327e-04    1.576682552695e-05   -7.473475998268e-04   -1.253081136383e-04   -5.106464959681e-05   -3.148015821353e-05    4.363921470940e-05    2.910632174462e-04
 270   -1.836767187342e-04    2.122734440491e-05   -7.741237059236e-04   -1.252821530215e-04   -5.089666228741e-05   -2.742221113294e-05    4.036794416606e-05    3.039492876269e-04
 271   -1.944849500433e-04    2.808979479596e-05   -8.021111134440e-04   -1.248603221029e-04   -5.109037738293e-05   -2.434378257021e-05    3.636162728071e-05    3.175514866598e-04
 272   -2.059797989205e-04    3.623473457992e-05   -8.298467146233e-04   -1.247384352610e-04   -5.296454764903e-05   -2.402224345133e-05    2.929335460067e-05    3.290534950793e-04
 273   -2.179930452257e-04    4.380772588775e-05   -8.581929141656e-04   -1.254047383554e-04   -5.612242966890e-05   -2.462859265506e-05    2.012215554714e-05    3.388433833607e-04
 274   -2.299578627571e-04    4.986673593521e-05   -8.883404079825e-04   -1.261722063646e-04   -5.903770215809e-05   -2.342305378988e-05    1.166481524706e-05    3.498367150314e-04
 275   -2.411184832454e-04    5.591899389401e-05   -9.192688157782e-04   -1.260922872461e-04   -6.076134741306e-05   -2.046016743407e-05    5.069188773632e-06    3.633865853772e-04
 276   -2.518747933209e-04    6.382743595168e-05   -9.493184043095e-04   -1.254176604562e-04   -6.168743129820e-05   -1.780182356015e-05   -1.208623871207e-06    3.779024118558e-04
 277   -2.642152830958e-04    7.307244231924e-05   -9.793289937079e-04   -1.253029331565e-04   -6.282201502472e-05   -1.603423152119e-05   -9.014504030347e-06    3.916426794603e-04
 278   -2.798917703331e-04    8.147396147251e-05   -1.012062188238e-03   -1.261510769837e-04   -6.466836202890e-05   -1.370237441733e-05   -1.826300285757e-05    4.050626885146e-04
 279   -2.981489524245e-04    8.844491094351e-05   -1.048418460414e-03   -1.269631902687e-04   -6.688770372421e-05   -9.968993254006e-06   -2.763629890978e-05    4.196927766316e-04
 280   -3.162382636219e-04    9.604141814634e-05   -1.085973693989e-03   -1.264695893042e-04   -6.866140756756e-05   -5.979498382658e-06   -3.655604086816e-05    4.357647849247e-04
 281   -3.326334990561e-04    1.061495277099e-04   -1.122106681578e-03   -1.243756851181e-04   -6.960169412196e-05   -3.230001311749e-06   -4.573981277645e-05    4.519100766629e-04
 282   -3.487158101052e-04    1.177511294372e-04   -1.157222082838e-03   -1.217139651999e-04   -7.041008211672e-05   -1.582026015967e-06   -5.610869266093e-05    4.671878414229e-04
 283   -3.669250290841e-04    1.284652389586e-04   -1.194236683659e-03   -1.199721591547e-04   -7.226632442325e-05    4.090834408998e-07   -6.787106394768e-05    4.825341748074e-04
 284   -3.878662828356e-04    1.380271860398e-04   -1.235275645740e-03   -1.197371166199e-04   -7.543596439064e-05    3.689550794661e-06   -8.075567893684e-05    4.996369243599e-04
 285   -4.100683145225e-04    1.485849497840e-04   -1.279696240090e-03   -1.199131365865e-04   -7.887883111835e-05    7.806229405105e-06   -9.456742554903e-05    5.186414928176e-04
 286   -4.321164451540e-04    1.615278888494e-04   -1.324967248365e-03   -1.188358291984e-04   -8.159643039107e-05    1.168518792838e-05   -1.094844192266e-04    5.378914647736e-04
 287   -4.541985690594e-04    1.756584970281e-04   -1.369345933199e-03   -1.164583954960e-04   -8.367118425667e-05    1.486646942794e-05   -1.257094554603e-04    5.561759462580e-04
 288   -4.774695262313e-04    1.891052816063e-04   -1.413416815922e-03   -1.145328860730e-04   -8.603977039456e-05    1.766032073647e-05   -1.432588323951e-04    5.742876091972e-04
 289   -5.025248974562e-04    2.017826773226e-04   -1.458983635530e-03   -1.139821251854e-04   -8.943560533226e-05    2.049806062132e-05   -1.619295217097e-04    5.937564419582e-04
 290   -5.292021669447e-04    2.150933723897e-04   -1.507139066234e-03   -1.133199548349e-04   -9.389990009367e-05    2.365757245570e-05   -1.816772855818e-04    6.150187691674e-04
 291   -5.573155358434e-04    2.300126943737e-04   -1.557544339448e-03   -1.108095748350e-04   -9.866873733699e-05    2.733804285526e-05   -2.027410082519e-04    6.374034564942e-04
 292   -5.871397443116e-04    2.464124700055e-04   -1.609499682672e-03   -1.068391138688e-04   -1.025365199894e-04    3.147241659462e-05   -2.250121906400e-04    6.601634086110e-04
 293   -6.187311373651e-04    2.640334423631e-04   -1.662423484959e-03   -1.026818063110e-04   -1.048927661031e-04    3.564450889826e-05   -2.476363442838e-04    6.829027552158e-04
 294   -6.514354608953e-04    2.830072771758e-04   -1.716015860438e-03   -9.828293696046e-05   -1.066329423338e-04    3.983161877841e-05   -2.698786556721e-04    7.058327319100e-04
 295   -6.849337369204e-04    3.031541127712e-04   -1.771016977727e-03   -9.313703048974e-05   -1.096548512578e-04    4.477240145206e-05   -2.927524037659e-04    7.298751152121e-04
 296   -7.201060652733e-04    3.235483309254e-04   -1.829213462770e-03   -8.830358274281e-05   -1.149482559413e-04    5.083286669105e-05   -3.185705281794e-04    7.556325872429e-04
 297   -7.580225355923e-04    3.435324179009e-04   -1.891265856102e-03   -8.528702892363e-05   -1.211015041918e-04    5.682895425707e-05   -3.479532897472e-04    7.820915780030e-04
 298   -7.983762770891e-04    3.636889159679e-04   -1.955189043656e-03   -8.343416266143e-05   -1.256489194930e-04    6.126938387752e-05   -3.786557354033e-04    8.078359533101e-04
 299   -8.398541249335e-04    3.850138746202e-04   -2.018660772592e-03   -8.066254667938e-05   -1.281453296542e-04    6.464938633144e-05   -4.086247645319e-04    8.335848106071e-04
 300   -8.821170777082e-04    4.075621254742e-04   -2.082319930196e-03   -7.645052392036e-05   -1.309348735958e-04    6.910855881870e-05   -4.391176626086e-04    8.616352570243e-04
 301   -9.266994893551e-04    4.307400668040e-04   -2.148568630219e-03   -7.216609083116e-05   -1.359307207167e-04    7.563037797809e-05   -4.729130305350e-04    8.921370026655e-04
 302   -9.752889163792e-04    4.543132381514e-04   -2.217679983005e-03   -6.858794949949e-05   -1.420758198947e-04    8.290447294712e-05   -5.106022581458e-04    9.223495726474e-04
 303   -1.027512364089e-03    4.784800112247e-04   -2.287629293278e-03   -6.479281000793e-05   -1.474414020777e-04    8.946179877967e-05   -5.505690351129e-04    9.508461225778e-04
 304   -1.081272028387e-03    5.034484202042e-04   -2.358161378652e-03   -5.987845361233e-05   -1.522554084659e-04    9.557243902236e-05   -5.915951915085e-04    9.799221297726e-04
 305   -1.135459635407e-03    5.293341819197e-04   -2.432348206639e-03   -5.454197525978e-05   -1.580633688718e-04    1.022488577291e-04   -6.334539502859e-04    1.012230175547e-03
 306   -1.191255170852e-03    5.562659353018e-04   -2.512244973332e-03   -4.997570067644e-05   -1.650268677622e-04    1.094588078558e-04   -6.761243566871e-04    1.046980731189e-03
 307   -1.250377390534e-03    5.845052655786e-04   -2.594932448119e-03   -4.611955955625e-05   -1.716830302030e-04    1.166509464383e-04   -7.204720750451e-04    1.081927563064e-03
 308   -1.313282642514e-03    6.145631195977e-04   -2.675855765119e-03   -4.167947918177e-05   -1.769091468304e-04    1.242409925908e-04   -7.683336734772e-04    1.117404550314e-03
 309   -1.379629597068e-03    6.465975893661e-04   -2.755429362878e-03   -3.566732630134e-05   -1.809536479414e-04    1.330340746790e-04   -8.201580494642e-04    1.155171892606e-03
 310   -1.449391245842e-03    6.794437067583e-04   -2.838914282620e-03   -2.846145071089e-05   -1.847988460213e-04    1.424425281584e-04   -8.735759183764e-04    1.194402691908e-03
 311   -1.522708684206e-03    7.118198554963e-04   -2.929217880592e-03   -2.098875120282e-05   -1.894640736282e-04    1.508905552328e-04   -9.266128763556e-04    1.232190057635e-03
 312   -1.599707640707e-03    7.450233679265e-04   -3.023301716894e-03   -1.302361488342e-05   -1.953560858965e-04    1.580538228154e-04   -9.811837226152e-04    1.268030260690e-03
 313   -1.680665649474e-03    7.819846505299e-04   -3.117236541584e-03   -3.283377736807e-06   -2.027400769293e-04    1.654766965657e-04   -1.041647978127e-03    1.305178040639e-03
 314   -1.765448600054e-03    8.228066144511e-04   -3.211682662368e-03    8.256640285254e-06   -2.117333933711e-04    1.745012123138e-04   -1.108998432755e-03    1.346357865259e-03
 315   -1.852301880717e-03    8.635220583528e-04   -3.309257794172e-03    1.874356530607e-05   -2.215385902673e-04    1.847241073847e-04   -1.179035753012e-03    1.390680205077e-03
 316   -1.938917674124e-03    9.010653011501e-04   -3.409143770114e-03    2.521160058677e-05   -2.302685752511e-04    1.950622536242e-04   -1.247428357601e-03    1.435905927792e-03
 317   -2.025897614658e-03    9.377370588481e-04   -3.508446039632e-03    2.910359762609e-05   -2.368940040469e-04    2.052444033325e-04   -1.315747387707e-03    1.481495797634e-03
 318   -2.117618918419e-03    9.781974367797e-04   -3.608124330640e-03    3.547361120582e-05   -2.429997548461e-04    2.156470436603e-04   -1.389101147652e-03    1.528126886114e-03
 319   -2.217650413513e-03    1.023602671921e-03   -3.712335834280e-03    4.680850543082e-05   -2.509702462703e-04    2.259768079966e-04   -1.468858681619e-03    1.575172878802e-03
 320   -2.324835397303e-03    1.071334583685e-03   -3.822051454335e-03    6.084563210607e-05   -2.606464549899e-04    2.350171562284e-04   -1.551129855216e-03    1.620872761123e-03
 321   -2.435008995235e-03    1.119278371334e-03   -3.933184314519e-03    7.472815923393e-05   -2.694413997233e-04    2.424698323011e-04   -1.633505336940e-03    1.665454241447e-03
 322   -2.546350471675e-03    1.168023794889e-03   -4.043101333082e-03    8.833454921842e-05   -2.759033814073e-04    2.501851413399e-04   -1.719206571579e-03    1.712275436148e-03
 323   -2.660993486643e-03    1.218778779730e-03   -4.154732450843e-03    1.020559575409e-04   -2.817593049258e-04    2.601577434689e-04   -1.812055706978e-03    1.764122862369e-03
 324   -2.781822346151e-03    1.271930057555e-03   -4.271838348359e-03    1.151883043349e-04   -2.901363186538e-04    2.714272122830e-04   -1.910995692015e-03    1.818845048547e-03
 325   -2.909608185291e-03    1.327614765614e-03   -4.393385723233e-03    1.283530145884e-04   -3.021429292858e-04    2.811241429299e-04   -2.012305893004e-03    1.871680375189e-03
 326   -3.043011762202e-03    1.385382842273e-03   -4.515592008829e-03    1.440211199224e-04   -3.156024031341e-04    2.886799629778e-04   -2.115285024047e-03    1.922003808431e-03
 327   -3.179952502251e-03    1.443249406293e-03   -4.636787809432e-03    1.619933173060e-04   -3.269126173109e-04    2.969305496663e-04   -2.222046256065e-03    1.974452286959e-03
 328   -3.319397568703e-03    1.499473582953e-03   -4.758311435580e-03    1.775105483830e-04   -3.347678575665e-04    3.089194651693e-04   -2.333587035537e-03    2.033026888967e-03
 329   -3.463501110673e-03    1.555821159855e-03   -4.882819019258e-03    1.873504370451e-04   -3.422205336392e-04    3.249624278396e-04   -2.449562773108e-03    2.096430398524e-03
 330   -3.614877350628e-03    1.615972723812e-03   -5.011472385377e-03    1.952000893652e-04   -3.540867473930e-04    3.423993475735e-04   -2.571610733867e-03    2.160154283047e-03
 331   -3.772529773414e-03    1.680226996541e-03   -5.142787471414e-03    2.076383680105e-04   -3.713932819664e-04    3.572048153728e-04   -2.702337689698e-03    2.220952883363e-03
 332   -3.932377323508e-03    1.744851004332e-03   -5.273943766952e-03    2.249870449305e-04   -3.896323032677e-04    3.677625209093e-04   -2.840829081833e-03    2.279600594193e-03
 333   -4.094204865396e-03    1.807638444006e-03   -5.405357107520e-03    2.405964769423e-04   -4.040759522468e-04    3.776834346354e-04   -2.982413396239e-03    2.341243438423e-03
 334   -4.263717681170e-03    1.871989574283e-03   -5.540775135159e-03    2.504722215235e-04   -4.149649757892e-04    3.919634036720e-04   -3.123935312033e-03    2.410559915006e-03
 335   -4.445347934961e-03    1.942632952705e-03   -5.682472139597e-03    2.593440003693e-04   -4.260635469109e-04    4.100427031517e-04   -3.267047926784e-03    2.485466422513e-03
 336   -4.635995253921e-03    2.018546219915e-03   -5.828303284943e-03    2.738414332271e-04   -4.396096337587e-04    4.265401512384e-04   -3.416309133172e-03    2.558609470725e-03
 337   -4.829127341509e-03    2.093226183206e-03   -5.974908359349e-03    2.935430966318e-04   -4.555524792522e-04    4.392261616886e-04   -3.574909642339e-03    2.626687055454e-03
 338   -5.023475736380e-03    2.163032768294e-03   -6.121448241174e-03    3.128373064101e-04   -4.735148977488e-04    4.523228853941e-04   -3.741899505258e-03    2.695649163797e-03
 339   -5.224868655205e-03    2.233040053397e-03   -6.269771140069e-03    3.288905136287e-04   -4.919827915728e-04    4.703649319708e-04   -3.913363441825e-03    2.773466985673e-03
 340   -5.438687279820e-03    2.311204094440e-03   -6.422400474548e-03    3.432221710682e-04   -5.080851260573e-04    4.920959472656e-04   -4.087148234248e-03    2.859900705516e-03
 341   -5.662480369210e-03    2.398281591013e-03   -6.579292006791e-03    3.577368333936e-04   -5.221131723374e-04    5.118739791214e-04   -4.266591742635e-03    2.946041524410e-03
 342   -5.888443440199e-03    2.487135585397e-03   -6.736380979419e-03    3.730822354555e-04   -5.393119063228e-04    5.262410268188e-04   -4.455106332898e-03    3.024138044566e-03
 343   -6.113676354289e-03    2.572119235992e-03   -6.889438722283e-03    3.896588459611e-04   -5.637162830681e-04    5.376911722124e-04   -4.650434479117e-03    3.096891101450e-03
 344   -6.343619897962e-03    2.654571086168e-03   -7.040138356388e-03    4.065176472068e-04   -5.922028794885e-04    5.512321367860e-04   -4.849001765251e-03    3.174808574840e-03
 345   -6.584789603949e-03    2.738450188190e-03   -7.194773294032e-03    4.209522157907e-04   -6.185194943100e-04    5.680182948709e-04   -5.054332315922e-03    3.263516817242e-03
 346   -6.837982684374e-03    2.825852949172e-03   -7.354858331382e-03    4.324149340391e-04   -6.402011495084e-04    5.842186510563e-04   -5.272032693028e-03    3.355753142387e-03
 347   -7.099740207195e-03    2.917617093772e-03   -7.513576187193e-03    4.444839432836e-04   -6.590406410396e-04    5.968641489744e-04   -5.497992038727e-03    3.440188709646e-03
 348   -7.368307560682e-03    3.013739595190e-03   -7.666544523090e-03    4.604025743902e-04   -6.772072520107e-04    6.088693626225e-04   -5.721790716052e-03    3.517484758049e-03
 349   -7.644742727280e-03    3.111343830824e-03   -7.821212522686e-03    4.772758111358e-04   -6.969498936087e-04    6.258394569159e-04   -5.944980308414e-03    3.601382253692e-03
 350   -7.930800318718e-03    3.205850487575e-03   -7.988377474248e-03    4.893937148154e-04   -7.202285341918e-04    6.493604741991e-04   -6.180299445987e-03    3.701442619786e-03
 351   -8.225291967392e-03    3.297041170299e-03   -8.165006525815e-03    4.961467348039e-04   -7.465684320778e-04    6.752982735634e-04   -6.431911140680e-03    3.810270456597e-03
 352   -8.524483069777e-03    3.390375757590e-03   -8.336147293448e-03    5.019335076213e-04   -7.730599027127e-04    6.993082351983e-04   -6.689094007015e-03    3.913723398000e-03
 353   -8.827367797494e-03    3.490831935778e-03   -8.494983427227e-03    5.095754750073e-04   -7.986221462488e-04    7.212972268462e-04   -6.945703178644e-03    4.009011201560e-03
 354   -9.139191359282e-03    3.598336828873e-03   -8.650651201606e-03    5.181054584682e-04   -8.263285271823e-04    7.429923862219e-04   -7.212813943624e-03    4.104468505830e-03
 355   -9.465787559748e-03    3.708394244313e-03   -8.814324624836e-03    5.254563875496e-04   -8.583052549511e-04    7.647997699678e-04   -7.500050589442e-03    4.205773584545e-03
 356   -9.807411581278e-03    3.815886797383e-03   -8.986851200461e-03    5.287998355925e-04   -8.917388040572e-04    7.866392843425e-04   -7.798803970218e-03    4.311118740588e-03
 357   -1.015977188945e-02    3.918608650565e-03   -9.162716567516e-03    5.245385691524e-04   -9.213888552040e-04    8.093840442598e-04   -8.093414828181e-03    4.418384283781e-03
 358   -1.052075996995e-02    4.019206389785e-03   -9.339068084955e-03    5.139959976077e-04   -9.478430729359e-04    8.331672288477e-04   -8.385404944420e-03    4.529167897999e-03
 359   -1.089007407427e-02    4.122674465179e-03   -9.515389800072e-03    5.049165338278e-04   -9.781690314412e-04    8.573466911912e-04   -8.690847083926e-03    4.643834196031e-03
 360   -1.126615703106e-02    4.229405894876e-03   -9.691636078060e-03    5.015842616558e-04   -1.017483649775e-03    8.827662095428e-04   -9.017404168844e-03    4.759356379509e-03
 361   -1.164985634387e-02    4.334209021181e-03   -9.869705885649e-03    4.966221749783e-04   -1.061042537913e-03    9.112642146647e-04   -9.353823959827e-03    4.873782396317e-03
 362   -1.204632595181e-02    4.434873815626e-03   -1.004973240197e-02    4.794718697667e-04   -1.098059117794e-03    9.417287074029e-04   -9.686226025224e-03    4.988077096641e-03
 363   -1.245759800076e-02    4.536528140306e-03   -1.022541243583e-02    4.525808617473e-04   -1.124305650592e-03    9.697750210762e-04   -1.001630350947e-02    5.101088434458e-03
 364   -1.287611760199e-02    4.643695428967e-03   -1.038927678019e-02    4.314258694649e-04   -1.148503040895e-03    9.927912615240e-04   -1.035800762475e-02    5.207239184529e-03
 365   -1.329599320889e-02    4.752942360938e-03   -1.054610684514e-02    4.252772778273e-04   -1.183026120998e-03    1.012846361846e-03   -1.071886532009e-02    5.304337013513e-03
 366   -1.372649706900e-02    4.857849795371e-03   -1.071192789823e-02    4.220614209771e-04   -1.231092028320e-03    1.034016255289e-03   -1.109499670565e-02    5.400967318565e-03
 367   -1.418324932456e-02    4.958104807884e-03   -1.089547295123e-02    3.991518169641e-04   -1.283432589844e-03    1.059310510755e-03   -1.147984899580e-02    5.509015172720e-03
 368   -1.466814056039e-02    5.057528614998e-03   -1.108801830560e-02    3.471514210105e-04   -1.330302678980e-03    1.089624594897e-03   -1.187334023416e-02    5.629681982100e-03
 369   -1.516710780561e-02    5.154807120562e-03   -1.127657853067e-02    2.811467275023e-04   -1.372835831717e-03    1.123739406466e-03   -1.227726973593e-02    5.752094555646e-03
 370   -1.566896587610e-02    5.243596620858e-03   -1.145881786942e-02    2.242326736450e-04   -1.420076820068e-03    1.158602070063e-03   -1.269045844674e-02    5.865332670510e-03
 371   -1.618193648756e-02    5.321408621967e-03   -1.164006255567e-02    1.759128645062e-04   -1.476903329603e-03    1.192004419863e-03   -1.311221159995e-02    5.970154423267e-03
 372   -1.672635599971e-02    5.392330698669e-03   -1.182126998901e-02    1.048557460308e-04   -1.540433615446e-03    1.223771832883e-03   -1.354813016951e-02    6.076238583773e-03
 373   -1.730874553323e-02    5.458205472678e-03   -1.199853885919e-02   -1.559592783451e-05   -1.606039237231e-03    1.253141555935e-03   -1.400297507644e-02    6.186158861965e-03
 374   -1.791206188500e-02    5.513915792108e-03   -1.217384357005e-02   -1.678038388491e-04   -1.672224025242e-03    1.280033495277e-03   -1.447227410972e-02    6.290457677096e-03
 375   -1.853281259537e-02    5.552705843002e-03   -1.235876139253e-02   -3.212438896298e-04   -1.741383108310e-03    1.309298910201e-03   -1.495374552906e-02    6.384341511875e-03
 376   -1.922366954386e-02    5.563716404140e-03   -1.256182789803e-02   -5.193268880248e-04   -1.823767321184e-03    1.344255637378e-03   -1.547189429402e-02    6.479686126113e-03
 377   -2.007086202502e-02    5.522891879082e-03   -1.277935504913e-02   -8.817026391625e-04   -1.936400658451e-03    1.373918727040e-03   -1.606936194003e-02    6.586785428226e-03
 378   -2.110142633319e-02    5.407030694187e-03   -1.300025545061e-02   -1.474978402257e-03   -2.085824729875e-03    1.378753688186e-03   -1.675454154611e-02    6.690226495266e-03
