   0    0.000000000000e+00    0.000000000000e+00    0.000000000000e+00    0.000000000000e+00    0.000000000000e+00    0.000000000000e+00    0.000000000000e+00    0.000000000000e+00
   1    0.000000000000e+00    0.000000000000e+00    0.000000000000e+00    0.000000000000e+00    0.000000000000e+00    0.000000000000e+00    0.000000000000e+00    0.000000000000e+00
   2    0.000000000000e+00    0.000000000000e+00    0.000000000000e+00    0.000000000000e+00    0.000000000000e+00    0.000000000000e+00    0.000000000000e+00    0.000000000000e+00
   3    0.000000000000e+00    0.000000000000e+00    0.000000000000e+00    0.000000000000e+00    0.000000000000e+00    0.000000000000e+00    0.000000000000e+00    0.000000000000e+00
   4    0.000000000000e+00    0.000000000000e+00    0.000000000000e+00    0.000000000000e+00    0.000000000000e+00    0.000000000000e+00    0.000000000000e+00    0.000000000000e+00
   5    0.000000000000e+00    0.000000000000e+00    0.000000000000e+00    0.000000000000e+00    0.000000000000e+00    0.000000000000e+00    0.000000000000e+00    0.000000000000e+00
   6    0.000000000000e+00    0.000000000000e+00    0.000000000000e+00    0.000000000000e+00    0.000000000000e+00    0.000000000000e+00    0.000000000000e+00    0.000000000000e+00
   7    0.000000000000e+00    0.000000000000e+00    0.000000000000e+00    0.000000000000e+00    0.000000000000e+00    0.000000000000e+00    0.000000000000e+00    0.000000000000e+00
   8    0.000000000000e+00    0.000000000000e+00    0.000000000000e+00    0.000000000000e+00    0.000000000000e+00    0.000000000000e+00    0.000000000000e+00    0.000000000000e+00
   9    0.000000000000e+00    0.000000000000e+00    0.000000000000e+00    0.000000000000e+00    0.000000000000e+00    0.000000000000e+00    0.000000000000e+00    0.000000000000e+00
  10    0.000000000000e+00    0.000000000000e+00    0.000000000000e+00    0.000000000000e+00    0.000000000000e+00    0.000000000000e+00    0.000000000000e+00    0.000000000000e+00
  11    0.000000000000e+00    0.000000000000e+00    0.000000000000e+00    0.000000000000e+00    0.000000000000e+00    0.000000000000e+00    0.000000000000e+00    0.000000000000e+00
  12    0.000000000000e+00    0.000000000000e+00    0.000000000000e+00    0.000000000000e+00    0.000000000000e+00    0.000000000000e+00    0.000000000000e+00    0.000000000000e+00
  13    0.000000000000e+00    0.000000000000e+00    0.000000000000e+00    0.000000000000e+00    0.000000000000e+00    0.000000000000e+00    0.000000000000e+00    0.000000000000e+00
  14    0.000000000000e+00    0.000000000000e+00    0.000000000000e+00    0.000000000000e+00    0.000000000000e+00    0.000000000000e+00    0.000000000000e+00    0.000000000000e+00
  15    0.000000000000e+00    0.000000000000e+00    0.000000000000e+00    0.000000000000e+00    0.000000000000e+00    0.000000000000e+00    0.000000000000e+00    0.000000000000e+00
  16    0.000000000000e+00    0.000000000000e+00    0.000000000000e+00    0.000000000000e+00    0.000000000000e+00    0.000000000000e+00    0.000000000000e+00    0.000000000000e+00
  17    0.000000000000e+00    0.000000000000e+00    0.000000000000e+00    0.000000000000e+00    0.000000000000e+00    0.000000000000e+00    0.000000000000e+00    0.000000000000e+00
  18    0.000000000000e+00    0.000000000000e+00    0.000000000000e+00    0.000000000000e+00    0.000000000000e+00    0.000000000000e+00    0.000000000000e+00    0.000000000000e+00
  19    0.000000000000e+00    0.000000000000e+00    0.000000000000e+00    0.000000000000e+00    0.000000000000e+00    0.000000000000e+00    0.000000000000e+00    0.000000000000e+00
  20    0.000000000000e+00    0.000000000000e+00    0.000000000000e+00    0.000000000000e+00    0.000000000000e+00    0.000000000000e+00    0.000000000000e+00    0.000000000000e+00
  21    0.000000000000e+00    0.000000000000e+00    0.000000000000e+00    0.000000000000e+00    0.000000000000e+00    0.000000000000e+00    0.000000000000e+00    0.000000000000e+00
  22    0.000000000000e+00    0.000000000000e+00    0.000000000000e+00    0.000000000000e+00    0.000000000000e+00    0.000000000000e+00    0.000000000000e+00    0.000000000000e+00
  23    0.000000000000e+00    0.000000000000e+00    0.000000000000e+00    0.000000000000e+00    0.000000000000e+00    0.000000000000e+00    0.000000000000e+00    0.000000000000e+00
  24    0.000000000000e+00    0.000000000000e+00    0.000000000000e+00    0.000000000000e+00    0.000000000000e+00    0.000000000000e+00    0.000000000000e+00    0.000000000000e+00
  25    0.000000000000e+00    0.000000000000e+00    0.000000000000e+00    0.000000000000e+00    0.000000000000e+00    0.000000000000e+00    0.000000000000e+00    0.000000000000e+00
  26    0.000000000000e+00    0.000000000000e+00    0.000000000000e+00    0.000000000000e+00    0.000000000000e+00    0.000000000000e+00    0.000000000000e+00    0.000000000000e+00
  27    0.000000000000e+00    0.000000000000e+00    0.000000000000e+00    0.000000000000e+00    0.000000000000e+00    0.000000000000e+00    0.000000000000e+00    0.000000000000e+00
  28    0.000000000000e+00    0.000000000000e+00    0.000000000000e+00    0.000000000000e+00    0.000000000000e+00    0.000000000000e+00    0.000000000000e+00    0.000000000000e+00
  29    0.000000000000e+00    0.000000000000e+00    0.000000000000e+00    0.000000000000e+00    0.000000000000e+00    0.000000000000e+00    0.000000000000e+00    0.000000000000e+00
  30    0.000000000000e+00    0.000000000000e+00    0.000000000000e+00    0.000000000000e+00    0.000000000000e+00    0.000000000000e+00    0.000000000000e+00    0.000000000000e+00
  31    0.000000000000e+00    0.000000000000e+00    0.000000000000e+00    0.000000000000e+00    0.000000000000e+00    0.000000000000e+00    0.000000000000e+00    0.000000000000e+00
  32    0.000000000000e+00    0.000000000000e+00    0.000000000000e+00    0.000000000000e+00    0.000000000000e+00    0.000000000000e+00    0.000000000000e+00    0.000000000000e+00
  33    0.000000000000e+00    0.000000000000e+00    0.000000000000e+00    0.000000000000e+00    0.000000000000e+00    0.000000000000e+00    0.000000000000e+00    0.000000000000e+00
  34    0.000000000000e+00    0.000000000000e+00    0.000000000000e+00    0.000000000000e+00    0.000000000000e+00    0.000000000000e+00    0.000000000000e+00    0.000000000000e+00
  35    0.000000000000e+00    0.000000000000e+00    0.000000000000e+00    0.000000000000e+00    0.000000000000e+00    0.000000000000e+00    0.000000000000e+00    0.000000000000e+00
  36    0.000000000000e+00    0.000000000000e+00    0.000000000000e+00    0.000000000000e+00    0.000000000000e+00    0.000000000000e+00    0.000000000000e+00    0.000000000000e+00
  37    0.000000000000e+00    0.000000000000e+00    0.000000000000e+00    0.000000000000e+00    0.000000000000e+00    0.000000000000e+00    0.000000000000e+00    0.000000000000e+00
  38    0.000000000000e+00    0.000000000000e+00    0.000000000000e+00    0.000000000000e+00    0.000000000000e+00    0.000000000000e+00    0.000000000000e+00    0.000000000000e+00
  39    0.000000000000e+00    0.000000000000e+00    0.000000000000e+00    0.000000000000e+00    0.000000000000e+00    0.000000000000e+00    0.000000000000e+00    0.000000000000e+00
  40    9.994738055848e-15    0.000000000000e+00   -1.476573752862e-14    3.993685129778e-14   -1.476573752862e-14   -3.993685129778e-14    1.447799535424e-14    0.000000000000e+00
  41    2.606754059570e-14    0.000000000000e+00   -2.942686648825e-14    4.882151540681e-14   -2.942686648825e-14   -4.882151540681e-14    3.061414918229e-14    0.000000000000e+00
  42    3.516249588048e-14    0.000000000000e+00   -3.698420964014e-14    5.445731349587e-14   -3.698420964014e-14   -5.445731349587e-14    3.834419896398e-14    0.000000000000e+00
  43    4.548582850975e-14    0.000000000000e+00   -4.569450693477e-14    6.081848349590e-14   -4.569450693477e-14   -6.081848349590e-14    4.660829285453e-14    0.000000000000e+00
  44    6.220855265377e-14    0.000000000000e+00   -6.004440380233e-14    7.117842827729e-14   -6.004440380233e-14   -7.117842827729e-14    6.148837813696e-14    0.000000000000e+00
  45    7.596077629748e-14    0.000000000000e+00   -7.088042175765e-14    8.201700766024e-14   -7.088042175765e-14   -8.201700766024e-14    7.399785536925e-14    0.000000000000e+00
  46    7.946086551334e-14    0.000000000000e+00   -7.181719953973e-14    8.902115020614e-14   -7.181719953973e-14   -8.902115020614e-14    7.620533165002e-14    0.000000000000e+00
  47    8.161911223921e-14    0.000000000000e+00   -7.190998014064e-14    9.451840081009e-14   -7.190998014064e-14   -9.451840081009e-14    7.631728230059e-14    0.000000000000e+00
  48    9.475331353955e-14    0.000000000000e+00   -8.227874761721e-14    1.038823297132e-13   -8.227874761721e-14   -1.038823297132e-13    8.659657599287e-14    0.000000000000e+00
  49    1.161860050444e-13    0.000000000000e+00   -9.912606353151e-14    1.172811847638e-13   -9.912606353151e-14   -1.172811847638e-13    1.043688247805e-13    0.000000000000e+00
  50    1.312739657646e-13    0.000000000000e+00   -1.082418795437e-13    1.295750887229e-13   -1.082418795437e-13   -1.295750887229e-13    1.148884454369e-13    0.000000000000e+00
  51    1.331402707267e-13    0.000000000000e+00   -1.042044665074e-13    1.373629535855e-13   -1.042044665074e-13   -1.373629535855e-13    1.116434147821e-13    0.000000000000e+00
  52    1.302647361723e-13    0.000000000000e+00   -9.652645843001e-14    1.427714690179e-13   -9.652645843001e-14   -1.427714690179e-13    1.043274963490e-13    0.000000000000e+00
  53    1.320489128199e-13    0.000000000000e+00   -9.452527194136e-14    1.496187749432e-13   -9.452527194136e-14   -1.496187749432e-13    1.031810067617e-13    0.000000000000e+00
  54    1.356744035695e-13    0.000000000000e+00   -9.452557009695e-14    1.580035066543e-13   -9.452557009695e-14   -1.580035066543e-13    1.047428609775e-13    0.000000000000e+00
  55    1.330638073685e-13    0.000000000000e+00   -8.765068477880e-14    1.645827571450e-13   -8.765068477880e-14   -1.645827571450e-13    9.933057794256e-14    0.000000000000e+00
  56    1.253307489258e-13    0.000000000000e+00   -7.480215719839e-14    1.678173930115e-13   -7.480215719839e-14   -1.678173930115e-13    8.718453205474e-14    0.000000000000e+00
  57    1.203731938345e-13    0.000000000000e+00   -6.440834465164e-14    1.702786810208e-13   -6.440834465164e-14   -1.702786810208e-13    7.721748181188e-14    0.000000000000e+00
  58    1.183953380213e-13    0.000000000000e+00   -5.773736388081e-14    1.743059093329e-13   -5.773736388081e-14   -1.743059093329e-13    7.176541533347e-14    0.000000000000e+00
  59    1.105996465744e-13    0.000000000000e+00   -4.642430035773e-14    1.780877962460e-13   -4.642430035773e-14   -1.780877962460e-13    6.261091363251e-14    0.000000000000e+00
  60    9.318076637978e-14    0.000000000000e+00   -2.571502750591e-14    1.783917794301e-13   -2.571502750591e-14   -1.783917794301e-13    4.395681206721e-14    0.000000000000e+00
  61    7.173122230746e-14    0.000000000000e+00   -5.018704093800e-16    1.747259021495e-13   -5.018704093800e-16   -1.747259021495e-13    1.982225147912e-14    0.000000000000e+00
  62    4.986170574735e-14    0.000000000000e+00    2.444886402163e-14    1.688652608587e-13    2.444886402163e-14   -1.688652608587e-13   -4.299142828844e-15    0.000000000000e+00
  63    2.505084864318e-14    0.000000000000e+00    5.042262112942e-14    1.621300478854e-13    5.042262112942e-14   -1.621300478854e-13   -2.855091244805e-14    0.000000000000e+00
  64   -2.628219568520e-15    0.000000000000e+00    7.804103500583e-14    1.551207757080e-13    7.804103500583e-14   -1.551207757080e-13   -5.408428696216e-14    0.000000000000e+00
  65   -2.766785857768e-14    0.000000000000e+00    1.033148854012e-13    1.484134267305e-13    1.033148854012e-13   -1.484134267305e-13   -7.857982249919e-14    0.000000000000e+00
  66   -4.921637506176e-14    0.000000000000e+00    1.251609357605e-13    1.409815460988e-13    1.251609357605e-13   -1.409815460988e-13   -1.013197568922e-13    0.000000000000e+00
  67   -7.497876695602e-14    0.000000000000e+00    1.492674256767e-13    1.294581575186e-13    1.492674256767e-13   -1.294581575186e-13   -1.270941902068e-13    0.000000000000e+00
  68   -1.090346346197e-13    0.000000000000e+00    1.791325334594e-13    1.127939159174e-13    1.791325334594e-13   -1.127939159174e-13   -1.590120992778e-13    0.000000000000e+00
  69   -1.444832074078e-13    0.000000000000e+00    2.093396528173e-13    9.557318044612e-14    2.093396528173e-13   -9.557318044612e-14   -1.919050584675e-13    0.000000000000e+00
  70   -1.748920561324e-13    0.000000000000e+00    2.350537841624e-13    8.269481020090e-14    2.350537841624e-13   -8.269481020090e-14   -2.203603510602e-13    0.000000000000e+00
  71   -2.054608924402e-13    0.000000000000e+00    2.608157830333e-13    7.136448414635e-14    2.608157830333e-13   -7.136448414635e-14   -2.482039638922e-13    0.000000000000e+00
  72   -2.441060320459e-13    0.000000000000e+00    2.930572451376e-13    5.460424660716e-14    2.930572451376e-13   -5.460424660716e-14   -2.824213573508e-13    0.000000000000e+00
  73   -2.865160908007e-13    0.000000000000e+00    3.276551393486e-13    3.187297566718e-14    3.276551393486e-13   -3.187297566718e-14   -3.202665454886e-13    0.000000000000e+00
  74   -3.223072579227e-13    0.000000000000e+00    3.561069082843e-13    1.004131131542e-14    3.561069082843e-13   -1.004131131542e-14   -3.532948673196e-13    0.000000000000e+00
  75   -3.533308086216e-13    0.000000000000e+00    3.804394408009e-13   -8.408223322784e-15    3.804394408009e-13    8.408223322784e-15   -3.828760225533e-13    0.000000000000e+00
  76   -3.920604617867e-13    0.000000000000e+00    4.104400467501e-13   -3.033692207491e-14    4.104400467501e-13    3.033692207491e-14   -4.190868572312e-13    0.000000000000e+00
  77   -4.421701177947e-13    0.000000000000e+00    4.485285298554e-13   -6.084985759627e-14    4.485285298554e-13    6.084985759627e-14   -4.644190305762e-13    0.000000000000e+00
  78   -4.936315028611e-13    0.000000000000e+00    4.860794926287e-13   -9.494921531959e-14    4.860794926287e-13    9.494921531959e-14   -5.092767570505e-13    0.000000000000e+00
  79   -5.381256421369e-13    0.000000000000e+00    5.171007936081e-13   -1.244467582370e-13    5.171007936081e-13    1.244467582370e-13   -5.468714673815e-13    0.000000000000e+00
  80   -5.775911433165e-13    0.000000000000e+00    5.444320124934e-13   -1.488658100870e-13    5.444320124934e-13    1.488658100870e-13   -5.812636071252e-13    0.000000000000e+00
  81   -6.157229131935e-13    0.000000000000e+00    5.711754853810e-13   -1.737993429729e-13    5.711754853810e-13    1.737993429729e-13   -6.174010413161e-13    0.000000000000e+00
  82   -6.532650939292e-13    0.000000000000e+00    5.961518171477e-13   -2.024745930813e-13    5.961518171477e-13    2.024745930813e-13   -6.537601948513e-13    0.000000000000e+00
  83   -6.930062535111e-13    0.000000000000e+00    6.204021129295e-13   -2.336308501261e-13    6.204021129295e-13    2.336308501261e-13   -6.890503792545e-13    0.000000000000e+00
  84   -7.383092076076e-13    0.000000000000e+00    6.492975102891e-13   -2.652935380057e-13    6.492975102891e-13    2.652935380057e-13   -7.271517914707e-13    0.000000000000e+00
  85   -7.857925464830e-13    0.000000000000e+00    6.826763546824e-13   -2.968077715028e-13    6.826763546824e-13    2.968077715028e-13   -7.699109362200e-13    0.000000000000e+00
  86   -8.262682530367e-13    0.000000000000e+00    7.113600073577e-13   -3.271473532612e-13    7.113600073577e-13    3.271473532612e-13   -8.111650457235e-13    0.000000000000e+00
  87   -8.567638785928e-13    0.000000000000e+00    7.289074942587e-13   -3.556785129009e-13    7.289074942587e-13    3.556785129009e-13   -8.445375475341e-13    0.000000000000e+00
  88   -8.835353238965e-13    0.000000000000e+00    7.403913636697e-13   -3.842501945968e-13    7.403913636697e-13    3.842501945968e-13   -8.728224306503e-13    0.000000000000e+00
  89   -9.130341881852e-13    0.000000000000e+00    7.546146867099e-13   -4.153744134674e-13    7.546146867099e-13    4.153744134674e-13   -9.034783554976e-13    0.000000000000e+00
  90   -9.454101997791e-13    0.000000000000e+00    7.737227742180e-13   -4.485387213558e-13    7.737227742180e-13    4.485387213558e-13   -9.389913976574e-13    0.000000000000e+00
  91   -9.775296891390e-13    0.000000000000e+00    7.930955696865e-13   -4.806523018139e-13    7.930955696865e-13    4.806523018139e-13   -9.749630573361e-13    0.000000000000e+00
  92   -1.004764414031e-12    0.000000000000e+00    8.072710252008e-13   -5.090749328161e-13    8.072710252008e-13    5.090749328161e-13   -1.006321219930e-12    0.000000000000e+00
  93   -1.023284863962e-12    0.000000000000e+00    8.146303184971e-13   -5.337889418672e-13    8.146303184971e-13    5.337889418672e-13   -1.032785727599e-12    0.000000000000e+00
  94   -1.037164928594e-12    0.000000000000e+00    8.196518550690e-13   -5.588150385136e-13    8.196518550690e-13    5.588150385136e-13   -1.059438778026e-12    0.000000000000e+00
  95   -1.056777929054e-12    0.000000000000e+00    8.282549993077e-13   -5.887429216020e-13    8.282549993077e-13    5.887429216020e-13   -1.090420505626e-12    0.000000000000e+00
  96   -1.084344636651e-12    0.000000000000e+00    8.394940016580e-13   -6.217197438298e-13    8.394940016580e-13    6.217197438298e-13   -1.123042522692e-12    0.000000000000e+00
  97   -1.108626970607e-12    0.000000000000e+00    8.464946950858e-13   -6.494050631446e-13    8.464946950858e-13    6.494050631446e-13   -1.150967233847e-12    0.000000000000e+00
  98   -1.120959661899e-12    0.000000000000e+00    8.479955019430e-13   -6.679812410669e-13    8.479955019430e-13    6.679812410669e-13   -1.173810723100e-12    0.000000000000e+00
  99   -1.129046509063e-12    0.000000000000e+00    8.506843233308e-13   -6.863058298751e-13    8.506843233308e-13    6.863058298751e-13   -1.198445097501e-12    0.000000000000e+00
 100   -1.141477537492e-12    0.000000000000e+00    8.558257726630e-13   -7.138294946460e-13    8.558257726630e-13    7.138294946460e-13   -1.227023365725e-12    0.000000000000e+00
 101   -1.151542511520e-12    0.000000000000e+00    8.557473848460e-13   -7.460177224236e-13    8.557473848460e-13    7.460177224236e-13   -1.252657374530e-12    0.000000000000e+00
 102   -1.150167851585e-12    0.000000000000e+00    8.484998727937e-13   -7.713621408278e-13    8.484998727937e-13    7.713621408278e-13   -1.271438249822e-12    0.000000000000e+00
 103   -1.143540448965e-12    0.000000000000e+00    8.430074672182e-13   -7.881712860494e-13    8.430074672182e-13    7.881712860494e-13   -1.289277820789e-12    0.000000000000e+00
 104   -1.143263326890e-12    0.000000000000e+00    8.431209289755e-13   -8.055529442282e-13    8.431209289755e-13    8.055529442282e-13   -1.311830201758e-12    0.000000000000e+00
 105   -1.148113938990e-12    0.000000000000e+00    8.415057929992e-13   -8.291306009822e-13    8.415057929992e-13    8.291306009822e-13   -1.335932991835e-12    0.000000000000e+00
 106   -1.147072129122e-12    0.000000000000e+00    8.337337439358e-13   -8.540256175860e-13    8.337337439358e-13    8.540256175860e-13   -1.356026293857e-12    0.000000000000e+00
 107   -1.137789623802e-12    0.000000000000e+00    8.263144400493e-13   -8.740949045301e-13    8.263144400493e-13    8.740949045301e-13   -1.373991849116e-12    0.000000000000e+00
 108   -1.127505424095e-12    0.000000000000e+00    8.226265805697e-13   -8.880490743809e-13    8.226265805697e-13    8.880490743809e-13   -1.393090720905e-12    0.000000000000e+00
 109   -1.123862721636e-12    0.000000000000e+00    8.197999570858e-13   -9.021246748751e-13    8.197999570858e-13    9.021246748751e-13   -1.414362117008e-12    0.000000000000e+00
 110   -1.122880434468e-12    0.000000000000e+00    8.147428586826e-13   -9.209382388631e-13    8.147428586826e-13    9.209382388631e-13   -1.435815333815e-12    0.000000000000e+00
 111   -1.114660230436e-12    0.000000000000e+00    8.079945675206e-13   -9.432552395411e-13    8.079945675206e-13    9.432552395411e-13   -1.457054637534e-12    0.000000000000e+00
 112   -1.095705232275e-12    0.000000000000e+00    7.991492125166e-13   -9.620102024016e-13    7.991492125166e-13    9.620102024016e-13   -1.477279128019e-12    0.000000000000e+00
 113   -1.074869902286e-12    0.000000000000e+00    7.888579654954e-13   -9.741727823726e-13    7.888579654954e-13    9.741727823726e-13   -1.495848475468e-12    0.000000000000e+00
 114   -1.061211990679e-12    0.000000000000e+00    7.820330754499e-13   -9.861141851003e-13    7.820330754499e-13    9.861141851003e-13   -1.513838967376e-12    0.000000000000e+00
 115   -1.050437731590e-12    0.000000000000e+00    7.780447835483e-13   -1.001846609144e-12    7.780447835483e-13    1.001846609144e-12   -1.531392308969e-12    0.000000000000e+00
 116   -1.036870242443e-12    0.000000000000e+00    7.712936734607e-13   -1.018558284591e-12    7.712936734607e-13    1.018558284591e-12   -1.549602134977e-12    0.000000000000e+00
 117   -1.021681328948e-12    0.000000000000e+00    7.607908443855e-13   -1.030834922630e-12    7.607908443855e-13    1.030834922630e-12   -1.569006101258e-12    0.000000000000e+00
 118   -1.006668273046e-12    0.000000000000e+00    7.515329504548e-13   -1.039576844747e-12    7.515329504548e-13    1.039576844747e-12   -1.588194419727e-12    0.000000000000e+00
 119   -9.857970559649e-13    0.000000000000e+00    7.443388895696e-13   -1.045966698671e-12    7.443388895696e-13    1.045966698671e-12   -1.601916949784e-12    0.000000000000e+00
 120   -9.588960485016e-13    0.000000000000e+00    7.354232782648e-13   -1.051583299605e-12    7.354232782648e-13    1.051583299605e-12   -1.610657787698e-12    0.000000000000e+00
 121   -9.382431897381e-13    0.000000000000e+00    7.283554185125e-13   -1.054896187763e-12    7.283554185125e-13    1.054896187763e-12   -1.623874862702e-12    0.000000000000e+00
 122   -9.171790930906e-13    0.000000000000e+00    7.149287130186e-13   -1.066286490527e-12    7.149287130186e-13    1.066286490527e-12   -1.638421603251e-12    0.000000000000e+00
 123   -8.967359732374e-13    0.000000000000e+00    7.034940121761e-13   -1.074906439899e-12    7.034940121761e-13    1.074906439899e-12   -1.652511894684e-12    0.000000000000e+00
 124   -8.770564027642e-13    0.000000000000e+00    6.958954354604e-13   -1.080756794822e-12    6.958954354604e-13    1.080756794822e-12   -1.667518336954e-12    0.000000000000e+00
 125   -8.575444499469e-13    0.000000000000e+00    6.898183738634e-13   -1.086559011168e-12    6.898183738634e-13    1.086559011168e-12   -1.684127446874e-12    0.000000000000e+00
 126   -8.384569622800e-13    0.000000000000e+00    6.809361017754e-13   -1.093297436090e-12    6.809361017754e-13    1.093297436090e-12   -1.697848567468e-12    0.000000000000e+00
 127   -8.220928278402e-13    0.000000000000e+00    6.701526811780e-13   -1.099641861943e-12    6.701526811780e-13    1.099641861943e-12   -1.706638194481e-12    0.000000000000e+00
 128   -8.088443651834e-13    0.000000000000e+00    6.628971460296e-13   -1.103872201980e-12    6.628971460296e-13    1.103872201980e-12   -1.716279245459e-12    0.000000000000e+00
 129   -7.920623250161e-13    0.000000000000e+00    6.598804076947e-13   -1.104586908052e-12    6.598804076947e-13    1.104586908052e-12   -1.732441989345e-12    0.000000000000e+00
 130   -7.675329013850e-13    0.000000000000e+00    6.555754203386e-13   -1.103568083270e-12    6.555754203386e-13    1.103568083270e-12   -1.750894785060e-12    0.000000000000e+00
 131   -7.418869663565e-13    0.000000000000e+00    6.465108396553e-13   -1.105390193441e-12    6.465108396553e-13    1.105390193441e-12   -1.764479946702e-12    0.000000000000e+00
 132   -7.253667068038e-13    0.000000000000e+00    6.370921585425e-13   -1.111529705083e-12    6.370921585425e-13    1.111529705083e-12   -1.773698592514e-12    0.000000000000e+00
 133   -7.168718201521e-13    0.000000000000e+00    6.328728773680e-13   -1.117369434825e-12    6.328728773680e-13    1.117369434825e-12   -1.784216654629e-12    0.000000000000e+00
 134   -7.058706375483e-13    0.000000000000e+00    6.326321844857e-13   -1.117052847791e-12    6.326321844857e-13    1.117052847791e-12   -1.796318085598e-12    0.000000000000e+00
 135   -6.881700613005e-13    0.000000000000e+00    6.310402504359e-13   -1.112590054808e-12    6.310402504359e-13    1.112590054808e-12   -1.806406261552e-12    0.000000000000e+00
 136   -6.707697548444e-13    0.000000000000e+00    6.276643701314e-13   -1.111827427000e-12    6.276643701314e-13    1.111827427000e-12   -1.816033434743e-12    0.000000000000e+00
 137   -6.594352884928e-13    0.000000000000e+00    6.252804263945e-13   -1.117134271374e-12    6.252804263945e-13    1.117134271374e-12   -1.828997890641e-12    0.000000000000e+00
 138   -6.485045790303e-13    0.000000000000e+00    6.239966226021e-13   -1.122164102092e-12    6.239966226021e-13    1.122164102092e-12   -1.843539860699e-12    0.000000000000e+00
 139   -6.314015065997e-13    0.000000000000e+00    6.206149960261e-13   -1.120788466376e-12    6.206149960261e-13    1.120788466376e-12   -1.852593816201e-12    0.000000000000e+00
 140   -6.109470568338e-13    0.000000000000e+00    6.148148396640e-13   -1.115401824722e-12    6.148148396640e-13    1.115401824722e-12   -1.855089649602e-12    0.000000000000e+00
 141   -5.967343047648e-13    0.000000000000e+00    6.110671864346e-13   -1.112435772839e-12    6.110671864346e-13    1.112435772839e-12   -1.858397550430e-12    0.000000000000e+00
 142   -5.904673993674e-13    0.000000000000e+00    6.111628130662e-13   -1.113029807209e-12    6.111628130662e-13    1.113029807209e-12   -1.868542213318e-12    0.000000000000e+00
 143   -5.845647859000e-13    0.000000000000e+00    6.122946659241e-13   -1.114073568641e-12    6.122946659241e-13    1.114073568641e-12   -1.883103048494e-12    0.000000000000e+00
 144   -5.737725832650e-13    0.000000000000e+00    6.117354344436e-13   -1.113835803104e-12    6.117354344436e-13    1.113835803104e-12   -1.894895265003e-12    0.000000000000e+00
 145   -5.603299399991e-13    0.000000000000e+00    6.101665939000e-13   -1.112638193385e-12    6.101665939000e-13    1.112638193385e-12   -1.900091195495e-12    0.000000000000e+00
 146   -5.471475594647e-13    0.000000000000e+00    6.087143050899e-13   -1.110267043233e-12    6.087143050899e-13    1.110267043233e-12   -1.902075502311e-12    0.000000000000e+00
 147   -5.341852177612e-13    0.000000000000e+00    6.068030735003e-13   -1.106696548639e-12    6.068030735003e-13    1.106696548639e-12   -1.907502367865e-12    0.000000000000e+00
 148   -5.229877945642e-13    0.000000000000e+00    6.052211683205e-13   -1.103851710559e-12    6.052211683205e-13    1.103851710559e-12   -1.919124147792e-12    0.000000000000e+00
 149   -5.160405523036e-13    0.000000000000e+00    6.067209451857e-13   -1.102665376541e-12    6.067209451857e-13    1.102665376541e-12   -1.932280290634e-12    0.000000000000e+00
 150   -5.114967694189e-13    0.000000000000e+00    6.115063967346e-13   -1.100574601072e-12    6.115063967346e-13    1.100574601072e-12   -1.940545380635e-12    0.000000000000e+00
 151   -5.048219329541e-13    0.000000000000e+00    6.159182322149e-13   -1.095778632762e-12    6.159182322149e-13    1.095778632762e-12   -1.943573557303e-12    0.000000000000e+00
 152   -4.952637150217e-13    0.000000000000e+00    6.173865130070e-13   -1.090857330681e-12    6.173865130070e-13    1.090857330681e-12   -1.947464108379e-12    0.000000000000e+00
 153   -4.858236751261e-13    0.000000000000e+00    6.181352088172e-13   -1.089685524973e-12    6.181352088172e-13    1.089685524973e-12   -1.956573575032e-12    0.000000000000e+00
 154   -4.782260199822e-13    0.000000000000e+00    6.215772254542e-13   -1.091595780781e-12    6.215772254542e-13    1.091595780781e-12   -1.968550539591e-12    0.000000000000e+00
 155   -4.724443492671e-13    0.000000000000e+00    6.276560759848e-13   -1.092291730155e-12    6.276560759848e-13    1.092291730155e-12   -1.977922383170e-12    0.000000000000e+00
 156   -4.697450111182e-13    0.000000000000e+00    6.339772457009e-13   -1.089496114853e-12    6.339772457009e-13    1.089496114853e-12   -1.982803678191e-12    0.000000000000e+00
 157   -4.705717152748e-13    0.000000000000e+00    6.398650598087e-13   -1.084237517476e-12    6.398650598087e-13    1.084237517476e-12   -1.986484327726e-12    0.000000000000e+00
 158   -4.720772926216e-13    0.000000000000e+00    6.466470154481e-13   -1.077896235810e-12    6.466470154481e-13    1.077896235810e-12   -1.993038329859e-12    0.000000000000e+00
 159   -4.719161259686e-13    0.000000000000e+00    6.549835001625e-13   -1.071705766666e-12    6.549835001625e-13    1.071705766666e-12   -2.002646963192e-12    0.000000000000e+00
 160   -4.713527745198e-13    0.000000000000e+00    6.634873856923e-13   -1.067870184640e-12    6.634873856923e-13    1.067870184640e-12   -2.011776379165e-12    0.000000000000e+00
 161   -4.721788823651e-13    0.000000000000e+00    6.701433028292e-13   -1.067937405175e-12    6.701433028292e-13    1.067937405175e-12   -2.017953078942e-12    0.000000000000e+00
 162   -4.731363955138e-13    0.000000000000e+00    6.757477064891e-13   -1.069596993440e-12    6.757477064891e-13    1.069596993440e-12   -2.023054900685e-12    0.000000000000e+00
 163   -4.734927727679e-13    0.000000000000e+00    6.831875560068e-13   -1.068351461984e-12    6.831875560068e-13    1.068351461984e-12   -2.030371530626e-12    0.000000000000e+00
 164   -4.747774981322e-13    0.000000000000e+00    6.933143295584e-13   -1.063316101835e-12    6.933143295584e-13    1.063316101835e-12   -2.039872177423e-12    0.000000000000e+00
 165   -4.756648091901e-13    0.000000000000e+00    7.031726546522e-13   -1.058483162231e-12    7.031726546522e-13    1.058483162231e-12   -2.048302066154e-12    0.000000000000e+00
 166   -4.721277622327e-13    0.000000000000e+00    7.094218333441e-13   -1.056851546381e-12    7.094218333441e-13    1.056851546381e-12   -2.053532257434e-12    0.000000000000e+00
 167   -4.643236749952e-13    0.000000000000e+00    7.126273854872e-13   -1.055357298947e-12    7.126273854872e-13    1.055357298947e-12   -2.055886277191e-12    0.000000000000e+00
 168   -4.597550638807e-13    0.000000000000e+00    7.168087737958e-13   -1.049018510946e-12    7.168087737958e-13    1.049018510946e-12   -2.056359639860e-12    0.000000000000e+00
 169   -4.629670128167e-13    0.000000000000e+00    7.251416264328e-13   -1.038386824442e-12    7.251416264328e-13    1.038386824442e-12   -2.055947643034e-12    0.000000000000e+00
 170   -4.681602328027e-13    0.000000000000e+00    7.377648839069e-13   -1.029846021829e-12    7.377648839069e-13    1.029846021829e-12   -2.057445793596e-12    0.000000000000e+00
 171   -4.671268797121e-13    0.000000000000e+00    7.520693052696e-13   -1.027751668492e-12    7.520693052696e-13    1.027751668492e-12   -2.063869040947e-12    0.000000000000e+00
 172   -4.618626444838e-13    0.000000000000e+00    7.652231712868e-13   -1.029356829808e-12    7.652231712868e-13    1.029356829808e-12   -2.074767874866e-12    0.000000000000e+00
 173   -4.618693123272e-13    0.000000000000e+00    7.763906162937e-13   -1.029029509172e-12    7.763906162937e-13    1.029029509172e-12   -2.085870105112e-12    0.000000000000e+00
 174   -4.701561405820e-13    0.000000000000e+00    7.870677308681e-13   -1.025218863797e-12    7.870677308681e-13    1.025218863797e-12   -2.093086337931e-12    0.000000000000e+00
 175   -4.789790526011e-13    0.000000000000e+00    7.990781430642e-13   -1.020399910401e-12    7.990781430642e-13    1.020399910401e-12   -2.095174728156e-12    0.000000000000e+00
 176   -4.816719939571e-13    0.000000000000e+00    8.118053755266e-13   -1.016005422155e-12    8.118053755266e-13    1.016005422155e-12   -2.093720162522e-12    0.000000000000e+00
 177   -4.822095413942e-13    0.000000000000e+00    8.230098460377e-13   -1.010908262482e-12    8.230098460377e-13    1.010908262482e-12   -2.092396785350e-12    0.000000000000e+00
 178   -4.895558784745e-13    0.000000000000e+00    8.326787610119e-13   -1.005177928740e-12    8.326787610119e-13    1.005177928740e-12   -2.095070427907e-12    0.000000000000e+00
 179   -5.058215131470e-13    0.000000000000e+00    8.440542102056e-13   -1.002096951426e-12    8.440542102056e-13    1.002096951426e-12   -2.103127784772e-12    0.000000000000e+00
 180   -5.240345917618e-13    0.000000000000e+00    8.600858740493e-13   -1.003439410556e-12    8.600858740493e-13    1.003439410556e-12   -2.114613605747e-12    0.000000000000e+00
 181   -5.365419480236e-13    0.000000000000e+00    8.792760898720e-13   -1.005007058477e-12    8.792760898720e-13    1.005007058477e-12   -2.125641676565e-12    0.000000000000e+00
 182   -5.422880026973e-13    0.000000000000e+00    8.968975193611e-13   -1.000848167364e-12    8.968975193611e-13    1.000848167364e-12   -2.132701567431e-12    0.000000000000e+00
 183   -5.472204720608e-13    0.000000000000e+00    9.106982746046e-13   -9.918653355243e-13    9.106982746046e-13    9.918653355243e-13   -2.135065561848e-12    0.000000000000e+00
 184   -5.592040502531e-13    0.000000000000e+00    9.233190384136e-13   -9.862736712399e-13    9.233190384136e-13    9.862736712399e-13   -2.136010552461e-12    0.000000000000e+00
 185   -5.801456320551e-13    0.000000000000e+00    9.396518936208e-13   -9.885656746325e-13    9.396518936208e-13    9.885656746325e-13   -2.139593840642e-12    0.000000000000e+00
 186   -6.021651276569e-13    0.000000000000e+00    9.606373856108e-13   -9.919813451567e-13    9.606373856108e-13    9.919813451567e-13   -2.145598585954e-12    0.000000000000e+00
 187   -6.149715068779e-13    0.000000000000e+00    9.810894501319e-13   -9.866149780838e-13    9.810894501319e-13    9.866149780838e-13   -2.149785341063e-12    0.000000000000e+00
 188   -6.174186596014e-13    0.000000000000e+00    9.957144700770e-13   -9.727806667831e-13    9.957144700770e-13    9.727806667831e-13   -2.149391125153e-12    0.000000000000e+00
 189   -6.190201346304e-13    0.000000000000e+00    1.006253782555e-12   -9.608521660612e-13    1.006253782555e-12    9.608521660612e-13   -2.146108377815e-12    0.000000000000e+00
 190   -6.283364670581e-13    0.000000000000e+00    1.020622280266e-12   -9.574591553624e-13    1.020622280266e-12    9.574591553624e-13   -2.142972431451e-12    0.000000000000e+00
 191   -6.450982326447e-13    0.000000000000e+00    1.043507511303e-12   -9.577870180993e-13    1.043507511303e-12    9.577870180993e-13   -2.140890763280e-12    0.000000000000e+00
 192   -6.635282601142e-13    0.000000000000e+00    1.070080222348e-12   -9.536494857687e-13    1.070080222348e-12    9.536494857687e-13   -2.139973311402e-12    0.000000000000e+00
 193   -6.790564204689e-13    0.000000000000e+00    1.091568458886e-12   -9.441140360819e-13    1.091568458886e-12    9.441140360819e-13   -2.141265463551e-12    0.000000000000e+00
 194   -6.907792480387e-13    0.000000000000e+00    1.105873530770e-12   -9.341673485111e-13    1.105873530770e-12    9.341673485111e-13   -2.143433000534e-12    0.000000000000e+00
 195   -7.016198603008e-13    0.000000000000e+00    1.120072025580e-12   -9.267953158393e-13    1.120072025580e-12    9.267953158393e-13   -2.141596145214e-12    0.000000000000e+00
 196   -7.159954053260e-13    0.000000000000e+00    1.141098391992e-12   -9.213107707295e-13    1.141098391992e-12    9.213107707295e-13   -2.135588580976e-12    0.000000000000e+00
 197   -7.357830707558e-13    0.000000000000e+00    1.167769873855e-12   -9.179506113566e-13    1.167769873855e-12    9.179506113566e-13   -2.135210844939e-12    0.000000000000e+00
 198   -7.581284775307e-13    0.000000000000e+00    1.194397662371e-12   -9.177401677149e-13    1.194397662371e-12    9.177401677149e-13   -2.147256331075e-12    0.000000000000e+00
 199   -7.793265815667e-13    0.000000000000e+00    1.218284154114e-12   -9.180082909122e-13    1.218284154114e-12    9.180082909122e-13   -2.162268628036e-12    0.000000000000e+00
 200   -7.972766869445e-13    0.000000000000e+00    1.240225695580e-12   -9.133827591837e-13    1.240225695580e-12    9.133827591837e-13   -2.165100997792e-12    0.000000000000e+00
 201   -8.108753469030e-13    0.000000000000e+00    1.261366662161e-12   -9.031464270025e-13    1.261366662161e-12    9.031464270025e-13   -2.157038436756e-12    0.000000000000e+00
 202   -8.212840672296e-13    0.000000000000e+00    1.282509905567e-12   -8.932022330967e-13    1.282509905567e-12    8.932022330967e-13   -2.153860857029e-12    0.000000000000e+00
 203   -8.348644041714e-13    0.000000000000e+00    1.305257876609e-12   -8.881773897081e-13    1.305257876609e-12    8.881773897081e-13   -2.161004231463e-12    0.000000000000e+00
 204   -8.595510371176e-13    0.000000000000e+00    1.330816750203e-12   -8.858487402820e-13    1.330816750203e-12    8.858487402820e-13   -2.166425242325e-12    0.000000000000e+00
 205   -8.942720153803e-13    0.000000000000e+00    1.358571783718e-12   -8.822243066295e-13    1.358571783718e-12    8.822243066295e-13   -2.161474775206e-12    0.000000000000e+00
 206   -9.266034120547e-13    0.000000000000e+00    1.386689049178e-12   -8.777974007390e-13    1.386689049178e-12    8.777974007390e-13   -2.154924242520e-12    0.000000000000e+00
 207   -9.459096917200e-13    0.000000000000e+00    1.412847811834e-12   -8.747545873419e-13    1.412847811834e-12    8.747545873419e-13   -2.158044142692e-12    0.000000000000e+00
 208   -9.565633875275e-13    0.000000000000e+00    1.435873555472e-12   -8.706713735401e-13    1.435873555472e-12    8.706713735401e-13   -2.164507939204e-12    0.000000000000e+00
 209   -9.735502334851e-13    0.000000000000e+00    1.457938804406e-12   -8.607315164430e-13    1.457938804406e-12    8.607315164430e-13   -2.159409153227e-12    0.000000000000e+00
 210   -1.004682665187e-12    0.000000000000e+00    1.484016902420e-12   -8.462253250560e-13    1.484016902420e-12    8.462253250560e-13   -2.143933251417e-12    0.000000000000e+00
 211   -1.042471556127e-12    0.000000000000e+00    1.516476397581e-12   -8.351466219969e-13    1.516476397581e-12    8.351466219969e-13   -2.135981929524e-12    0.000000000000e+00
 212   -1.073997661638e-12    0.000000000000e+00    1.551652361285e-12   -8.321498871922e-13    1.551652361285e-12    8.321498871922e-13   -2.144854823263e-12    0.000000000000e+00
 213   -1.094645533072e-12    0.000000000000e+00    1.583622772847e-12   -8.320408164536e-13    1.583622772847e-12    8.320408164536e-13   -2.158076668757e-12    0.000000000000e+00
 214   -1.109829459237e-12    0.000000000000e+00    1.611741989871e-12   -8.266858335035e-13    1.611741989871e-12    8.266858335035e-13   -2.160273262358e-12    0.000000000000e+00
 215   -1.127086054695e-12    0.000000000000e+00    1.640929471296e-12   -8.158593700798e-13    1.640929471296e-12    8.158593700798e-13   -2.153658761744e-12    0.000000000000e+00
 216   -1.149972695194e-12    0.000000000000e+00    1.673504217148e-12   -8.063962908880e-13    1.673504217148e-12    8.063962908880e-13   -2.150392927960e-12    0.000000000000e+00
 217   -1.177449414011e-12    0.000000000000e+00    1.705772025365e-12   -8.015687722948e-13    1.705772025365e-12    8.015687722948e-13   -2.152370512723e-12    0.000000000000e+00
 218   -1.206302527486e-12    0.000000000000e+00    1.733923876875e-12   -7.969247007092e-13    1.733923876875e-12    7.969247007092e-13   -2.150742474741e-12    0.000000000000e+00
 219   -1.233302956288e-12    0.000000000000e+00    1.759483617830e-12   -7.882391571054e-13    1.759483617830e-12    7.882391571054e-13   -2.142256858018e-12    0.000000000000e+00
 220   -1.256631300753e-12    0.000000000000e+00    1.785489941661e-12   -7.784874090852e-13    1.785489941661e-12    7.784874090852e-13   -2.135000076037e-12    0.000000000000e+00
 221   -1.277472051753e-12    0.000000000000e+00    1.811987625916e-12   -7.733474234259e-13    1.811987625916e-12    7.733474234259e-13   -2.136054137389e-12    0.000000000000e+00
 222   -1.300891035519e-12    0.000000000000e+00    1.839946164178e-12   -7.730047071192e-13    1.839946164178e-12    7.730047071192e-13   -2.141507023795e-12    0.000000000000e+00
 223   -1.333063650785e-12    0.000000000000e+00    1.874757727532e-12   -7.728260306011e-13    1.874757727532e-12    7.728260306011e-13   -2.142743881633e-12    0.000000000000e+00
 224   -1.373569552370e-12    0.000000000000e+00    1.919129785644e-12   -7.699798914781e-13    1.919129785644e-12    7.699798914781e-13   -2.137872778113e-12    0.000000000000e+00
 225   -1.413130897021e-12    0.000000000000e+00    1.965572019383e-12   -7.655799822218e-13    1.965572019383e-12    7.655799822218e-13   -2.132630010088e-12    0.000000000000e+00
 226   -1.442147399763e-12    0.000000000000e+00    2.003479630461e-12   -7.608342124724e-13    2.003479630461e-12    7.608342124724e-13   -2.131392284888e-12    0.000000000000e+00
 227   -1.461671929326e-12    0.000000000000e+00    2.032839825292e-12   -7.550790505004e-13    2.032839825292e-12    7.550790505004e-13   -2.131290803564e-12    0.000000000000e+00
 228   -1.481308131712e-12    0.000000000000e+00    2.063183391493e-12   -7.479155099063e-13    2.063183391493e-12    7.479155099063e-13   -2.125587466456e-12    0.000000000000e+00
 229   -1.506956018305e-12    0.000000000000e+00    2.098462462824e-12   -7.394976558189e-13    2.098462462824e-12    7.394976558189e-13   -2.110613333411e-12    0.000000000000e+00
 230   -1.534981668681e-12    0.000000000000e+00    2.132622637513e-12   -7.287905630544e-13    2.132622637513e-12    7.287905630544e-13   -2.089609735245e-12    0.000000000000e+00
 231   -1.559733462178e-12    0.000000000000e+00    2.162527969196e-12   -7.153889568408e-13    2.162527969196e-12    7.153889568408e-13   -2.071253325103e-12    0.000000000000e+00
 232   -1.582888876396e-12    0.000000000000e+00    2.195073116329e-12   -7.034883201147e-13    2.195073116329e-12    7.034883201147e-13   -2.062990186666e-12    0.000000000000e+00
 233   -1.611050919406e-12    0.000000000000e+00    2.236070053077e-12   -6.989564634539e-13    2.236070053077e-12    6.989564634539e-13   -2.062884151693e-12    0.000000000000e+00
 234   -1.644854716841e-12    0.000000000000e+00    2.280444930114e-12   -7.004897421663e-13    2.280444930114e-12    7.004897421663e-13   -2.060041156757e-12    0.000000000000e+00
 235   -1.677317139348e-12    0.000000000000e+00    2.321341686581e-12   -7.004680581228e-13    2.321341686581e-12    7.004680581228e-13   -2.048371455093e-12    0.000000000000e+00
 236   -1.703612077797e-12    0.000000000000e+00    2.360210551305e-12   -6.957609943910e-13    2.360210551305e-12    6.957609943910e-13   -2.034196162209e-12    0.000000000000e+00
 237   -1.727658272520e-12    0.000000000000e+00    2.401258445556e-12   -6.906019809835e-13    2.401258445556e-12    6.906019809835e-13   -2.024852291047e-12    0.000000000000e+00
 238   -1.755424798577e-12    0.000000000000e+00    2.442089065691e-12   -6.868791559839e-13    2.442089065691e-12    6.868791559839e-13   -2.015863170834e-12    0.000000000000e+00
 239   -1.786659362124e-12    0.000000000000e+00    2.479308642070e-12   -6.800510675420e-13    2.479308642070e-12    6.800510675420e-13   -1.999866635141e-12    0.000000000000e+00
 240   -1.816946007711e-12    0.000000000000e+00    2.516753732501e-12   -6.681599175849e-13    2.516753732501e-12    6.681599175849e-13   -1.981086735631e-12    0.000000000000e+00
 241   -1.844475093493e-12    0.000000000000e+00    2.559426412127e-12   -6.561791583183e-13    2.559426412127e-12    6.561791583183e-13   -1.967284841975e-12    0.000000000000e+00
 242   -1.871535261835e-12    0.000000000000e+00    2.604432077988e-12   -6.477210261202e-13    2.604432077988e-12    6.477210261202e-13   -1.954105930888e-12    0.000000000000e+00
 243   -1.901390503378e-12    0.000000000000e+00    2.646157815436e-12   -6.400865623125e-13    2.646157815436e-12    6.400865623125e-13   -1.932904357405e-12    0.000000000000e+00
 244   -1.934063152687e-12    0.000000000000e+00    2.686094402460e-12   -6.309553031957e-13    2.686094402460e-12    6.309553031957e-13   -1.909421188870e-12    0.000000000000e+00
 245   -1.964740002636e-12    0.000000000000e+00    2.729876437749e-12   -6.225202645038e-13    2.729876437749e-12    6.225202645038e-13   -1.896425941630e-12    0.000000000000e+00
 246   -1.988036037875e-12    0.000000000000e+00    2.777124233702e-12   -6.151402629460e-13    2.777124233702e-12    6.151402629460e-13   -1.889449751172e-12    0.000000000000e+00
 247   -2.005537879865e-12    0.000000000000e+00    2.822203842151e-12   -6.047116475096e-13    2.822203842151e-12    6.047116475096e-13   -1.869790563699e-12    0.000000000000e+00
 248   -2.025605811556e-12    0.000000000000e+00    2.863110573278e-12   -5.904890292008e-13    2.863110573278e-12    5.904890292008e-13   -1.833716772176e-12    0.000000000000e+00
 249   -2.053262941615e-12    0.000000000000e+00    2.903767287385e-12   -5.789931251457e-13    2.903767287385e-12    5.789931251457e-13   -1.800095554387e-12    0.000000000000e+00
 250   -2.085658685688e-12    0.000000000000e+00    2.948218709095e-12   -5.748234462206e-13    2.948218709095e-12    5.748234462206e-13   -1.782236576202e-12    0.000000000000e+00
 251   -2.119211056639e-12    0.000000000000e+00    2.997554895273e-12   -5.730561966795e-13    2.997554895273e-12    5.730561966795e-13   -1.768900564220e-12    0.000000000000e+00
 252   -2.153098229221e-12    0.000000000000e+00    3.050107041935e-12   -5.660572921853e-13    3.050107041935e-12    5.660572921853e-13   -1.743344943232e-12    0.000000000000e+00
 253   -2.182787804672e-12    0.000000000000e+00    3.102050734338e-12   -5.537619516584e-13    3.102050734338e-12    5.537619516584e-13   -1.707651923512e-12    0.000000000000e+00
 254   -2.200358601920e-12    0.000000000000e+00    3.149274461003e-12   -5.419577547155e-13    3.149274461003e-12    5.419577547155e-13   -1.676371172953e-12    0.000000000000e+00
 255   -2.206333856933e-12    0.000000000000e+00    3.192330731358e-12   -5.321635601803e-13    3.192330731358e-12    5.321635601803e-13   -1.652889847562e-12    0.000000000000e+00
 256   -2.212309545627e-12    0.000000000000e+00    3.236743121790e-12   -5.192624758996e-13    3.236743121790e-12    5.192624758996e-13   -1.625112154222e-12    0.000000000000e+00
 257   -2.226200560701e-12    0.000000000000e+00    3.286680172812e-12   -5.000874931174e-13    3.286680172812e-12    5.000874931174e-13   -1.583431194323e-12    0.000000000000e+00
 258   -2.242890768944e-12    0.000000000000e+00    3.339834268520e-12   -4.790463815560e-13    3.339834268520e-12    4.790463815560e-13   -1.533059161389e-12    0.000000000000e+00
 259   -2.256422045738e-12    0.000000000000e+00    3.391476119038e-12   -4.628703019829e-13    3.391476119038e-12    4.628703019829e-13   -1.485820364314e-12    0.000000000000e+00
 260   -2.270613818495e-12    0.000000000000e+00    3.440748987810e-12   -4.524981734796e-13    3.440748987810e-12    4.524981734796e-13   -1.444286964331e-12    0.000000000000e+00
 261   -2.289136762090e-12    0.000000000000e+00    3.489370467916e-12   -4.427036536837e-13    3.489370467916e-12    4.427036536837e-13   -1.398052680568e-12    0.000000000000e+00
 262   -2.304559104313e-12    0.000000000000e+00    3.536721696756e-12   -4.281025403965e-13    3.536721696756e-12    4.281025403965e-13   -1.338470350179e-12    0.000000000000e+00
 263   -2.309090852554e-12    0.000000000000e+00    3.582058044280e-12   -4.074729377697e-13    3.582058044280e-12    4.074729377697e-13   -1.272808898209e-12    0.000000000000e+00
 264   -2.309266493306e-12    0.000000000000e+00    3.629555423573e-12   -3.844964711203e-13    3.629555423573e-12    3.844964711203e-13   -1.218347146260e-12    0.000000000000e+00
 265   -2.317565627255e-12    0.000000000000e+00    3.684674960980e-12   -3.654806492170e-13    3.684674960980e-12    3.654806492170e-13   -1.179473836307e-12    0.000000000000e+00
 266   -2.331504347225e-12    0.000000000000e+00    3.744673408163e-12   -3.532369709236e-13    3.744673408163e-12    3.532369709236e-13   -1.138575995638e-12    0.000000000000e+00
 267   -2.337219393717e-12    0.000000000000e+00    3.800458645703e-12   -3.430050297612e-13    3.800458645703e-12    3.430050297612e-13   -1.077995982410e-12    0.000000000000e+00
 268   -2.331775180928e-12    0.000000000000e+00    3.848754214636e-12   -3.265131220953e-13    3.848754214636e-12    3.265131220953e-13   -1.002667024928e-12    0.000000000000e+00
 269   -2.327215243431e-12    0.000000000000e+00    3.896583576635e-12   -3.018512089586e-13    3.896583576635e-12    3.018512089586e-13   -9.318474811226e-13    0.000000000000e+00
 270   -2.329423112735e-12    0.000000000000e+00    3.950826211324e-12   -2.759539558667e-13    3.950826211324e-12    2.759539558667e-13   -8.722630907496e-13    0.000000000000e+00
 271   -2.327395220991e-12    0.000000000000e+00    4.009623362500e-12   -2.551101691006e-13    4.009623362500e-12    2.551101691006e-13   -8.104766857642e-13    0.000000000000e+00
 272   -2.311455931173e-12    0.000000000000e+00    4.068153366260e-12   -2.368358330632e-13    4.068153366260e-12    2.368358330632e-13   -7.331471042239e-13    0.000000000000e+00
 273   -2.290785616754e-12    0.000000000000e+00    4.128319214258e-12   -2.150056391606e-13    4.128319214258e-12    2.150056391606e-13   -6.446202079069e-13    0.000000000000e+00
 274   -2.283361867639e-12    0.000000000000e+00    4.195160278192e-12   -1.905377982128e-13    4.195160278192e-12    1.905377982128e-13   -5.601917584322e-13    0.000000000000e+00
 275   -2.292361829873e-12    0.000000000000e+00    4.265656838170e-12   -1.696206109597e-13    4.265656838170e-12    1.696206109597e-13   -4.860689758676e-13    0.000000000000e+00
 276   -2.299616443449e-12    0.000000000000e+00    4.329410094317e-12   -1.516872565055e-13    4.329410094317e-12    1.516872565055e-13   -4.123812294247e-13    0.000000000000e+00
 277   -2.284099992478e-12    0.000000000000e+00    4.382823097504e-12   -1.274036215068e-13    4.382823097504e-12    1.274036215068e-13   -3.274519598615e-13    0.000000000000e+00
 278   -2.242062438484e-12    0.000000000000e+00    4.435362233740e-12   -9.183669449908e-14    4.435362233740e-12    9.183669449908e-14   -2.327432409126e-13    0.000000000000e+00
 279   -2.189471477385e-12    0.000000000000e+00    4.496721571490e-12   -5.320440268908e-14    4.496721571490e-12    5.320440268908e-14   -1.380621826716e-13    0.000000000000e+00
 280   -2.145949650617e-12    0.000000000000e+00    4.562556929488e-12   -2.351938088729e-14    4.562556929488e-12    2.351938088729e-14   -4.649822939336e-14    0.000000000000e+00
 281   -2.116045186296e-12    0.000000000000e+00    4.621526685650e-12   -4.982559503874e-15    4.621526685650e-12    4.982559503874e-15    4.820116202876e-14    0.000000000000e+00
 282   -2.087158354133e-12    0.000000000000e+00    4.672876668943e-12    1.143681503668e-14    4.672876668943e-12   -1.143681503668e-14    1.509643240494e-13    0.000000000000e+00
 283   -2.044832185522e-12    0.000000000000e+00    4.728254680147e-12    3.570028387495e-14    4.728254680147e-12   -3.570028387495e-14    2.598315171961e-13    0.000000000000e+00
 284   -1.988641239528e-12    0.000000000000e+00    4.795208501107e-12    7.006786643948e-14    4.795208501107e-12   -7.006786643948e-14    3.723996480111e-13    0.000000000000e+00
 285   -1.931383872278e-12    0.000000000000e+00    4.868281992809e-12    1.090991446490e-13    4.868281992809e-12   -1.090991446490e-13    4.911754054697e-13    0.000000000000e+00
 286   -1.882085199495e-12    0.000000000000e+00    4.937670931848e-12    1.465448856014e-13    4.937670931848e-12   -1.465448856014e-13    6.210832629444e-13    0.000000000000e+00
 287   -1.834064584233e-12    0.000000000000e+00    5.000017760937e-12    1.816807338254e-13    5.000017760937e-12   -1.816807338254e-13    7.632170720070e-13    0.000000000000e+00
 288   -1.773342432100e-12    0.000000000000e+00    5.058281918324e-12    2.176964121123e-13    5.058281918324e-12   -2.176964121123e-13    9.130605342980e-13    0.000000000000e+00
 289   -1.696447561421e-12    0.000000000000e+00    5.116074664607e-12    2.550639820881e-13    5.116074664607e-12   -2.550639820881e-13    1.063971502048e-12    0.000000000000e+00
 290   -1.611923051634e-12    0.000000000000e+00    5.176369749504e-12    2.911601081762e-13    5.176369749504e-12   -2.911601081762e-13    1.214851678456e-12    0.000000000000e+00
 291   -1.526292221950e-12    0.000000000000e+00    5.239717947719e-12    3.264125081337e-13    5.239717947719e-12   -3.264125081337e-13    1.373529870570e-12    0.000000000000e+00
 292   -1.436171168968e-12    0.000000000000e+00    5.302945148972e-12    3.646897237322e-13    5.302945148972e-12   -3.646897237322e-13    1.546574717251e-12    0.000000000000e+00
 293   -1.336793739939e-12    0.000000000000e+00    5.361339844301e-12    4.061473379835e-13    5.361339844301e-12   -4.061473379835e-13    1.727726577257e-12    0.000000000000e+00
 294   -1.231257717310e-12    0.000000000000e+00    5.415768961764e-12    4.466036915285e-13    5.415768961764e-12   -4.466036915285e-13    1.903626345098e-12    0.000000000000e+00
 295   -1.123481190891e-12    0.000000000000e+00    5.473674465073e-12    4.867183045487e-13    5.473674465073e-12   -4.867183045487e-13    2.074076804401e-12    0.000000000000e+00
 296   -1.009494896530e-12    0.000000000000e+00    5.540148201311e-12    5.344722060763e-13    5.540148201311e-12   -5.344722060763e-13    2.255453419517e-12    0.000000000000e+00
 297   -8.822228971667e-13    0.000000000000e+00    5.609214915464e-12    5.931277604482e-13    5.609214915464e-12   -5.931277604482e-13    2.458305477585e-12    0.000000000000e+00
 298   -7.422156422451e-13    0.000000000000e+00    5.669353007887e-12    6.536318795242e-13    5.669353007887e-12   -6.536318795242e-13    2.672826586794e-12    0.000000000000e+00
 299   -5.964450938353e-13    0.000000000000e+00    5.718431370788e-12    7.063744120878e-13    5.718431370788e-12   -7.063744120878e-13    2.884790496760e-12    0.000000000000e+00
 300   -4.475315788528e-13    0.000000000000e+00    5.767980277432e-12    7.550553064728e-13    5.767980277432e-12   -7.550553064728e-13    3.097090075718e-12    0.000000000000e+00
 301   -2.873200267116e-13    0.000000000000e+00    5.825853688357e-12    8.114846685239e-13    5.825853688357e-12   -8.114846685239e-13    3.324357282508e-12    0.000000000000e+00
 302   -1.056365417232e-13    0.000000000000e+00    5.881790714202e-12    8.794331365566e-13    5.881790714202e-12   -8.794331365566e-13    3.572620498049e-12    0.000000000000e+00
 303    9.644084033970e-14    0.000000000000e+00    5.921956067884e-12    9.513681075574e-13    5.921956067884e-12   -9.513681075574e-13    3.834428000810e-12    0.000000000000e+00
 304    3.045782755780e-13    0.000000000000e+00    5.954271797837e-12    1.020140135560e-12    5.954271797837e-12   -1.020140135560e-12    4.100188938372e-12    0.000000000000e+00
 305    5.048276250155e-13    0.000000000000e+00    6.003020563278e-12    1.086690633312e-12    6.003020563278e-12   -1.086690633312e-12    4.363956678660e-12    0.000000000000e+00
 306    6.987954052212e-13    0.000000000000e+00    6.074030167724e-12    1.155355108459e-12    6.074030167724e-12   -1.155355108459e-12    4.623988691943e-12    0.000000000000e+00
 307    9.044555469157e-13    0.000000000000e+00    6.140154357182e-12    1.228315192614e-12    6.140154357182e-12   -1.228315192614e-12    4.889568784583e-12    0.000000000000e+00
 308    1.139547657625e-12    0.000000000000e+00    6.173898198236e-12    1.305003414359e-12    6.173898198236e-12   -1.305003414359e-12    5.178386365545e-12    0.000000000000e+00
 309    1.403117747857e-12    0.000000000000e+00    6.183695916429e-12    1.383384726217e-12    6.183695916429e-12   -1.383384726217e-12    5.495270904987e-12    0.000000000000e+00
 310    1.678173875905e-12    0.000000000000e+00    6.201917018139e-12    1.460916023571e-12    6.201917018139e-12   -1.460916023571e-12    5.819227478360e-12    0.000000000000e+00
 311    1.954680124358e-12    0.000000000000e+00    6.243091113523e-12    1.537452673853e-12    6.243091113523e-12   -1.537452673853e-12    6.128087187002e-12    0.000000000000e+00
 312    2.243487080139e-12    0.000000000000e+00    6.289940790438e-12    1.616209336502e-12    6.289940790438e-12   -1.616209336502e-12    6.431531088952e-12    0.000000000000e+00
 313    2.557850849530e-12    0.000000000000e+00    6.323294318711e-12    1.699764027446e-12    6.323294318711e-12   -1.699764027446e-12    6.762626483109e-12    0.000000000000e+00
 314    2.888919355473e-12    0.000000000000e+00    6.347817237129e-12    1.787121123829e-12    6.347817237129e-12   -1.787121123829e-12    7.132284346456e-12    0.000000000000e+00
 315    3.213413693123e-12    0.000000000000e+00    6.379004529461e-12    1.877503361114e-12    6.379004529461e-12   -1.877503361114e-12    7.513845448615e-12    0.000000000000e+00
 316    3.524660381268e-12    0.000000000000e+00    6.416103759399e-12    1.972530645766e-12    6.416103759399e-12   -1.972530645766e-12    7.880006543115e-12    0.000000000000e+00
 317    3.843073428933e-12    0.000000000000e+00    6.441603327134e-12    2.071464094006e-12    6.441603327134e-12   -2.071464094006e-12    8.241700724665e-12    0.000000000000e+00
 318    4.191047248830e-12    0.000000000000e+00    6.448597298508e-12    2.168636797917e-12    6.448597298508e-12   -2.168636797917e-12    8.626674895262e-12    0.000000000000e+00
 319    4.569610315142e-12    0.000000000000e+00    6.451777480321e-12    2.260866840964e-12    6.451777480321e-12   -2.260866840964e-12    9.035121609213e-12    0.000000000000e+00
 320    4.966731019518e-12    0.000000000000e+00    6.465737233813e-12    2.351100217290e-12    6.465737233813e-12   -2.351100217290e-12    9.441590738402e-12    0.000000000000e+00
 321    5.375614883785e-12    0.000000000000e+00    6.481640311279e-12    2.443225743248e-12    6.481640311279e-12   -2.443225743248e-12    9.840613567069e-12    0.000000000000e+00
 322    5.797857853540e-12    0.000000000000e+00    6.479892577377e-12    2.537788555690e-12    6.479892577377e-12   -2.537788555690e-12    1.025957617473e-11    0.000000000000e+00
 323    6.234766175561e-12    0.000000000000e+00    6.460877839676e-12    2.635773110188e-12    6.460877839676e-12   -2.635773110188e-12    1.071601574837e-11    0.000000000000e+00
 324    6.685671547629e-12    0.000000000000e+00    6.446897703183e-12    2.740267214529e-12    6.446897703183e-12   -2.740267214529e-12    1.118920841398e-11    0.000000000000e+00
 325    7.152944903055e-12    0.000000000000e+00    6.449165854128e-12    2.849983703895e-12    6.449165854128e-12   -2.849983703895e-12    1.164972025097e-11    0.000000000000e+00
 326    7.639727392372e-12    0.000000000000e+00    6.450104773209e-12    2.956780219970e-12    6.450104773209e-12   -2.956780219970e-12    1.210090968401e-11    0.000000000000e+00
 327    8.143409557793e-12    0.000000000000e+00    6.426653046537e-12    3.056712218411e-12    6.426653046537e-12   -3.056712218411e-12    1.257005177030e-11    0.000000000000e+00
 328    8.657173068694e-12    0.000000000000e+00    6.380455191968e-12    3.160873689526e-12    6.380455191968e-12   -3.160873689526e-12    1.307129231243e-11    0.000000000000e+00
 329    9.182024064691e-12    0.000000000000e+00    6.333388674618e-12    3.287021913337e-12    6.333388674618e-12   -3.287021913337e-12    1.359488997071e-11    0.000000000000e+00
 330    9.724107803699e-12    0.000000000000e+00    6.297213184930e-12    3.436855400968e-12    6.297213184930e-12   -3.436855400968e-12    1.413035573966e-11    0.000000000000e+00
 331    1.028524227592e-11    0.000000000000e+00    6.262435448684e-12    3.588272474292e-12    6.262435448684e-12   -3.588272474292e-12    1.467846504066e-11    0.000000000000e+00
 332    1.085967947512e-11    0.000000000000e+00    6.215525490127e-12    3.720337406199e-12    6.215525490127e-12   -3.720337406199e-12    1.524123188767e-11    0.000000000000e+00
 333    1.144559967636e-11    0.000000000000e+00    6.156701884419e-12    3.839547603468e-12    6.156701884419e-12   -3.839547603468e-12    1.581258735062e-11    0.000000000000e+00
 334    1.205020458417e-11    0.000000000000e+00    6.093741830582e-12    3.970699203465e-12    6.093741830582e-12   -3.970699203465e-12    1.638552661609e-11    0.000000000000e+00
 335    1.267889699480e-11    0.000000000000e+00    6.030860706663e-12    4.122884759289e-12    6.030860706663e-12   -4.122884759289e-12    1.696116164185e-11    0.000000000000e+00
 336    1.332749709204e-11    0.000000000000e+00    5.966413561126e-12    4.280083232278e-12    5.966413561126e-12   -4.280083232278e-12    1.755030148987e-11    0.000000000000e+00
 337    1.398763310040e-11    0.000000000000e+00    5.899106723939e-12    4.425853780687e-12    5.899106723939e-12   -4.425853780687e-12    1.816279765476e-11    0.000000000000e+00
 338    1.465666303602e-11    0.000000000000e+00    5.828709910560e-12    4.563792919965e-12    5.828709910560e-12   -4.563792919965e-12    1.879605152078e-11    0.000000000000e+00
 339    1.534211993559e-11    0.000000000000e+00    5.752981858259e-12    4.709592091312e-12    5.752981858259e-12   -4.709592091312e-12    1.943857227960e-11    0.000000000000e+00
 340    1.605490740353e-11    0.000000000000e+00    5.670175700495e-12    4.871276125529e-12    5.670175700495e-12   -4.871276125529e-12    2.008342624149e-11    0.000000000000e+00
 341    1.679602811000e-11    0.000000000000e+00    5.582088177108e-12    5.041615562529e-12    5.582088177108e-12   -5.041615562529e-12    2.073629983002e-11    0.000000000000e+00
 342    1.754895187500e-11    0.000000000000e+00    5.492552593300e-12    5.207067416135e-12    5.492552593300e-12   -5.207067416135e-12    2.139972574144e-11    0.000000000000e+00
 343    1.829738791037e-11    0.000000000000e+00    5.402325288506e-12    5.362579304224e-12    5.402325288506e-12   -5.362579304224e-12    2.206627588985e-11    0.000000000000e+00
 344    1.904641201700e-11    0.000000000000e+00    5.308242994467e-12    5.517506590502e-12    5.308242994467e-12   -5.517506590502e-12    2.273378187090e-11    0.000000000000e+00
 345    1.982089666008e-11    0.000000000000e+00    5.204978375389e-12    5.684819802398e-12    5.204978375389e-12   -5.684819802398e-12    2.341857090193e-11    0.000000000000e+00
 346    2.064037656069e-11    0.000000000000e+00    5.085596006815e-12    5.864596135108e-12    5.085596006815e-12   -5.864596135108e-12    2.413461618056e-11    0.000000000000e+00
 347    2.149752251213e-11    0.000000000000e+00    4.946056585131e-12    6.044075830103e-12    4.946056585131e-12   -6.044075830103e-12    2.486888125985e-11    0.000000000000e+00
 348    2.236809695799e-11    0.000000000000e+00    4.792023115124e-12    6.214907928570e-12    4.792023115124e-12   -6.214907928570e-12    2.559464619412e-11    0.000000000000e+00
 349    2.323494348311e-11    0.000000000000e+00    4.638042554184e-12    6.386001102920e-12    4.638042554184e-12   -6.386001102920e-12    2.631272803810e-11    0.000000000000e+00
 350    2.410290890487e-11    0.000000000000e+00    4.493688407492e-12    6.572123487786e-12    4.493688407492e-12   -6.572123487786e-12    2.704698964795e-11    0.000000000000e+00
 351    2.498674531171e-11    0.000000000000e+00    4.352820621306e-12    6.774750899163e-12    4.352820621306e-12   -6.774750899163e-12    2.780741782671e-11    0.000000000000e+00
 352    2.589591735491e-11    0.000000000000e+00    4.202025012667e-12    6.982374314152e-12    4.202025012667e-12   -6.982374314152e-12    2.857769229592e-11    0.000000000000e+00
 353    2.683244945678e-11    0.000000000000e+00    4.035810748093e-12    7.186694815642e-12    4.035810748093e-12   -7.186694815642e-12    2.934762502460e-11    0.000000000000e+00
 354    2.779582987389e-11    0.000000000000e+00    3.856848434375e-12    7.391576933857e-12    3.856848434375e-12   -7.391576933857e-12    3.013515131878e-11    0.000000000000e+00
 355    2.878027156872e-11    0.000000000000e+00    3.668687749425e-12    7.604375462655e-12    3.668687749425e-12   -7.604375462655e-12    3.095284445420e-11    0.000000000000e+00
 356    2.978368246476e-11    0.000000000000e+00    3.474943423287e-12    7.829436751705e-12    3.474943423287e-12   -7.829436751705e-12    3.178135879467e-11    0.000000000000e+00
 357    3.081216878864e-11    0.000000000000e+00    3.281173076297e-12    8.070009070715e-12    3.281173076297e-12   -8.070009070715e-12    3.259126649113e-11    0.000000000000e+00
 358    3.187080460654e-11    0.000000000000e+00    3.092188831377e-12    8.325120974539e-12    3.092188831377e-12   -8.325120974539e-12    3.339064788555e-11    0.000000000000e+00
 359    3.294500436346e-11    0.000000000000e+00    2.905973205125e-12    8.584274784063e-12    2.905973205125e-12   -8.584274784063e-12    3.421637626011e-11    0.000000000000e+00
 360    3.401007947490e-11    0.000000000000e+00    2.716754772536e-12    8.833240562611e-12    2.716754772536e-12   -8.833240562611e-12    3.508258614171e-11    0.000000000000e+00
 361    3.506785833940e-11    0.000000000000e+00    2.519900087206e-12    9.071719937748e-12    2.519900087206e-12   -9.071719937748e-12    3.595691105973e-11    0.000000000000e+00
 362    3.615117233347e-11    0.000000000000e+00    2.307026965298e-12    9.316169363727e-12    2.307026965298e-12   -9.316169363727e-12    3.680520818672e-11    0.000000000000e+00
 363    3.728176448115e-11    0.000000000000e+00    2.068740144467e-12    9.575208681500e-12    2.068740144467e-12   -9.575208681500e-12    3.763906894494e-11    0.000000000000e+00
 364    3.843804788350e-11    0.000000000000e+00    1.810615893327e-12    9.834162130462e-12    1.810615893327e-12   -9.834162130462e-12    3.849871463291e-11    0.000000000000e+00
 365    3.958778097002e-11    0.000000000000e+00    1.557847600919e-12    1.007868354747e-11    1.557847600919e-12   -1.007868354747e-11    3.939277029574e-11    0.000000000000e+00
 366    4.073956796913e-11    0.000000000000e+00    1.329501612968e-12    1.032603690054e-11    1.329501612968e-12   -1.032603690054e-11    4.029175604270e-11    0.000000000000e+00
 367    4.193320690682e-11    0.000000000000e+00    1.112104332235e-12    1.061009266556e-11    1.112104332235e-12   -1.061009266556e-11    4.117459845299e-11    0.000000000000e+00
 368    4.319041999046e-11    0.000000000000e+00    8.770900672417e-13    1.094001625401e-11    8.770900672417e-13   -1.094001625401e-11    4.206254441974e-11    0.000000000000e+00
 369    4.449290241793e-11    0.000000000000e+00    6.216728520858e-13    1.128868439698e-11    6.216728520858e-13   -1.128868439698e-11    4.298223929555e-11    0.000000000000e+00
 370    4.581427598405e-11    0.000000000000e+00    3.685263899600e-13    1.162860779891e-11    3.685263899600e-13   -1.162860779891e-11    4.392590804980e-11    0.000000000000e+00
 371    4.716858847953e-11    0.000000000000e+00    1.224619364248e-13    1.197172395939e-11    1.224619364248e-13   -1.197172395939e-11    4.486764432210e-11    0.000000000000e+00
 372    4.861008470747e-11    0.000000000000e+00   -1.475000677154e-13    1.235980328501e-11   -1.475000677154e-13   -1.235980328501e-11    4.580871446058e-11    0.000000000000e+00
 373    5.016163873162e-11    0.000000000000e+00   -4.656847824025e-13    1.280973764561e-11   -4.656847824025e-13   -1.280973764561e-11    4.676798878722e-11    0.000000000000e+00
 374    5.176652856376e-11    0.000000000000e+00   -8.101600987298e-13    1.328226764685e-11   -8.101600987298e-13   -1.328226764685e-11    4.774582812450e-11    0.000000000000e+00
 375    5.341353054300e-11    0.000000000000e+00   -1.146407621611e-12    1.375348012561e-11   -1.146407621611e-12   -1.375348012561e-11    4.874339473715e-11    0.000000000000e+00
 376    5.531378827195e-11    0.000000000000e+00   -1.493026188792e-12    1.432407924912e-11   -1.493026188792e-12   -1.432407924912e-11    4.982407889043e-11    0.000000000000e+00
 377    5.782554296507e-11    0.000000000000e+00   -1.916845154826e-12    1.517775835569e-11   -1.916845154826e-12   -1.517775835569e-11    5.108224607198e-11    0.000000000000e+00
 378    6.107062078264e-11    0.000000000000e+00   -2.453127978530e-12    1.637781577024e-11   -2.453127978530e-12   -1.637781577024e-11    5.251144657992e-11    0.000000000000e+00
