   0    0.000000000000e+00    0.000000000000e+00    0.000000000000e+00    0.000000000000e+00    0.000000000000e+00    0.000000000000e+00    0.000000000000e+00    0.000000000000e+00
   1    0.000000000000e+00    0.000000000000e+00    0.000000000000e+00    0.000000000000e+00    0.000000000000e+00    0.000000000000e+00    0.000000000000e+00    0.000000000000e+00
   2    0.000000000000e+00    0.000000000000e+00    0.000000000000e+00    0.000000000000e+00    0.000000000000e+00    0.000000000000e+00    0.000000000000e+00    0.000000000000e+00
   3    0.000000000000e+00    0.000000000000e+00    0.000000000000e+00    0.000000000000e+00    0.000000000000e+00    0.000000000000e+00    0.000000000000e+00    0.000000000000e+00
   4    0.000000000000e+00    0.000000000000e+00    0.000000000000e+00    0.000000000000e+00    0.000000000000e+00    0.000000000000e+00    0.000000000000e+00    0.000000000000e+00
   5    0.000000000000e+00    0.000000000000e+00    0.000000000000e+00    0.000000000000e+00    0.000000000000e+00    0.000000000000e+00    0.000000000000e+00    0.000000000000e+00
   6    0.000000000000e+00    0.000000000000e+00    0.000000000000e+00    0.000000000000e+00    0.000000000000e+00    0.000000000000e+00    0.000000000000e+00    0.000000000000e+00
   7    0.000000000000e+00    0.000000000000e+00    0.000000000000e+00    0.000000000000e+00    0.000000000000e+00    0.000000000000e+00    0.000000000000e+00    0.000000000000e+00
   8    0.000000000000e+00    0.000000000000e+00    0.000000000000e+00    0.000000000000e+00    0.000000000000e+00    0.000000000000e+00    0.000000000000e+00    0.000000000000e+00
   9    0.000000000000e+00    0.000000000000e+00    0.000000000000e+00    0.000000000000e+00    0.000000000000e+00    0.000000000000e+00    0.000000000000e+00    0.000000000000e+00
  10    0.000000000000e+00    0.000000000000e+00    0.000000000000e+00    0.000000000000e+00    0.000000000000e+00    0.000000000000e+00    0.000000000000e+00    0.000000000000e+00
  11    0.000000000000e+00    0.000000000000e+00    0.000000000000e+00    0.000000000000e+00    0.000000000000e+00    0.000000000000e+00    0.000000000000e+00    0.000000000000e+00
  12    0.000000000000e+00    0.000000000000e+00    0.000000000000e+00    0.000000000000e+00    0.000000000000e+00    0.000000000000e+00    0.000000000000e+00    0.000000000000e+00
  13    0.000000000000e+00    0.000000000000e+00    0.000000000000e+00    0.000000000000e+00    0.000000000000e+00    0.000000000000e+00    0.000000000000e+00    0.000000000000e+00
  14    0.000000000000e+00    0.000000000000e+00    0.000000000000e+00    0.000000000000e+00    0.000000000000e+00    0.000000000000e+00    0.000000000000e+00    0.000000000000e+00
  15    0.000000000000e+00    0.000000000000e+00    0.000000000000e+00    0.000000000000e+00    0.000000000000e+00    0.000000000000e+00    0.000000000000e+00    0.000000000000e+00
  16    0.000000000000e+00    0.000000000000e+00    0.000000000000e+00    0.000000000000e+00    0.000000000000e+00    0.000000000000e+00    0.000000000000e+00    0.000000000000e+00
  17    0.000000000000e+00    0.000000000000e+00    0.000000000000e+00    0.000000000000e+00    0.000000000000e+00    0.000000000000e+00    0.000000000000e+00    0.000000000000e+00
  18    0.000000000000e+00    0.000000000000e+00    0.000000000000e+00    0.000000000000e+00    0.000000000000e+00    0.000000000000e+00    0.000000000000e+00    0.000000000000e+00
  19    0.000000000000e+00    0.000000000000e+00    0.000000000000e+00    0.000000000000e+00    0.000000000000e+00    0.000000000000e+00    0.000000000000e+00    0.000000000000e+00
  20    0.000000000000e+00    0.000000000000e+00    0.000000000000e+00    0.000000000000e+00    0.000000000000e+00    0.000000000000e+00    0.000000000000e+00    0.000000000000e+00
  21    0.000000000000e+00    0.000000000000e+00    0.000000000000e+00    0.000000000000e+00    0.000000000000e+00    0.000000000000e+00    0.000000000000e+00    0.000000000000e+00
  22    0.000000000000e+00    0.000000000000e+00    0.000000000000e+00    0.000000000000e+00    0.000000000000e+00    0.000000000000e+00    0.000000000000e+00    0.000000000000e+00
  23    0.000000000000e+00    0.000000000000e+00    0.000000000000e+00    0.000000000000e+00    0.000000000000e+00    0.000000000000e+00    0.000000000000e+00    0.000000000000e+00
  24    0.000000000000e+00    0.000000000000e+00    0.000000000000e+00    0.000000000000e+00    0.000000000000e+00    0.000000000000e+00    0.000000000000e+00    0.000000000000e+00
  25    0.000000000000e+00    0.000000000000e+00    0.000000000000e+00    0.000000000000e+00    0.000000000000e+00    0.000000000000e+00    0.000000000000e+00    0.000000000000e+00
  26    0.000000000000e+00    0.000000000000e+00    0.000000000000e+00    0.000000000000e+00    0.000000000000e+00    0.000000000000e+00    0.000000000000e+00    0.000000000000e+00
  27    0.000000000000e+00    0.000000000000e+00    0.000000000000e+00    0.000000000000e+00    0.000000000000e+00    0.000000000000e+00    0.000000000000e+00    0.000000000000e+00
  28    0.000000000000e+00    0.000000000000e+00    0.000000000000e+00    0.000000000000e+00    0.000000000000e+00    0.000000000000e+00    0.000000000000e+00    0.000000000000e+00
  29    0.000000000000e+00    0.000000000000e+00    0.000000000000e+00    0.000000000000e+00    0.000000000000e+00    0.000000000000e+00    0.000000000000e+00    0.000000000000e+00
  30    0.000000000000e+00    0.000000000000e+00    0.000000000000e+00    0.000000000000e+00    0.000000000000e+00    0.000000000000e+00    0.000000000000e+00    0.000000000000e+00
  31    0.000000000000e+00    0.000000000000e+00    0.000000000000e+00    0.000000000000e+00    0.000000000000e+00    0.000000000000e+00    0.000000000000e+00    0.000000000000e+00
  32    0.000000000000e+00    0.000000000000e+00    0.000000000000e+00    0.000000000000e+00    0.000000000000e+00    0.000000000000e+00    0.000000000000e+00    0.000000000000e+00
  33    0.000000000000e+00    0.000000000000e+00    0.000000000000e+00    0.000000000000e+00    0.000000000000e+00    0.000000000000e+00    0.000000000000e+00    0.000000000000e+00
  34    0.000000000000e+00    0.000000000000e+00    0.000000000000e+00    0.000000000000e+00    0.000000000000e+00    0.000000000000e+00    0.000000000000e+00    0.000000000000e+00
  35    0.000000000000e+00    0.000000000000e+00    0.000000000000e+00    0.000000000000e+00    0.000000000000e+00    0.000000000000e+00    0.000000000000e+00    0.000000000000e+00
  36    0.000000000000e+00    0.000000000000e+00    0.000000000000e+00    0.000000000000e+00    0.000000000000e+00    0.000000000000e+00    0.000000000000e+00    0.000000000000e+00
  37    0.000000000000e+00    0.000000000000e+00    0.000000000000e+00    0.000000000000e+00    0.000000000000e+00    0.000000000000e+00    0.000000000000e+00    0.000000000000e+00
  38    0.000000000000e+00    0.000000000000e+00    0.000000000000e+00    0.000000000000e+00    0.000000000000e+00    0.000000000000e+00    0.000000000000e+00    0.000000000000e+00
  39    0.000000000000e+00    0.000000000000e+00    0.000000000000e+00    0.000000000000e+00    0.000000000000e+00    0.000000000000e+00    0.000000000000e+00    0.000000000000e+00
  40   -7.387677760562e-05   -2.982841688208e-04   -1.054380336427e-04   -3.172987780999e-04   -9.075648267753e-05    2.935289230663e-04   -6.925663910806e-05    3.134630387649e-04
  41   -8.298525062855e-05   -2.985193568747e-04   -1.172561169369e-04   -3.184293163940e-04   -8.633774996269e-05    2.921124105342e-04   -6.314693746390e-05    3.131937701255e-04
  42   -9.337430674350e-05   -3.002672747243e-04   -1.305814366788e-04   -3.210114955436e-04   -8.125617023325e-05    2.927711466327e-04   -5.623584729619e-05    3.149292315356e-04
  43   -1.008050385281e-04   -3.029065264855e-04   -1.409602846252e-04   -3.245711559430e-04   -7.984846160980e-05    2.943036379293e-04   -5.302135468810e-05    3.176844911650e-04
  44   -1.060077265720e-04   -3.053904511034e-04   -1.491961738793e-04   -3.280282544438e-04   -8.084755972959e-05    2.950976195280e-04   -5.219714148552e-05    3.198885533493e-04
  45   -1.130050368374e-04   -3.067963698413e-04   -1.594244677108e-04   -3.302557743154e-04   -7.988255674718e-05    2.944846928585e-04   -4.933672244078e-05    3.205800312571e-04
  46   -1.229439221788e-04   -3.074074047618e-04   -1.727144554025e-04   -3.314813948236e-04   -7.606152212247e-05    2.932688512374e-04   -4.360646198620e-05    3.203521191608e-04
  47   -1.330231316388e-04   -3.097341686953e-04   -1.862710632849e-04   -3.345233271830e-04   -7.263587031048e-05    2.938867255580e-04   -3.821586869890e-05    3.219978243578e-04
  48   -1.406944647897e-04   -3.162206267007e-04   -1.978075160878e-04   -3.421555738896e-04   -7.215109508252e-05    2.983492449857e-04   -3.548209497239e-05    3.280928649474e-04
  49   -1.467362599215e-04   -3.249565197621e-04   -2.081783895846e-04   -3.523079794832e-04   -7.328834908549e-05    3.046623314731e-04   -3.404460949241e-05    3.365532029420e-04
  50   -1.535479386803e-04   -3.310263855383e-04   -2.194473054260e-04   -3.595319576561e-04   -7.326968625421e-05    3.082801704295e-04   -3.141568231513e-05    3.420666325837e-04
  51   -1.622697018320e-04   -3.329220344312e-04   -2.324888482690e-04   -3.620306670200e-04   -7.141449168557e-05    3.079047019128e-04   -2.714415131777e-05    3.428756317589e-04
  52   -1.721615699353e-04   -3.342395066284e-04   -2.467760641593e-04   -3.636165638454e-04   -6.916294660186e-05    3.069415688515e-04   -2.250729994557e-05    3.427692572586e-04
  53   -1.816945004975e-04   -3.378666297067e-04   -2.609369985294e-04   -3.674886829685e-04   -6.791119812988e-05    3.082268231083e-04   -1.877309114207e-05    3.451490192674e-04
  54   -1.899261551443e-04   -3.420984721743e-04   -2.737483009696e-04   -3.719974774867e-04   -6.768059392925e-05    3.102548653260e-04   -1.617332600290e-05    3.485025663394e-04
  55   -1.975087507162e-04   -3.450166259427e-04   -2.857948420569e-04   -3.752202028409e-04   -6.748113082722e-05    3.109777171630e-04   -1.378293745802e-05    3.504806663841e-04
  56   -2.061886334559e-04   -3.485456982162e-04   -2.994374372065e-04   -3.791668277700e-04   -6.647873669863e-05    3.117986198049e-04   -1.032476575347e-05    3.525044594426e-04
  57   -2.164369361708e-04   -3.545252257027e-04   -3.154339792673e-04   -3.856158873532e-04   -6.491490785265e-05    3.144961956423e-04   -5.807865818497e-06    3.565197985154e-04
  58   -2.261874178657e-04   -3.607590624597e-04   -3.309204475954e-04   -3.921257739421e-04   -6.423526792787e-05    3.176880709361e-04   -2.204800694017e-06    3.610785934143e-04
  59   -2.332955773454e-04   -3.647750418168e-04   -3.429805510677e-04   -3.961465554312e-04   -6.562704220414e-05    3.194330784027e-04   -1.232536305906e-06    3.641250077635e-04
  60   -2.385469997535e-04   -3.684458206408e-04   -3.530200920068e-04   -3.997919557150e-04   -6.834921077825e-05    3.208642301615e-04   -1.735264959279e-06    3.669144934975e-04
  61   -2.447625156492e-04   -3.742717090063e-04   -3.649109858088e-04   -4.056940379087e-04   -7.024589285720e-05    3.236044722144e-04   -8.858514775056e-07    3.711278259289e-04
  62   -2.531752106734e-04   -3.798645047937e-04   -3.795879893005e-04   -4.112009482924e-04   -7.010139961494e-05    3.258065553382e-04    2.264725480927e-06    3.745668800548e-04
  63   -2.622550528031e-04   -3.811228089035e-04   -3.942459297832e-04   -4.119355580769e-04   -6.905823101988e-05    3.247513668612e-04    5.704867362510e-06    3.742201952264e-04
  64   -2.703798818402e-04   -3.797594399657e-04   -4.071462899446e-04   -4.097722121514e-04   -6.902872701176e-05    3.222743980587e-04    7.568662113044e-06    3.722868568730e-04
  65   -2.778218185995e-04   -3.816021489911e-04   -4.197811940685e-04   -4.108780995011e-04   -7.037100294838e-05    3.227684355807e-04    8.451308531221e-06    3.737413208000e-04
  66   -2.855151251424e-04   -3.879729192704e-04   -4.337170685176e-04   -4.166308499407e-04   -7.199186802609e-05    3.265379054938e-04    9.807135938900e-06    3.788923786487e-04
  67   -2.934195508715e-04   -3.936691791750e-04   -4.480091738515e-04   -4.216516390443e-04   -7.306227780646e-05    3.290076856501e-04    1.159280145657e-05    3.826108877547e-04
  68   -3.008079074789e-04   -3.946195938624e-04   -4.609095631167e-04   -4.218280664645e-04   -7.394842396025e-05    3.272917529102e-04    1.260710996576e-05    3.816975513473e-04
  69   -3.075636632275e-04   -3.936849243473e-04   -4.727055493277e-04   -4.201594274491e-04   -7.538318459410e-05    3.244593681302e-04    1.260947828996e-05    3.795833035838e-04
  70   -3.141823981423e-04   -3.959456516895e-04   -4.850452824030e-04   -4.217552195769e-04   -7.745635230094e-05    3.249442670494e-04    1.263405283680e-05    3.812286304310e-04
  71   -3.211390285287e-04   -4.016571328975e-04   -4.987392458133e-04   -4.267524054740e-04   -7.960198126966e-05    3.284883568995e-04    1.344719566987e-05    3.864201426040e-04
  72   -3.284984559286e-04   -4.066325491294e-04   -5.131025682203e-04   -4.309430369176e-04   -8.123793668346e-05    3.309182648081e-04    1.469826747780e-05    3.904886834789e-04
  73   -3.358631511219e-04   -4.082213272341e-04   -5.269062821753e-04   -4.317504353821e-04   -8.238285954576e-05    3.299008239992e-04    1.557322684675e-05    3.906248603016e-04
  74   -3.426857001614e-04   -4.081235965714e-04   -5.395736661740e-04   -4.307917261031e-04   -8.366929250769e-05    3.275251365267e-04    1.578634692123e-05    3.889573854394e-04
  75   -3.487149660941e-04   -4.086895496584e-04   -5.511614144780e-04   -4.302034794819e-04   -8.560402784497e-05    3.264299884904e-04    1.552071989863e-05    3.884683246724e-04
  76   -3.542153281160e-04   -4.092265153304e-04   -5.618765717372e-04   -4.292884550523e-04   -8.783880184637e-05    3.258037031628e-04    1.497249468230e-05    3.883874451276e-04
  77   -3.596506139729e-04   -4.075619508512e-04   -5.719312466681e-04   -4.261450376362e-04   -8.950235496741e-05    3.230790898670e-04    1.429732947145e-05    3.858605050482e-04
  78   -3.652334853541e-04   -4.040107305627e-04   -5.818916251883e-04   -4.213041102048e-04   -9.046561899595e-05    3.183933731634e-04    1.369578967569e-05    3.811297938228e-04
  79   -3.708374861162e-04   -4.012091667391e-04   -5.923244170845e-04   -4.172952321824e-04   -9.163175855065e-05    3.145780356135e-04    1.318949216511e-05    3.776173689403e-04
  80   -3.760233230423e-04   -4.001321794931e-04   -6.026533665136e-04   -4.148642765358e-04   -9.376479283674e-05    3.128325333819e-04    1.236909520230e-05    3.766811569221e-04
  81   -3.804122679867e-04   -3.988893586211e-04   -6.115203141235e-04   -4.121096862946e-04   -9.648505510995e-05    3.110890684184e-04    1.078300556401e-05    3.755606303457e-04
  82   -3.843377635349e-04   -3.960929170717e-04   -6.190803251229e-04   -4.078160563949e-04   -9.874503302854e-05    3.075432323385e-04    8.839608199196e-06    3.718842635863e-04
  83   -3.887947532348e-04   -3.928746154997e-04   -6.274898769334e-04   -4.031533608213e-04   -9.999484609580e-05    3.033062093891e-04    7.696420652792e-06    3.672091406770e-04
  84   -3.940866736230e-04   -3.907223581336e-04   -6.378878024407e-04   -3.995087463409e-04   -1.007186510833e-04    3.003200690728e-04    7.769194780849e-06    3.642805677373e-04
  85   -3.991131670773e-04   -3.891720261890e-04   -6.483234465122e-04   -3.964395145886e-04   -1.019388801069e-04    2.984597522300e-04    7.822993211448e-06    3.630161518231e-04
  86   -4.026723036077e-04   -3.867784689646e-04   -6.562257767655e-04   -3.926535719074e-04   -1.041830328177e-04    2.959977719001e-04    6.350543117151e-06    3.609998093452e-04
  87   -4.051271826029e-04   -3.831047215499e-04   -6.618919433095e-04   -3.876679111272e-04   -1.069784193533e-04    2.920136612374e-04    3.450062649790e-06    3.568615065888e-04
  88   -4.078957426827e-04   -3.788520989474e-04   -6.678507779725e-04   -3.818922268692e-04   -1.094686376746e-04    2.873266930692e-04    6.361951818690e-07    3.517247678246e-04
  89   -4.115349438507e-04   -3.748803283088e-04   -6.753203924745e-04   -3.761280095205e-04   -1.113999460358e-04    2.833459293470e-04   -1.125867129304e-06    3.475635603536e-04
  90   -4.152145993430e-04   -3.714144986589e-04   -6.829691701569e-04   -3.710137971211e-04   -1.131686221925e-04    2.804418327287e-04   -2.340129867662e-06    3.447899653111e-04
  91   -4.181948024780e-04   -3.677316126414e-04   -6.891840603203e-04   -3.661233349703e-04   -1.150112075265e-04    2.774639287964e-04   -3.978799213655e-06    3.416721592657e-04
  92   -4.205922014080e-04   -3.629510174505e-04   -6.939276936464e-04   -3.602211072575e-04   -1.169970200863e-04    2.732693392318e-04   -6.484580808319e-06    3.366882738192e-04
  93   -4.226952150930e-04   -3.572893328965e-04   -6.980401230976e-04   -3.529512614477e-04   -1.195143922814e-04    2.683778293431e-04   -9.828159818426e-06    3.307915176265e-04
  94   -4.245284362696e-04   -3.520275349729e-04   -7.021130877547e-04   -3.457186685409e-04   -1.228031323990e-04    2.642697654665e-04   -1.364773197565e-05    3.261260571890e-04
  95   -4.263335722499e-04   -3.478180733509e-04   -7.064828532748e-04   -3.399651322979e-04   -1.261130091734e-04    2.611569652800e-04   -1.721841545077e-05    3.228189598303e-04
  96   -4.286976181902e-04   -3.438736021053e-04   -7.115800399333e-04   -3.352283092681e-04   -1.284097234020e-04    2.577490522526e-04   -1.994296326302e-05    3.189414856024e-04
  97   -4.314643738326e-04   -3.391193458810e-04   -7.169914897531e-04   -3.297661896795e-04   -1.301212760154e-04    2.533390070312e-04   -2.235244028270e-05    3.136862651445e-04
  98   -4.335058911238e-04   -3.335545770824e-04   -7.213529897854e-04   -3.227726847399e-04   -1.328093057964e-04    2.488180762157e-04   -2.562059671618e-05    3.085045900661e-04
  99   -4.343211185187e-04   -3.277991199866e-04   -7.240082486533e-04   -3.150009724777e-04   -1.367680670228e-04    2.449359744787e-04   -2.996784314746e-05    3.042993776035e-04
 100   -4.349557857495e-04   -3.218535566702e-04   -7.259976118803e-04   -3.072977415286e-04   -1.403829810442e-04    2.408509899396e-04   -3.435512189753e-05    2.995036193170e-04
 101   -4.363330372144e-04   -3.151105192956e-04   -7.281276048161e-04   -2.995009708684e-04   -1.427102397429e-04    2.354898169870e-04   -3.828004992101e-05    2.925514418166e-04
 102   -4.376113356557e-04   -3.076176799368e-04   -7.294984534383e-04   -2.912425552495e-04   -1.452373689972e-04    2.295001468156e-04   -4.264465678716e-05    2.847278374247e-04
 103   -4.377404402476e-04   -3.004741447512e-04   -7.295001996681e-04   -2.829949371517e-04   -1.495098549640e-04    2.245283976663e-04   -4.800978786079e-05    2.785415272228e-04
 104   -4.376643046271e-04   -2.944874577224e-04   -7.298442651518e-04   -2.754231973086e-04   -1.545235136291e-04    2.208947262261e-04   -5.336269532563e-05    2.741224598140e-04
 105   -4.389313107822e-04   -2.890362229664e-04   -7.321295561269e-04   -2.682936028577e-04   -1.583289267728e-04    2.173425746150e-04   -5.780989886262e-05    2.694000722840e-04
 106   -4.410747205839e-04   -2.831238380168e-04   -7.351355161518e-04   -2.608913928270e-04   -1.612131600268e-04    2.132029621862e-04   -6.208275590325e-05    2.636665594764e-04
 107   -4.424871876836e-04   -2.768082777038e-04   -7.368277292699e-04   -2.531242207624e-04   -1.649229525356e-04    2.092170470860e-04   -6.706808926538e-05    2.583414607216e-04
 108   -4.431817797013e-04   -2.708346000873e-04   -7.377584697679e-04   -2.454864443280e-04   -1.695744285826e-04    2.059144753730e-04   -7.210553303594e-05    2.540609275457e-04
 109   -4.444264341146e-04   -2.653455594555e-04   -7.396965520456e-04   -2.382697421126e-04   -1.737792190397e-04    2.026699658018e-04   -7.639554678462e-05    2.496281813364e-04
 110   -4.463421064429e-04   -2.599775325507e-04   -7.424679934047e-04   -2.314537414350e-04   -1.772864634404e-04    1.991256722249e-04   -8.059647370828e-05    2.445790742058e-04
 111   -4.477916809265e-04   -2.545299066696e-04   -7.442429196090e-04   -2.248009695904e-04   -1.814284478314e-04    1.959628134500e-04   -8.587561751483e-05    2.402079262538e-04
 112   -4.484001256060e-04   -2.488094905857e-04   -7.444293005392e-04   -2.176537091145e-04   -1.867929968284e-04    1.934937172337e-04   -9.199757187162e-05    2.369658759562e-04
 113   -4.487656406127e-04   -2.426870050840e-04   -7.439003675245e-04   -2.097777178278e-04   -1.925798133016e-04    1.909427519422e-04   -9.803387365537e-05    2.334414020879e-04
 114   -4.493391024880e-04   -2.366393164266e-04   -7.436285959557e-04   -2.021569380304e-04   -1.979844091693e-04    1.876821042970e-04   -1.038004993461e-04    2.286067756359e-04
 115   -4.501622461248e-04   -2.317733305972e-04   -7.442229543813e-04   -1.961954985745e-04   -2.031533222180e-04    1.845563238021e-04   -1.096792329918e-04    2.238737797597e-04
 116   -4.512213054113e-04   -2.279287728015e-04   -7.456603343599e-04   -1.913121377584e-04   -2.085768355755e-04    1.824682112783e-04   -1.157570295618e-04    2.207483339589e-04
 117   -4.523295210674e-04   -2.233677951153e-04   -7.469400297850e-04   -1.853561843745e-04   -2.142832818208e-04    1.809104142012e-04   -1.217129247379e-04    2.184812037740e-04
 118   -4.528529825620e-04   -2.169540821342e-04   -7.466965471394e-04   -1.775121781975e-04   -2.201170864282e-04    1.785840140656e-04   -1.275711692870e-04    2.150425571017e-04
 119   -4.526934935711e-04   -2.099244447891e-04   -7.452978170477e-04   -1.694841339486e-04   -2.259955363115e-04    1.752076932462e-04   -1.336240966339e-04    2.099894045386e-04
 120   -4.526779812295e-04   -2.042001869995e-04   -7.445483352058e-04   -1.629036269151e-04   -2.319258492207e-04    1.718870917102e-04   -1.399350876454e-04    2.049460454145e-04
 121   -4.525343538262e-04   -2.009390882449e-04   -7.443309295923e-04   -1.591182808625e-04   -2.363777894061e-04    1.697177940514e-04   -1.449986011721e-04    2.018883533310e-04
 122   -4.547142598312e-04   -1.969427103177e-04   -7.469360716641e-04   -1.534238981549e-04   -2.420246310066e-04    1.689718046691e-04   -1.500929356553e-04    2.005908754654e-04
 123   -4.562071117107e-04   -1.924446551129e-04   -7.483908557333e-04   -1.473978045397e-04   -2.478879177943e-04    1.681960857240e-04   -1.550261222292e-04    1.993509940803e-04
 124   -4.563138645608e-04   -1.876568130683e-04   -7.480557542294e-04   -1.416144950781e-04   -2.545211464167e-04    1.663266157266e-04   -1.609936298337e-04    1.965195988305e-04
 125   -4.560323723126e-04   -1.830877154134e-04   -7.474196027033e-04   -1.363667834084e-04   -2.614340337459e-04    1.637420209590e-04   -1.677054096945e-04    1.925109536387e-04
 126   -4.572526668198e-04   -1.787855580915e-04   -7.489875424653e-04   -1.312749809586e-04   -2.673185372259e-04    1.615039218450e-04   -1.735825208016e-04    1.890545099741e-04
 127   -4.602178523783e-04   -1.749507500790e-04   -7.528928108513e-04   -1.263029553229e-04   -2.720584161580e-04    1.603604468983e-04   -1.780346501619e-04    1.875014568213e-04
 128   -4.628124297597e-04   -1.720268919598e-04   -7.562920800410e-04   -1.220956328325e-04   -2.773773740046e-04    1.601263065822e-04   -1.826218795031e-04    1.875267480500e-04
 129   -4.626458976418e-04   -1.693576923572e-04   -7.558183860965e-04   -1.185710498248e-04   -2.847789728548e-04    1.596781512490e-04   -1.892053696793e-04    1.869625702966e-04
 130   -4.604896530509e-04   -1.657983521000e-04   -7.524632965215e-04   -1.148380397353e-04   -2.932245843112e-04    1.581768010510e-04   -1.972983591259e-04    1.842774072429e-04
 131   -4.594070487656e-04   -1.610804029042e-04   -7.503614760935e-04   -1.101692178054e-04   -3.005123289768e-04    1.559219963383e-04   -2.048586611636e-04    1.803785853554e-04
 132   -4.610667238012e-04   -1.562274555909e-04   -7.520471117459e-04   -1.049646816682e-04   -3.059203445446e-04    1.540937228128e-04   -2.102759608533e-04    1.776475401130e-04
 133   -4.639072576538e-04   -1.522441598354e-04   -7.558204815723e-04   -1.002834760584e-04   -3.107913071290e-04    1.533743343316e-04   -2.138993004337e-04    1.769611262716e-04
 134   -4.655831144191e-04   -1.489404094173e-04   -7.586228894070e-04   -9.641169890529e-05   -3.164630034007e-04    1.530037407065e-04   -2.173129178118e-04    1.764399930835e-04
 135   -4.658535763156e-04   -1.458947372157e-04   -7.597081712447e-04   -9.298533404944e-05   -3.229064168409e-04    1.520586956758e-04   -2.219460147899e-04    1.744697947288e-04
 136   -4.661958664656e-04   -1.432487333659e-04   -7.606041617692e-04   -8.964684093371e-05   -3.294704656582e-04    1.507855340606e-04   -2.278448664583e-04    1.720926375128e-04
 137   -4.676994867623e-04   -1.408809766872e-04   -7.628700695932e-04   -8.604974573245e-05   -3.356763627380e-04    1.499008212704e-04   -2.336089964956e-04    1.707623014227e-04
 138   -4.695683892351e-04   -1.380034373142e-04   -7.658267859370e-04   -8.185897604562e-05   -3.417000698391e-04    1.492794835940e-04   -2.382583334111e-04    1.698755513644e-04
 139   -4.709970671684e-04   -1.342629693681e-04   -7.682433933951e-04   -7.718638516963e-05   -3.474752593320e-04    1.481541112298e-04   -2.419958327664e-04    1.677704567555e-04
 140   -4.718584241346e-04   -1.304023608100e-04   -7.695388630964e-04   -7.280284626177e-05   -3.532967530191e-04    1.464196975576e-04   -2.461003314238e-04    1.645945012569e-04
 141   -4.726885817945e-04   -1.274892565561e-04   -7.709082565270e-04   -6.957730511203e-05   -3.595448797569e-04    1.450359704904e-04   -2.510267077014e-04    1.623362040846e-04
 142   -4.736386763398e-04   -1.252778456546e-04   -7.732532685623e-04   -6.696685159113e-05   -3.662230737973e-04    1.445159577997e-04   -2.560989814810e-04    1.616194786038e-04
 143   -4.745690384880e-04   -1.229457120644e-04   -7.759825675748e-04   -6.395460513886e-05   -3.727384319063e-04    1.445223897463e-04   -2.605270128697e-04    1.613560161786e-04
 144   -4.759274015669e-04   -1.203366700793e-04   -7.788437651470e-04   -6.035946353222e-05   -3.783775609918e-04    1.444249792257e-04   -2.640205493663e-04    1.604041462997e-04
 145   -4.781925235875e-04   -1.177399462904e-04   -7.827274384908e-04   -5.673111445503e-05   -3.833136870526e-04    1.438788458472e-04   -2.668669912964e-04    1.588111044839e-04
 146   -4.804623022210e-04   -1.149139934569e-04   -7.873492431827e-04   -5.323226650944e-05   -3.888408828061e-04    1.428939576726e-04   -2.700095647015e-04    1.572344335727e-04
 147   -4.812665865757e-04   -1.114562619478e-04   -7.903589284979e-04   -4.960678779753e-05   -3.958313609473e-04    1.418657484464e-04   -2.743160875980e-04    1.561465323903e-04
 148   -4.809810488950e-04   -1.081137525034e-04   -7.910323911346e-04   -4.624971916201e-05   -4.031949792989e-04    1.415434817318e-04   -2.791222068481e-04    1.559333177283e-04
 149   -4.815304419026e-04   -1.057315021171e-04   -7.918911869638e-04   -4.342776082922e-05   -4.091326554772e-04    1.419171894668e-04   -2.829287550412e-04    1.561612298246e-04
 150   -4.835661966354e-04   -1.036737739923e-04   -7.949927821755e-04   -4.052323492942e-05   -4.137586802244e-04    1.419717737008e-04   -2.857091312762e-04    1.556346833240e-04
 151   -4.858462198172e-04   -1.010225387290e-04   -7.995925843716e-04   -3.698975706357e-05   -4.190266481601e-04    1.411440753145e-04   -2.890707692131e-04    1.540316152386e-04
 152   -4.872299905401e-04   -9.850181959337e-05   -8.040232933126e-04   -3.360262417118e-05   -4.260244022589e-04    1.403286150889e-04   -2.936226956081e-04    1.526960404590e-04
 153   -4.878407635260e-04   -9.735339699546e-05   -8.075920632109e-04   -3.140533226542e-05   -4.337908758316e-04    1.405961666023e-04   -2.981404832099e-04    1.528429565951e-04
 154   -4.883363726549e-04   -9.673561726231e-05   -8.103211293928e-04   -2.965230851260e-05   -4.408319655340e-04    1.415382284904e-04   -3.014541580342e-04    1.536357158329e-04
 155   -4.891239805147e-04   -9.477119601797e-05   -8.125646272674e-04   -2.675534233276e-05   -4.467656544875e-04    1.418508181814e-04   -3.040758892894e-04    1.534762268420e-04
 156   -4.904242814519e-04   -9.179823973682e-05   -8.154622628354e-04   -2.296471393493e-05   -4.521485534497e-04    1.412070560036e-04   -3.069233498536e-04    1.522459788248e-04
 157   -4.919578204863e-04   -8.986140164779e-05   -8.196835406125e-04   -2.011648757616e-05   -4.577632644214e-04    1.403957139701e-04   -3.100365283899e-04    1.509268040536e-04
 158   -4.931178409606e-04   -8.912818884710e-05   -8.244327036664e-04   -1.853934736573e-05   -4.639207327273e-04    1.399213797413e-04   -3.127990057692e-04    1.498516794527e-04
 159   -4.941810038872e-04   -8.781533688307e-05   -8.291635895148e-04   -1.649176920182e-05   -4.700860881712e-04    1.397905143676e-04   -3.147515526507e-04    1.492175069870e-04
 160   -4.960151272826e-04   -8.543438889319e-05   -8.342849905603e-04   -1.301761221839e-05   -4.757487331517e-04    1.399922330165e-04   -3.163279616274e-04    1.495267351856e-04
 161   -4.982443642803e-04   -8.364261884708e-05   -8.392727468163e-04   -9.496969141765e-06   -4.815738066100e-04    1.402748312103e-04   -3.189030394424e-04    1.502477389295e-04
 162   -4.990650340915e-04   -8.362397056771e-05   -8.423130493611e-04   -8.013799742912e-06   -4.887059913017e-04    1.401664194418e-04   -3.232460585423e-04    1.499163045082e-04
 163   -4.981416859664e-04   -8.436350617558e-05   -8.437743526883e-04   -8.653471013531e-06   -4.966378328390e-04    1.397490268573e-04   -3.277108771726e-04    1.485610118834e-04
 164   -4.976428463124e-04   -8.401926606894e-05   -8.469072636217e-04   -9.015102477861e-06   -5.033531342633e-04    1.398407330271e-04   -3.295241622254e-04    1.482470397605e-04
 165   -4.990767920390e-04   -8.189500658773e-05   -8.528848993592e-04   -6.627267794101e-06   -5.082607967779e-04    1.405978109688e-04   -3.288614389021e-04    1.497790217400e-04
 166   -5.011238390580e-04   -7.891905261204e-05   -8.587152115069e-04   -1.851907654782e-06   -5.133826634847e-04    1.409225515090e-04   -3.292733163107e-04    1.510129077360e-04
 167   -5.019023665227e-04   -7.654701767024e-05   -8.618155261502e-04    2.372054041189e-06   -5.205311463214e-04    1.400079490850e-04   -3.330130421091e-04    1.498767378507e-04
 168   -5.017980001867e-04   -7.538612408098e-05   -8.640599553473e-04    4.150920176471e-06   -5.286236992106e-04    1.387315714965e-04   -3.377159009688e-04    1.474642485846e-04
 169   -5.022845580243e-04   -7.453870784957e-05   -8.683326886967e-04    5.282539859763e-06   -5.353066371754e-04    1.383338822052e-04   -3.397341351956e-04    1.461164065404e-04
 170   -5.031216423959e-04   -7.300345168915e-05   -8.735770243220e-04    8.343124136445e-06   -5.404574330896e-04    1.386947988067e-04   -3.392902144697e-04    1.463286898797e-04
 171   -5.030340980738e-04   -7.105021359166e-05   -8.768237312324e-04    1.287364739255e-05   -5.459914682433e-04    1.386932999594e-04   -3.397687687539e-04    1.466783724027e-04
 172   -5.022356635891e-04   -6.988277891651e-05   -8.786341059022e-04    1.610860817891e-05   -5.529647460207e-04    1.382929185638e-04   -3.426365437917e-04    1.465605892008e-04
 173   -5.023576668464e-04   -6.987516826484e-05   -8.826236007735e-04    1.721941225696e-05   -5.606733029708e-04    1.386097574141e-04   -3.458971041255e-04    1.467057882110e-04
 174   -5.037889932282e-04   -7.016485324129e-05   -8.897409425117e-04    1.834804061218e-05   -5.682536866516e-04    1.399044267600e-04   -3.473567485344e-04    1.472861767979e-04
 175   -5.048388266005e-04   -6.969310925342e-05   -8.963005384430e-04    2.144379868696e-05   -5.752538563684e-04    1.406685041729e-04   -3.471731906757e-04    1.468502741773e-04
 176   -5.041668773629e-04   -6.802013376728e-05   -8.992963121273e-04    2.607106216601e-05   -5.813825409859e-04    1.395524886902e-04   -3.466648049653e-04    1.442790089641e-04
 177   -5.028110463172e-04   -6.541559559992e-05   -9.009157074615e-04    3.062978430535e-05   -5.869680317119e-04    1.374632702209e-04   -3.464689361863e-04    1.411318953615e-04
 178   -5.027335137129e-04   -6.323358684313e-05   -9.056394337676e-04    3.377068424015e-05   -5.930738989264e-04    1.367337536067e-04   -3.463253378868e-04    1.404403737979e-04
 179   -5.040565156378e-04   -6.350767944241e-05   -9.140399633907e-04    3.445053516771e-05   -6.003734888509e-04    1.382680638926e-04   -3.461709711701e-04    1.429075928172e-04
 180   -5.049047176726e-04   -6.659745122306e-05   -9.220727370121e-04    3.289222877356e-05   -6.084294291213e-04    1.405378861818e-04   -3.464691399131e-04    1.457266625948e-04
 181   -5.040942924097e-04   -6.971766561037e-05   -9.266054839827e-04    3.193083466613e-05   -6.161685450934e-04    1.415869337507e-04   -3.471722593531e-04    1.459689956391e-04
 182   -5.024273996241e-04   -6.966563523747e-05   -9.288875153288e-04    3.468919385341e-05   -6.229861173779e-04    1.413577410858e-04   -3.472488315310e-04    1.440947671654e-04
 183   -5.012554465793e-04   -6.719606608385e-05   -9.320629760623e-04    3.990572076873e-05   -6.292049656622e-04    1.413097197656e-04   -3.460404404905e-04    1.427847455489e-04
 184   -5.007766885683e-04   -6.649282295257e-05   -9.374285582453e-04    4.266628457117e-05   -6.357247475535e-04    1.421634660801e-04   -3.444873145781e-04    1.432817516616e-04
 185   -5.003300029784e-04   -6.941074389033e-05   -9.440252906643e-04    4.112296301173e-05   -6.427227635868e-04    1.431873824913e-04   -3.437186824158e-04    1.444469526177e-04
 186   -4.994582268409e-04   -7.249960617628e-05   -9.502728353254e-04    3.947159711970e-05   -6.495019188151e-04    1.434524165234e-04   -3.434779064264e-04    1.448967232136e-04
 187   -4.983773687854e-04   -7.168125739554e-05   -9.553668205626e-04    4.223607902532e-05   -6.558171589859e-04    1.431541168131e-04   -3.428234194871e-04    1.448671537219e-04
 188   -4.976229975000e-04   -6.784251309000e-05   -9.599940385669e-04    4.849883407587e-05   -6.623142398894e-04    1.431330310879e-04   -3.413229715079e-04    1.452422875445e-04
 189   -4.973387112841e-04   -6.520963506773e-05   -9.654555469751e-04    5.417628199211e-05   -6.692041060887e-04    1.435148442397e-04   -3.389630874153e-04    1.457411854062e-04
 190   -4.965594271198e-04   -6.536189903272e-05   -9.715988417156e-04    5.751820572186e-05   -6.757283117622e-04    1.434762671124e-04   -3.356796805747e-04    1.451567513868e-04
 191   -4.941988736391e-04   -6.625235982938e-05   -9.771689074114e-04    5.955581582384e-05   -6.813008221798e-04    1.423844514647e-04   -3.316032525618e-04    1.432039425708e-04
 192   -4.908610717393e-04   -6.623774243053e-05   -9.822290157899e-04    6.139608740341e-05   -6.866047624499e-04    1.408623793395e-04   -3.273158508819e-04    1.411304692738e-04
 193   -4.883758374490e-04   -6.582828791579e-05   -9.879973949865e-04    6.362798740156e-05   -6.930819363333e-04    1.403311616741e-04   -3.236700722482e-04    1.401715708198e-04
 194   -4.869617405348e-04   -6.569221295649e-05   -9.941235184669e-04    6.673128518742e-05   -7.011952693574e-04    1.411857811036e-04   -3.209754650015e-04    1.400367764290e-04
 195   -4.844605864491e-04   -6.570725963684e-05   -9.985690703616e-04    7.015681330813e-05   -7.095367182046e-04    1.420459739165e-04   -3.182441287208e-04    1.393775019096e-04
 196   -4.794846463483e-04   -6.612406286877e-05   -1.001029508188e-03    7.248591282405e-05   -7.167398580350e-04    1.414256985299e-04   -3.143645008095e-04    1.375335123157e-04
 197   -4.736548871733e-04   -6.774657231290e-05   -1.004079822451e-03    7.338603609242e-05   -7.237503887154e-04    1.400578039465e-04   -3.100628091488e-04    1.358713925583e-04
 198   -4.691390495282e-04   -7.067099795677e-05   -1.009675208479e-03    7.397912850138e-05   -7.322541787289e-04    1.403805799782e-04   -3.066842909902e-04    1.366853393847e-04
 199   -4.656021192204e-04   -7.386902871076e-05   -1.016415422782e-03    7.504671521019e-05   -7.414761348628e-04    1.430664706277e-04   -3.035694826394e-04    1.399793545716e-04
 200   -4.610289761331e-04   -7.605302380398e-05   -1.021522795781e-03    7.664623990422e-05   -7.493776502088e-04    1.454866724089e-04   -2.990574284922e-04    1.423458597856e-04
 201   -4.546600976028e-04   -7.677621761104e-05   -1.024401979521e-03    7.912333239801e-05   -7.563664112240e-04    1.452350988984e-04   -2.935242955573e-04    1.411649573129e-04
 202   -4.476409230847e-04   -7.683517469559e-05   -1.027136226185e-03    8.264603093266e-05   -7.645880687051e-04    1.436540915165e-04   -2.885652356781e-04    1.386427029502e-04
 203   -4.414744907990e-04   -7.739811553620e-05   -1.031707273796e-03    8.640934538562e-05   -7.738730637357e-04    1.436727761757e-04   -2.838913642336e-04    1.388072705595e-04
 204   -4.370769602247e-04   -7.869695400586e-05   -1.038343063556e-03    8.973252261057e-05   -7.815753342584e-04    1.453587319702e-04   -2.774694003165e-04    1.415891165379e-04
 205   -4.344923072495e-04   -8.014930790523e-05   -1.046278281137e-03    9.312620386481e-05   -7.866662344895e-04    1.462757354602e-04   -2.685009967536e-04    1.430228876416e-04
 206   -4.322420281824e-04   -8.150171197485e-05   -1.054497202858e-03    9.715954365674e-05   -7.916012546048e-04    1.456445461372e-04   -2.585900656413e-04    1.411842240486e-04
 207   -4.276530817151e-04   -8.323293877766e-05   -1.061616814695e-03    1.007818354992e-04   -7.994175539352e-04    1.451660064049e-04   -2.501766430214e-04    1.387892407365e-04
 208   -4.194795328658e-04   -8.576068648836e-05   -1.066706958227e-03    1.025180536089e-04   -8.098763064481e-04    1.455918682041e-04   -2.438824449200e-04    1.387103548041e-04
 209   -4.099946527276e-04   -8.889840682968e-05   -1.070808386430e-03    1.028820697684e-04   -8.193662506528e-04    1.454621960875e-04   -2.373559545958e-04    1.397758896928e-04
 210   -4.024133959319e-04   -9.201125067193e-05   -1.076181768440e-03    1.041400901158e-04   -8.252721163444e-04    1.437398605049e-04   -2.278237661812e-04    1.388650271110e-04
 211   -3.964653296862e-04   -9.439234418096e-05   -1.083333045244e-03    1.074627580238e-04   -8.294142317027e-04    1.415524166077e-04   -2.159022842534e-04    1.356574357487e-04
 212   -3.888414066751e-04   -9.592311107554e-05   -1.090315054171e-03    1.115636187023e-04   -8.357024053112e-04    1.405344810337e-04   -2.048694586847e-04    1.328389334958e-04
 213   -3.783036372624e-04   -9.717797365738e-05   -1.095436397009e-03    1.150889220298e-04   -8.450089371763e-04    1.409189280821e-04   -1.959917281056e-04    1.321015006397e-04
 214   -3.672012535390e-04   -9.870845678961e-05   -1.099107204936e-03    1.183693239000e-04   -8.547148900107e-04    1.419876789441e-04   -1.870155392680e-04    1.326751953457e-04
 215   -3.575613955036e-04   -1.007332830341e-04   -1.102965092286e-03    1.216514719999e-04   -8.631000528112e-04    1.431767013855e-04   -1.760910527082e-04    1.336332934443e-04
 216   -3.486081841402e-04   -1.035485838656e-04   -1.108587835915e-03    1.239945995621e-04   -8.714547730051e-04    1.441832864657e-04   -1.642709830776e-04    1.349975063931e-04
 217   -3.388710611034e-04   -1.074589454220e-04   -1.116439001635e-03    1.255844399566e-04   -8.812300511636e-04    1.448042748962e-04   -1.527982240077e-04    1.360157039016e-04
 218   -3.282657708041e-04   -1.116619678214e-04   -1.124878181145e-03    1.289300562348e-04   -8.914698846638e-04    1.447366666980e-04   -1.406966330251e-04    1.347353390884e-04
 219   -3.172701108269e-04   -1.145869246102e-04   -1.131349592470e-03    1.350187812932e-04   -9.003294399008e-04    1.434769073967e-04   -1.269368367502e-04    1.306792109972e-04
 220   -3.059316368308e-04   -1.163501729025e-04   -1.136246719398e-03    1.402726193191e-04   -9.081634343602e-04    1.410402765032e-04   -1.129056399805e-04    1.264962484129e-04
 221   -2.944499428850e-04   -1.193120988319e-04   -1.143204397522e-03    1.408762473147e-04   -9.172734571621e-04    1.389364333590e-04   -1.005225494737e-04    1.254106173292e-04
 222   -2.831245947164e-04   -1.250444183825e-04   -1.153426244855e-03    1.388007949572e-04   -9.285667911172e-04    1.391906698700e-04   -8.878576772986e-05    1.274231035495e-04
 223   -2.714629517868e-04   -1.321718445979e-04   -1.162905013189e-03    1.398497261107e-04   -9.400195558555e-04    1.417422463419e-04   -7.451271812897e-05    1.294875546591e-04
 224   -2.582116867416e-04   -1.384536590194e-04   -1.168128917925e-03    1.458346960135e-04   -9.494728874415e-04    1.440455962438e-04   -5.644158954965e-05    1.296189293498e-04
 225   -2.424693084322e-04   -1.436558959540e-04   -1.171246753074e-03    1.520417281426e-04   -9.578943136148e-04    1.442296779715e-04   -3.727510193130e-05    1.292688830290e-04
 226   -2.242413029307e-04   -1.484904496465e-04   -1.175870071165e-03    1.542164100101e-04   -9.681053343229e-04    1.432091667084e-04   -2.075932934531e-05    1.303642347921e-04
 227   -2.042524283752e-04   -1.525788102299e-04   -1.180867664516e-03    1.547641732031e-04   -9.805747540668e-04    1.428537507309e-04   -6.883612513775e-06    1.317561400356e-04
 228   -1.840554468799e-04   -1.556643692311e-04   -1.183418557048e-03    1.586532889633e-04   -9.926802013069e-04    1.430732227163e-04    8.684785825608e-06    1.307405327680e-04
 229   -1.655730884522e-04   -1.591996842762e-04   -1.185585046187e-03    1.655799860600e-04   -1.002267817967e-03    1.417872263119e-04    2.956130992970e-05    1.268420310225e-04
 230   -1.487520930823e-04   -1.646372838877e-04   -1.191689865664e-03    1.705305039650e-04   -1.010346342809e-03    1.377817388857e-04    5.410409357864e-05    1.221524289576e-04
 231   -1.304079196416e-04   -1.712688535918e-04   -1.200078753754e-03    1.713191595627e-04   -1.019516377710e-03    1.326288911514e-04    7.723076851107e-05    1.187142624985e-04
 232   -1.078430213965e-04   -1.777666038834e-04   -1.204675994813e-03    1.710293872748e-04   -1.030971296132e-03    1.293506356888e-04    9.651531581767e-05    1.172297779704e-04
 233   -8.297526801471e-05   -1.845627848525e-04   -1.205269014463e-03    1.729030191200e-04   -1.043526921421e-03    1.292221422773e-04    1.153568591690e-04    1.172667107312e-04
 234   -5.986103860778e-05   -1.926441473188e-04   -1.208811881952e-03    1.771774404915e-04   -1.055259024724e-03    1.305511541432e-04    1.394582213834e-04    1.173600321636e-04
 235   -3.856940747937e-05   -2.015917852987e-04   -1.218094257638e-03    1.826904044719e-04   -1.066147931851e-03    1.313096727245e-04    1.695217506494e-04    1.165953144664e-04
 236   -1.536248601042e-05   -2.101392601617e-04   -1.227034488693e-03    1.881086354842e-04   -1.078229746781e-03    1.313681859756e-04    1.993361947825e-04    1.160311221611e-04
 237    1.082941162167e-05   -2.173525281250e-04   -1.231140107848e-03    1.920621580211e-04   -1.091969083063e-03    1.311216910835e-04    2.240474859718e-04    1.165522116935e-04
 238    3.686529817060e-05   -2.230563695775e-04   -1.235011615790e-03    1.943790557561e-04   -1.104306080379e-03    1.295923284488e-04    2.481261617504e-04    1.161561813205e-04
 239    6.144971848698e-05   -2.286115195602e-04   -1.243528211489e-03    1.965990231838e-04   -1.113011967391e-03    1.258989068447e-04    2.790982252918e-04    1.123597903643e-04
 240    8.823176904116e-05   -2.368477871642e-04   -1.252419082448e-03    1.999764353968e-04   -1.121389213949e-03    1.216336750076e-04    3.149670665152e-04    1.068377459887e-04
 241    1.202843995998e-04   -2.489121980034e-04   -1.255245297216e-03    2.043586282525e-04   -1.134221092798e-03    1.193312200485e-04    3.465644549578e-04    1.037316687871e-04
 242    1.551838504383e-04   -2.617058053147e-04   -1.254990114830e-03    2.095608506352e-04   -1.150384545326e-03    1.189589238493e-04    3.726871800609e-04    1.033364387695e-04
 243    1.888709084596e-04   -2.717417664826e-04   -1.260053832084e-03    2.150048676413e-04   -1.164526795037e-03    1.180522376671e-04    4.025644739158e-04    1.016382011585e-04
 244    2.219810849056e-04   -2.804441319313e-04   -1.270776730962e-03    2.183339674957e-04   -1.175760291517e-03    1.154968631454e-04    4.405428480823e-04    9.690606384538e-05
 245    2.583620662335e-04   -2.916839148384e-04   -1.278597046621e-03    2.183134783991e-04   -1.188609981909e-03    1.132351171691e-04    4.788572841790e-04    9.258225327358e-05
 246    2.985111204907e-04   -3.050609375350e-04   -1.279679476283e-03    2.187500940636e-04   -1.204675645567e-03    1.129629526986e-04    5.111593054608e-04    9.164982475340e-05
 247    3.385728923604e-04   -3.160946653225e-04   -1.281155389734e-03    2.250910620205e-04   -1.219782629050e-03    1.127286232077e-04    5.439504748210e-04    9.181175846606e-05
 248    3.763483837247e-04   -3.233420429751e-04   -1.290175481699e-03    2.366716216784e-04   -1.231666305102e-03    1.089186407626e-04    5.865325802006e-04    8.889663149603e-05
 249    4.143250989728e-04   -3.311258333270e-04   -1.303508412093e-03    2.468992606737e-04   -1.244335784577e-03    1.016049791360e-04    6.360854022205e-04    8.288471144624e-05
 250    4.552226746455e-04   -3.439769789111e-04   -1.313764136285e-03    2.518789260648e-04   -1.261215889826e-03    9.547590161674e-05    6.819839472882e-04    7.769424701110e-05
 251    4.978690994903e-04   -3.612284199335e-04   -1.320407493040e-03    2.544846211094e-04   -1.278943265788e-03    9.412900544703e-05    7.215538644232e-04    7.583913975395e-05
 252    5.404038820416e-04   -3.779706312343e-04   -1.327301142737e-03    2.592709206510e-04   -1.292738248594e-03    9.520331514068e-05    7.625762373209e-04    7.551992894150e-05
 253    5.850431043655e-04   -3.904406621587e-04   -1.333967549726e-03    2.668206871022e-04   -1.304257195443e-03    9.353805216961e-05    8.110029157251e-04    7.331711822189e-05
 254    6.354766665027e-04   -3.999451873824e-04   -1.337392604910e-03    2.743543591350e-04   -1.318918424658e-03    8.811466977932e-05    8.638721192256e-04    6.843681330793e-05
 255    6.907667266205e-04   -4.108753928449e-04   -1.339128473774e-03    2.800632501021e-04   -1.337081892416e-03    8.227251237258e-05    9.160593035631e-04    6.248735007830e-05
 256    7.460358319804e-04   -4.250764613971e-04   -1.343247015029e-03    2.855835482478e-04   -1.353296567686e-03    7.766878115945e-05    9.684844990261e-04    5.621963646263e-05
 257    7.991180173121e-04   -4.399732279126e-04   -1.349508878775e-03    2.942216233350e-04   -1.364582683891e-03    7.260052370839e-05    1.025899080560e-03    4.971091402695e-05
 258    8.529580081813e-04   -4.529208235908e-04   -1.355109852739e-03    3.064291668124e-04   -1.375073916279e-03    6.639119237661e-05    1.088867429644e-03    4.473529406823e-05
 259    9.109872626141e-04   -4.652190546039e-04   -1.360443187878e-03    3.176725585945e-04   -1.390695688315e-03    6.092159310356e-05    1.151779782958e-03    4.319992149249e-05
 260    9.736176580191e-04   -4.801290633623e-04   -1.367542659864e-03    3.229491412640e-04   -1.411616802216e-03    5.664030322805e-05    1.210767193697e-03    4.333828110248e-05
 261    1.039767521434e-03   -4.986998974346e-04   -1.375621883199e-03    3.231735900044e-04   -1.432518940419e-03    5.163217429072e-05    1.270175329410e-03    4.186568548903e-05
 262    1.108736149035e-03   -5.188923096284e-04   -1.382780494168e-03    3.246062551625e-04   -1.449244911782e-03    4.576158244163e-05    1.337002380751e-03    3.933272091672e-05
 263    1.179888495244e-03   -5.375028122216e-04   -1.389566343278e-03    3.318628296256e-04   -1.462699845433e-03    4.109385190532e-05    1.410642173141e-03    3.782816929743e-05
 264    1.252576475963e-03   -5.526983877644e-04   -1.397060346790e-03    3.434646059759e-04   -1.476746634580e-03    3.715232014656e-05    1.483654370531e-03    3.498507430777e-05
 265    1.327328849584e-03   -5.665085627697e-04   -1.403767964803e-03    3.546194056980e-04   -1.493995077908e-03    3.053422551602e-05    1.553299953230e-03    2.712092828006e-05
 266    1.405482646078e-03   -5.843087565154e-04   -1.408337382600e-03    3.624578239396e-04   -1.514193834737e-03    2.147891791537e-05    1.625773380511e-03    1.801439793780e-05
 267    1.486686058342e-03   -6.090724491514e-04   -1.413165009581e-03    3.679402871057e-04   -1.535292365588e-03    1.565477577969e-05    1.706519164145e-03    1.612165942788e-05
 268    1.568747567944e-03   -6.361426203512e-04   -1.421348773874e-03    3.746876027435e-04   -1.555084600113e-03    1.473806332797e-05    1.792301423848e-03    2.019450766966e-05
 269    1.651445520110e-03   -6.578593747690e-04   -1.431165845133e-03    3.857346018776e-04   -1.572929439135e-03    1.070945290849e-05    1.876931055449e-03    1.742248423398e-05
 270    1.739268423989e-03   -6.742556579411e-04   -1.437366474420e-03    3.997648600489e-04   -1.590865547769e-03   -3.548746462911e-06    1.960553461686e-03    1.767941284925e-06
 271    1.837537740357e-03   -6.936835125089e-04   -1.437669619918e-03    4.118029028177e-04   -1.612008432858e-03   -2.183223841712e-05    2.048366703093e-03   -1.490965951234e-05
 272    1.945043331943e-03   -7.203184068203e-04   -1.434888574295e-03    4.203947610222e-04   -1.636522123590e-03   -3.165740054101e-05    2.142802579328e-03   -1.941225491464e-05
 273    2.053495962173e-03   -7.478847983293e-04   -1.433512079529e-03    4.319148138165e-04   -1.660074340180e-03   -3.180920612067e-05    2.242408460006e-03   -1.681968569756e-05
 274    2.156820613891e-03   -7.703972514719e-04   -1.436906401068e-03    4.517593770288e-04   -1.679230248556e-03   -3.328948514536e-05    2.345830202103e-03   -2.086290623993e-05
 275    2.259657718241e-03   -7.922468939796e-04   -1.445270492695e-03    4.729734500870e-04   -1.697277883068e-03   -4.357582656667e-05    2.451935317367e-03   -3.164680674672e-05
 276    2.372890710831e-03   -8.204233017750e-04   -1.453594653867e-03    4.830282996409e-04   -1.721104956232e-03   -5.899253301322e-05    2.557837869972e-03   -3.807217581198e-05
 277    2.500209491700e-03   -8.521650452167e-04   -1.455091871321e-03    4.835205618292e-04   -1.751879462972e-03   -7.311388617381e-05    2.662600018084e-03   -3.886985359713e-05
 278    2.633781172335e-03   -8.788551203907e-04   -1.449525821954e-03    4.923224332742e-04   -1.782463048585e-03   -8.547340985388e-05    2.771749626845e-03   -4.545098636299e-05
 279    2.765098586679e-03   -8.994855452329e-04   -1.444445224479e-03    5.198578001000e-04   -1.805977313779e-03   -1.000623451546e-04    2.891778014600e-03   -6.335176294670e-05
 280    2.895045792684e-03   -9.229345596395e-04   -1.445451169275e-03    5.523138097487e-04   -1.825039740652e-03   -1.188889727928e-04    3.019701922312e-03   -8.370343130082e-05
 281    3.029215615243e-03   -9.568954701535e-04   -1.450030482374e-03    5.685503128916e-04   -1.848394866101e-03   -1.381497713737e-04    3.145602531731e-03   -9.596446761861e-05
 282    3.168442519382e-03   -9.988627862185e-04   -1.453845296055e-03    5.679792957380e-04   -1.878937007859e-03   -1.511515001766e-04    3.267609979957e-03   -1.002503558993e-04
 283    3.310889936984e-03   -1.039207912982e-03   -1.457289909013e-03    5.700592882931e-04   -1.910004881211e-03   -1.566722057760e-04    3.396821906790e-03   -1.035577734001e-04
 284    3.458738792688e-03   -1.071592210792e-03   -1.462069689296e-03    5.880553508177e-04   -1.934733474627e-03   -1.620106631890e-04    3.542789025232e-03   -1.099189394154e-04
 285    3.615319728851e-03   -1.100464258343e-03   -1.466221292503e-03    6.140110781416e-04   -1.954544335604e-03   -1.736980630085e-04    3.700636560097e-03   -1.181196421385e-04
 286    3.778866492212e-03   -1.136665930972e-03   -1.467341324314e-03    6.323537090793e-04   -1.975515158847e-03   -1.888072583824e-04    3.858677810058e-03   -1.261493889615e-04
 287    3.946242853999e-03   -1.183990389109e-03   -1.467103837058e-03    6.403074366972e-04   -2.000668551773e-03   -2.012819750234e-04    4.013619851321e-03   -1.341981114820e-04
 288    4.118835553527e-03   -1.233285875060e-03   -1.468778587878e-03    6.492146058008e-04   -2.028733259067e-03   -2.125947503373e-04    4.171594977379e-03   -1.428703544661e-04
 289    4.298237152398e-03   -1.274167443626e-03   -1.472628675401e-03    6.686808774248e-04   -2.057081554085e-03   -2.281375927851e-04    4.337723366916e-03   -1.511615701020e-04
 290    4.481411539018e-03   -1.309012994170e-03   -1.476996578276e-03    6.957873702049e-04   -2.082938794047e-03   -2.466812729836e-04    4.512254614383e-03   -1.585388090461e-04
 291    4.666969180107e-03   -1.348515856080e-03   -1.481258310378e-03    7.209882605821e-04   -2.104676328599e-03   -2.625391352922e-04    4.694065079093e-03   -1.674015074968e-04
 292    4.860923159868e-03   -1.396302133799e-03   -1.484460313804e-03    7.392241386697e-04   -2.124519087374e-03   -2.764487871900e-04    4.881159402430e-03   -1.807122025639e-04
 293    5.069260951132e-03   -1.446471083909e-03   -1.484044245444e-03    7.521299412474e-04   -2.148559782654e-03   -2.956315875053e-04    5.069083534181e-03   -1.974829938263e-04
 294    5.288763437420e-03   -1.494860975072e-03   -1.479780767113e-03    7.638164097443e-04   -2.181167248636e-03   -3.219912759960e-04    5.255633965135e-03   -2.135798567906e-04
 295    5.511605180800e-03   -1.544171245769e-03   -1.476336736232e-03    7.785391062498e-04   -2.217799192294e-03   -3.471625968814e-04    5.448188167065e-03   -2.270238474011e-04
 296    5.735229700804e-03   -1.596652437001e-03   -1.477868761867e-03    8.002927061170e-04   -2.247457392514e-03   -3.630655119196e-04    5.657849367708e-03   -2.397426869720e-04
 297    5.963013507426e-03   -1.649542013183e-03   -1.482372870669e-03    8.300247136503e-04   -2.266050782055e-03   -3.732070326805e-04    5.884012673050e-03   -2.542500151321e-04
 298    6.198595743626e-03   -1.700674882159e-03   -1.485375454649e-03    8.628254290670e-04   -2.283626003191e-03   -3.888125065714e-04    6.112776231021e-03   -2.708104439080e-04
 299    6.443663965911e-03   -1.752648036927e-03   -1.486513996497e-03    8.912575431168e-04   -2.312008058652e-03   -4.149079322815e-04    6.335430312902e-03   -2.883760025725e-04
 300    6.698845885694e-03   -1.808427507058e-03   -1.487863250077e-03    9.120450122282e-04   -2.348848851398e-03   -4.453534493223e-04    6.560171954334e-03   -3.059239825234e-04
 301    6.962304934859e-03   -1.866877079010e-03   -1.488959649578e-03    9.299316443503e-04   -2.382072852924e-03   -4.718005657196e-04    6.798724178225e-03   -3.217522753403e-04
 302    7.228566799313e-03   -1.925061224028e-03   -1.488942420110e-03    9.546321816742e-04   -2.406526589766e-03   -4.927980480716e-04    7.050065323710e-03   -3.348377067596e-04
 303    7.494276389480e-03   -1.982600660995e-03   -1.490534516051e-03    9.908590000123e-04   -2.427327446640e-03   -5.125635070726e-04    7.306512445211e-03   -3.476643469185e-04
 304    7.765462622046e-03   -2.041900996119e-03   -1.495875534602e-03    1.030928455293e-03   -2.450695959851e-03   -5.342004587874e-04    7.567365653813e-03   -3.633929882199e-04
 305    8.052641525865e-03   -2.105548512191e-03   -1.501197461039e-03    1.061972929165e-03   -2.478598151356e-03   -5.562138976529e-04    7.837209850550e-03   -3.794453805313e-04
 306    8.356102742255e-03   -2.174059394747e-03   -1.502385945059e-03    1.083219423890e-03   -2.509043086320e-03   -5.752835422754e-04    8.116256445646e-03   -3.905182238668e-04
 307    8.664568886161e-03   -2.244350966066e-03   -1.502655795775e-03    1.109726028517e-03   -2.536970423535e-03   -5.932128988206e-04    8.401371538639e-03   -4.012121353298e-04
 308    8.973453193903e-03   -2.311347285286e-03   -1.507321139798e-03    1.152492826805e-03   -2.559920540079e-03   -6.188326515257e-04    8.691917173564e-03   -4.250777419657e-04
 309    9.293932467699e-03   -2.373822033405e-03   -1.513027818874e-03    1.202425220981e-03   -2.584962639958e-03   -6.572748534381e-04    8.988289162517e-03   -4.637613892555e-04
 310    9.635691531003e-03   -2.437657676637e-03   -1.510644331574e-03    1.242826459929e-03   -2.621865365654e-03   -6.987575907260e-04    9.289527311921e-03   -4.979853983968e-04
 311    9.990936145186e-03   -2.510478952900e-03   -1.499276375398e-03    1.271453686059e-03   -2.666901331395e-03   -7.266837637872e-04    9.598105214536e-03   -5.108952755108e-04
 312    1.034738123417e-02   -2.592684235424e-03   -1.488346257247e-03    1.298635965213e-03   -2.703927224502e-03   -7.386167999357e-04    9.921153075993e-03   -5.123288137838e-04
 313    1.070791762322e-02   -2.675570547581e-03   -1.483167754486e-03    1.329288352281e-03   -2.724128775299e-03   -7.513328455389e-04    1.026120781898e-02   -5.264090141281e-04
 314    1.108364108950e-02   -2.749971579760e-03   -1.476902863942e-03    1.361100235954e-03   -2.736245514825e-03   -7.812117692083e-04    1.060950662941e-02   -5.596436094493e-04
 315    1.147277466953e-02   -2.816048450768e-03   -1.463610678911e-03    1.397332409397e-03   -2.753549022600e-03   -8.261294569820e-04    1.095562055707e-02   -5.962515715510e-04
 316    1.186108868569e-02   -2.883450128138e-03   -1.451529795304e-03    1.445077359676e-03   -2.778942231089e-03   -8.707616943866e-04    1.130099315196e-02   -6.237213965505e-04
 317    1.224412675947e-02   -2.961280522868e-03   -1.452252501622e-03    1.500017940998e-03   -2.807624405250e-03   -9.052476380020e-04    1.165598724037e-02   -6.472889799625e-04
 318    1.263731438667e-02   -3.048881422728e-03   -1.460978761315e-03    1.547214575112e-03   -2.837138716131e-03   -9.339246898890e-04    1.202431321144e-02   -6.752994377166e-04
 319    1.305701676756e-02   -3.138930769637e-03   -1.462631626055e-03    1.581142190844e-03   -2.867576899007e-03   -9.653493762016e-04    1.239969860762e-02   -7.031809072942e-04
 320    1.349794678390e-02   -3.227896755561e-03   -1.455977093428e-03    1.612475840375e-03   -2.895650453866e-03   -9.993186686188e-04    1.277909893543e-02   -7.220380939543e-04
 321    1.393815036863e-02   -3.317801747471e-03   -1.455706078559e-03    1.652560429648e-03   -2.917455974966e-03   -1.029765000567e-03    1.316946372390e-02   -7.360540330410e-04
 322    1.436780393124e-02   -3.408987307921e-03   -1.467710128054e-03    1.701305620372e-03   -2.937335520983e-03   -1.057445071638e-03    1.357635948807e-02   -7.584667764604e-04
 323    1.480280794203e-02   -3.498575650156e-03   -1.479089492932e-03    1.752432668582e-03   -2.964524552226e-03   -1.090165460482e-03    1.399443857372e-02   -7.911827415228e-04
 324    1.526231504977e-02   -3.587630344555e-03   -1.479462254792e-03    1.801741775125e-03   -2.996979281306e-03   -1.128660282120e-03    1.441710256040e-02   -8.214344270527e-04
 325    1.574199646711e-02   -3.681070171297e-03   -1.476594945416e-03    1.848206855357e-03   -3.019181778654e-03   -1.163656590506e-03    1.484782714397e-02   -8.430143352598e-04
 326    1.622097194195e-02   -3.776957280934e-03   -1.481894869357e-03    1.894791144878e-03   -3.024091012776e-03   -1.191222574562e-03    1.529249083251e-02   -8.676201105118e-04
 327    1.669120416045e-02   -3.865246661007e-03   -1.491987612098e-03    1.948575954884e-03   -3.027515020221e-03   -1.220935489982e-03    1.574454829097e-02   -9.064041078091e-04
 328    1.716644130647e-02   -3.943530842662e-03   -1.496235840023e-03    2.013158984482e-03   -3.047744277865e-03   -1.263597048819e-03    1.619037054479e-02   -9.530035313219e-04
 329    1.766154728830e-02   -4.024750087410e-03   -1.495012780651e-03    2.082919236273e-03   -3.077162196860e-03   -1.316966721788e-03    1.663170754910e-02   -9.958748705685e-04
 330    1.817239448428e-02   -4.120239987969e-03   -1.500282553025e-03    2.149866893888e-03   -3.091258229688e-03   -1.368511701003e-03    1.709032431245e-02   -1.034672837704e-03
 331    1.868421398103e-02   -4.222168587148e-03   -1.518032513559e-03    2.212976105511e-03   -3.083897754550e-03   -1.408427953720e-03    1.758235506713e-02   -1.072534592822e-03
 332    1.919342763722e-02   -4.313247278333e-03   -1.539285527542e-03    2.277529332787e-03   -3.074663458392e-03   -1.439146231860e-03    1.809662021697e-02   -1.106519484892e-03
 333    1.971297897398e-02   -4.390696063638e-03   -1.550888875499e-03    2.347639761865e-03   -3.078924724832e-03   -1.474167220294e-03    1.860734075308e-02   -1.139049651101e-03
 334    2.025502920151e-02   -4.469868727028e-03   -1.551049994305e-03    2.422251738608e-03   -3.090510843322e-03   -1.524554565549e-03    1.910370029509e-02   -1.183993183076e-03
 335    2.081758715212e-02   -4.563796333969e-03   -1.548241009004e-03    2.495430875570e-03   -3.100213361904e-03   -1.586264930665e-03    1.959759183228e-02   -1.245763851330e-03
 336    2.138848416507e-02   -4.667541943491e-03   -1.549982815050e-03    2.561205532402e-03   -3.110630903393e-03   -1.643634866923e-03    2.010700292885e-02   -1.305233919993e-03
 337    2.195548638701e-02   -4.765648394823e-03   -1.557951909490e-03    2.621477469802e-03   -3.121227025986e-03   -1.686126459390e-03    2.063788846135e-02   -1.343400450423e-03
 338    2.251274324954e-02   -4.850861150771e-03   -1.570785767399e-03    2.687252592295e-03   -3.118970431387e-03   -1.721178181469e-03    2.118032798171e-02   -1.369287259877e-03
 339    2.306817099452e-02   -4.930240102112e-03   -1.584686920978e-03    2.767265774310e-03   -3.099819179624e-03   -1.767880748957e-03    2.172028832138e-02   -1.406646799296e-03
 340    2.364223822951e-02   -5.013305693865e-03   -1.594260334969e-03    2.854567952454e-03   -3.081237431616e-03   -1.834645867348e-03    2.225753478706e-02   -1.457163132727e-03
 341    2.424569055438e-02   -5.099426023662e-03   -1.600880408660e-03    2.931561321020e-03   -3.076925640926e-03   -1.904363743961e-03    2.280735224485e-02   -1.495898235589e-03
 342    2.486100979149e-02   -5.179899744689e-03   -1.615317305550e-03    2.992710564286e-03   -3.074553562328e-03   -1.951892860234e-03    2.337697334588e-02   -1.509642461315e-03
 343    2.546110376716e-02   -5.251364782453e-03   -1.645219861530e-03    3.055509179831e-03   -3.055874491110e-03   -1.978913322091e-03    2.395143173635e-02   -1.521587371826e-03
 344    2.604391425848e-02   -5.319921299815e-03   -1.683778129518e-03    3.141556866467e-03   -3.024789504707e-03   -2.014396712184e-03    2.451722696424e-02   -1.561040990055e-03
 345    2.663397416472e-02   -5.389848724008e-03   -1.718223909847e-03    3.249307163060e-03   -2.997664501891e-03   -2.073482610285e-03    2.508824877441e-02   -1.618681708351e-03
 346    2.725134976208e-02   -5.455617792904e-03   -1.745578832924e-03    3.354500513524e-03   -2.979268552735e-03   -2.135069109499e-03    2.568319626153e-02   -1.655086176470e-03
 347    2.789237722754e-02   -5.511191673577e-03   -1.772306044586e-03    3.437862731516e-03   -2.964053070173e-03   -2.173753920943e-03    2.628642320633e-02   -1.655051717535e-03
 348    2.854055166245e-02   -5.562716163695e-03   -1.801519305445e-03    3.505643457174e-03   -2.949883928522e-03   -2.197790425271e-03    2.686437219381e-02   -1.649250974879e-03
 349    2.918347343802e-02   -5.621341057122e-03   -1.829419285059e-03    3.582075703889e-03   -2.934982068837e-03   -2.234951127321e-03    2.742273546755e-02   -1.671809703112e-03
 350    2.981696464121e-02   -5.684410687536e-03   -1.855085836723e-03    3.682982642204e-03   -2.910832641646e-03   -2.291545737535e-03    2.800684608519e-02   -1.716731116176e-03
 351    3.044139966369e-02   -5.732259247452e-03   -1.886374666356e-03    3.802225459367e-03   -2.871877746657e-03   -2.348743844777e-03    2.863597683609e-02   -1.753051299602e-03
 352    3.106328099966e-02   -5.747943185270e-03   -1.930006896146e-03    3.922958392650e-03   -2.825789153576e-03   -2.397472504526e-03    2.927312999964e-02   -1.767429523170e-03
 353    3.169573098421e-02   -5.736484192312e-03   -1.980121014640e-03    4.035489633679e-03   -2.782062161714e-03   -2.451942767948e-03    2.988050505519e-02   -1.771168783307e-03
 354    3.234692662954e-02   -5.718781612813e-03   -2.024639630690e-03    4.141912795603e-03   -2.735002199188e-03   -2.521198708564e-03    3.047515638173e-02   -1.775213982910e-03
 355    3.300719708204e-02   -5.706522613764e-03   -2.062187762931e-03    4.251197911799e-03   -2.671807305887e-03   -2.590756863356e-03    3.109782189131e-02   -1.779495738447e-03
 356    3.366086259484e-02   -5.687786266208e-03   -2.101704711094e-03    4.375060088933e-03   -2.594802062958e-03   -2.646298147738e-03    3.174919635057e-02   -1.784127671272e-03
 357    3.431065380573e-02   -5.643429700285e-03   -2.145037986338e-03    4.517494700849e-03   -2.524218289182e-03   -2.696690615267e-03    3.238842263818e-02   -1.789477653801e-03
 358    3.497324511409e-02   -5.574130453169e-03   -2.183870412409e-03    4.665100947022e-03   -2.469728235155e-03   -2.755575813353e-03    3.299615904689e-02   -1.786316744983e-03
 359    3.564622253180e-02   -5.500071682036e-03   -2.219684887677e-03    4.802244715393e-03   -2.411291003227e-03   -2.815933898091e-03    3.360507637262e-02   -1.764602027833e-03
 360    3.630553930998e-02   -5.432704929262e-03   -2.266971394420e-03    4.935035482049e-03   -2.323550637811e-03   -2.863375004381e-03    3.425081819296e-02   -1.731154043227e-03
 361    3.694750368595e-02   -5.357122048736e-03   -2.327330643311e-03    5.082721821964e-03   -2.216107910499e-03   -2.904244232923e-03    3.491370379925e-02   -1.701529137790e-03
 362    3.760314360261e-02   -5.249998997897e-03   -2.382711973041e-03    5.245661363006e-03   -2.128622960299e-03   -2.957585733384e-03    3.554290160537e-02   -1.673764549196e-03
 363    3.829050064087e-02   -5.110417492688e-03   -2.427589148283e-03    5.401576869190e-03   -2.077883575112e-03   -3.021992743015e-03    3.613141924143e-02   -1.630906015635e-03
 364    3.897811099887e-02   -4.964068997651e-03   -2.486411249265e-03    5.536675453186e-03   -2.028874121606e-03   -3.073653671890e-03    3.672887012362e-02   -1.569320447743e-03
 365    3.962814062834e-02   -4.826637450606e-03   -2.577229635790e-03    5.663132295012e-03   -1.935827895068e-03   -3.100608941168e-03    3.737049177289e-02   -1.503592822701e-03
 366    4.025472700596e-02   -4.672657698393e-03   -2.679825061932e-03    5.800549872220e-03   -1.799028366804e-03   -3.119056113064e-03    3.803294897079e-02   -1.437867525965e-03
 367    4.090392962098e-02   -4.456138238311e-03   -2.764244563878e-03    5.956960842013e-03   -1.661170041189e-03   -3.148038871586e-03    3.867687284946e-02   -1.349467318505e-03
 368    4.158763214946e-02   -4.149368032813e-03   -2.830218523741e-03    6.137170828879e-03   -1.547640538774e-03   -3.183633089066e-03    3.930466622114e-02   -1.218904741108e-03
 369    4.227063432336e-02   -3.771397750825e-03   -2.897849772125e-03    6.344148889184e-03   -1.437215832993e-03   -3.209971822798e-03    3.994468599558e-02   -1.060250680894e-03
 370    4.292461276054e-02   -3.370937425643e-03   -2.975494368002e-03    6.564604118466e-03   -1.297796494327e-03   -3.226985223591e-03    4.060033708811e-02   -9.147850796580e-04
 371    4.356853291392e-02   -2.943505998701e-03   -3.059255890548e-03    6.777051836252e-03   -1.130180084147e-03   -3.248321823776e-03    4.124784469604e-02   -7.942197844386e-04
 372    4.423959180713e-02   -2.379483310506e-03   -3.153267083690e-03    6.980815902352e-03   -9.619630291127e-04   -3.270038403571e-03    4.187601804733e-02   -6.198487244546e-04
 373    4.493622481823e-02   -1.575594302267e-03   -3.268158063293e-03    7.197875529528e-03   -8.056088699959e-04   -3.264338709414e-03    4.249805584550e-02   -3.069713711739e-04
 374    4.561485350132e-02   -6.298297084868e-04   -3.411106532440e-03    7.438006810844e-03   -6.414662348107e-04   -3.218534402549e-03    4.312813282013e-02    8.563324809074e-05
 375    4.626332595944e-02    2.924925647676e-04   -3.587060375139e-03    7.703516632318e-03   -4.440316697583e-04   -3.158365376294e-03    4.377326369286e-02    4.305294714868e-04
 376    4.695311933756e-02    1.445703674108e-03   -3.804131876677e-03    8.041749708354e-03   -2.061917330138e-04   -3.095433115959e-03    4.445554688573e-02    8.392885793000e-04
 377    4.777137935162e-02    3.565011546016e-03   -4.078637808561e-03    8.526373654604e-03    6.512179970741e-05   -2.964004874229e-03    4.521061480045e-02    1.729727489874e-03
 378    4.869654029608e-02    7.105194032192e-03   -4.429243039340e-03    9.151384234428e-03    3.652959130704e-04   -2.668294124305e-03    4.603967815638e-02    3.304071724415e-03
