   0    1.000000000000e+00    0.000000000000e+00    0.000000000000e+00    0.000000000000e+00    0.000000000000e+00    0.000000000000e+00    1.000000000000e+00    0.000000000000e+00
   1    1.000000000000e+00    0.000000000000e+00    0.000000000000e+00    0.000000000000e+00    0.000000000000e+00    0.000000000000e+00    1.000000000000e+00    0.000000000000e+00
   2    1.000000000000e+00    0.000000000000e+00    0.000000000000e+00    0.000000000000e+00    0.000000000000e+00    0.000000000000e+00    1.000000000000e+00    0.000000000000e+00
   3    1.000000000000e+00    0.000000000000e+00    0.000000000000e+00    0.000000000000e+00    0.000000000000e+00    0.000000000000e+00    1.000000000000e+00    0.000000000000e+00
   4    1.000000000000e+00    0.000000000000e+00    0.000000000000e+00    0.000000000000e+00    0.000000000000e+00    0.000000000000e+00    1.000000000000e+00    0.000000000000e+00
   5    1.000000000000e+00    0.000000000000e+00    0.000000000000e+00    0.000000000000e+00    0.000000000000e+00    0.000000000000e+00    1.000000000000e+00    0.000000000000e+00
   6    1.000000000000e+00    0.000000000000e+00    0.000000000000e+00    0.000000000000e+00    0.000000000000e+00    0.000000000000e+00    1.000000000000e+00    0.000000000000e+00
   7    1.000000000000e+00    0.000000000000e+00    0.000000000000e+00    0.000000000000e+00    0.000000000000e+00    0.000000000000e+00    1.000000000000e+00    0.000000000000e+00
   8    1.000000000000e+00    0.000000000000e+00    0.000000000000e+00    0.000000000000e+00    0.000000000000e+00    0.000000000000e+00    1.000000000000e+00    0.000000000000e+00
   9    1.000000000000e+00    0.000000000000e+00    0.000000000000e+00    0.000000000000e+00    0.000000000000e+00    0.000000000000e+00    1.000000000000e+00    0.000000000000e+00
  10    1.000000000000e+00    0.000000000000e+00    0.000000000000e+00    0.000000000000e+00    0.000000000000e+00    0.000000000000e+00    1.000000000000e+00    0.000000000000e+00
  11    1.000000000000e+00    0.000000000000e+00    0.000000000000e+00    0.000000000000e+00    0.000000000000e+00    0.000000000000e+00    1.000000000000e+00    0.000000000000e+00
  12    1.000000000000e+00    0.000000000000e+00    0.000000000000e+00    0.000000000000e+00    0.000000000000e+00    0.000000000000e+00    1.000000000000e+00    0.000000000000e+00
  13    1.000000000000e+00    0.000000000000e+00    0.000000000000e+00    0.000000000000e+00    0.000000000000e+00    0.000000000000e+00    1.000000000000e+00    0.000000000000e+00
  14    1.000000000000e+00    0.000000000000e+00    0.000000000000e+00    0.000000000000e+00    0.000000000000e+00    0.000000000000e+00    1.000000000000e+00    0.000000000000e+00
  15    1.000000000000e+00    0.000000000000e+00    0.000000000000e+00    0.000000000000e+00    0.000000000000e+00    0.000000000000e+00    1.000000000000e+00    0.000000000000e+00
  16    1.000000000000e+00    0.000000000000e+00    0.000000000000e+00    0.000000000000e+00    0.000000000000e+00    0.000000000000e+00    1.000000000000e+00    0.000000000000e+00
  17    1.000000000000e+00    0.000000000000e+00    0.000000000000e+00    0.000000000000e+00    0.000000000000e+00    0.000000000000e+00    1.000000000000e+00    0.000000000000e+00
  18    1.000000000000e+00    0.000000000000e+00    0.000000000000e+00    0.000000000000e+00    0.000000000000e+00    0.000000000000e+00    1.000000000000e+00    0.000000000000e+00
  19    1.000000000000e+00    0.000000000000e+00    0.000000000000e+00    0.000000000000e+00    0.000000000000e+00    0.000000000000e+00    1.000000000000e+00    0.000000000000e+00
  20    1.000000000000e+00    0.000000000000e+00    0.000000000000e+00    0.000000000000e+00    0.000000000000e+00    0.000000000000e+00    1.000000000000e+00    0.000000000000e+00
  21    1.000000000000e+00    0.000000000000e+00    0.000000000000e+00    0.000000000000e+00    0.000000000000e+00    0.000000000000e+00    1.000000000000e+00    0.000000000000e+00
  22    1.000000000000e+00    0.000000000000e+00    0.000000000000e+00    0.000000000000e+00    0.000000000000e+00    0.000000000000e+00    1.000000000000e+00    0.000000000000e+00
  23    1.000000000000e+00    0.000000000000e+00    0.000000000000e+00    0.000000000000e+00    0.000000000000e+00    0.000000000000e+00    1.000000000000e+00    0.000000000000e+00
  24    1.000000000000e+00    0.000000000000e+00    0.000000000000e+00    0.000000000000e+00    0.000000000000e+00    0.000000000000e+00    1.000000000000e+00    0.000000000000e+00
  25    1.000000000000e+00    0.000000000000e+00    0.000000000000e+00    0.000000000000e+00    0.000000000000e+00    0.000000000000e+00    1.000000000000e+00    0.000000000000e+00
  26    1.000000000000e+00    0.000000000000e+00    0.000000000000e+00    0.000000000000e+00    0.000000000000e+00    0.000000000000e+00    1.000000000000e+00    0.000000000000e+00
  27    1.000000000000e+00    0.000000000000e+00    0.000000000000e+00    0.000000000000e+00    0.000000000000e+00    0.000000000000e+00    1.000000000000e+00    0.000000000000e+00
  28    1.000000000000e+00    0.000000000000e+00    0.000000000000e+00    0.000000000000e+00    0.000000000000e+00    0.000000000000e+00    1.000000000000e+00    0.000000000000e+00
  29    1.000000000000e+00    0.000000000000e+00    0.000000000000e+00    0.000000000000e+00    0.000000000000e+00    0.000000000000e+00    1.000000000000e+00    0.000000000000e+00
  30    1.000000000000e+00    0.000000000000e+00    0.000000000000e+00    0.000000000000e+00    0.000000000000e+00    0.000000000000e+00    1.000000000000e+00    0.000000000000e+00
  31    1.000000000000e+00    0.000000000000e+00    0.000000000000e+00    0.000000000000e+00    0.000000000000e+00    0.000000000000e+00    1.000000000000e+00    0.000000000000e+00
  32    1.000000000000e+00    0.000000000000e+00    0.000000000000e+00    0.000000000000e+00    0.000000000000e+00    0.000000000000e+00    1.000000000000e+00    0.000000000000e+00
  33    1.000000000000e+00    0.000000000000e+00    0.000000000000e+00    0.000000000000e+00    0.000000000000e+00    0.000000000000e+00    1.000000000000e+00    0.000000000000e+00
  34    1.000000000000e+00    0.000000000000e+00    0.000000000000e+00    0.000000000000e+00    0.000000000000e+00    0.000000000000e+00    1.000000000000e+00    0.000000000000e+00
  35    1.000000000000e+00    0.000000000000e+00    0.000000000000e+00    0.000000000000e+00    0.000000000000e+00    0.000000000000e+00    1.000000000000e+00    0.000000000000e+00
  36    1.000000000000e+00    0.000000000000e+00    0.000000000000e+00    0.000000000000e+00    0.000000000000e+00    0.000000000000e+00    1.000000000000e+00    0.000000000000e+00
  37    1.000000000000e+00    0.000000000000e+00    0.000000000000e+00    0.000000000000e+00    0.000000000000e+00    0.000000000000e+00    1.000000000000e+00    0.000000000000e+00
  38    1.000000000000e+00    0.000000000000e+00    0.000000000000e+00    0.000000000000e+00    0.000000000000e+00    0.000000000000e+00    1.000000000000e+00    0.000000000000e+00
  39    1.000000000000e+00    0.000000000000e+00    0.000000000000e+00    0.000000000000e+00    0.000000000000e+00    0.000000000000e+00    1.000000000000e+00    0.000000000000e+00
  40    7.254561781883e-01    0.000000000000e+00   -2.386801838875e-01    6.455578207970e-01    2.386802732944e-01    6.455578804016e-01    7.254561781883e-01    0.000000000000e+00
  41    7.210574746132e-01    0.000000000000e+00   -3.576778769493e-01    5.934160947800e-01    3.576778769493e-01    5.934160947800e-01    7.210574150085e-01    0.000000000000e+00
  42    7.155974507332e-01    0.000000000000e+00   -3.924414515495e-01    5.778495073318e-01    3.924414217472e-01    5.778494477272e-01    7.155974507332e-01    0.000000000000e+00
  43    7.097102999687e-01    0.000000000000e+00   -4.231740236282e-01    5.632362365723e-01    4.231740236282e-01    5.632361769676e-01    7.097103595734e-01    0.000000000000e+00
  44    7.084726095200e-01    0.000000000000e+00    4.550553262234e-01   -5.394360423088e-01   -4.550552368164e-01   -5.394360423088e-01    7.084726095200e-01    0.000000000000e+00
  45    7.103004455566e-01    0.000000000000e+00    4.602589607239e-01   -5.325738787651e-01   -4.602589607239e-01   -5.325738787651e-01    7.103006243706e-01    0.000000000000e+00
  46    7.121200561523e-01    0.000000000000e+00    4.408150017262e-01   -5.464130640030e-01   -4.408148825169e-01   -5.464129447937e-01    7.121200561523e-01    0.000000000000e+00
  47    7.149530053139e-01    0.000000000000e+00    4.233411252499e-01   -5.564391613007e-01   -4.233410954475e-01   -5.564391016960e-01    7.149529457092e-01    0.000000000000e+00
  48    7.179001569748e-01    0.000000000000e+00    4.322245121002e-01   -5.457117557526e-01   -4.322244822979e-01   -5.457118153572e-01    7.179001569748e-01    0.000000000000e+00
  49    7.205722928047e-01    0.000000000000e+00    4.475889503956e-01   -5.295656919479e-01   -4.475888907909e-01   -5.295656323433e-01    7.205722332001e-01    0.000000000000e+00
  50    7.240397930145e-01    0.000000000000e+00    4.422053396702e-01   -5.293587446213e-01   -4.422053694725e-01   -5.293588042259e-01    7.240398526192e-01    0.000000000000e+00
  51    7.287728190422e-01    0.000000000000e+00    4.138522744179e-01   -5.455424785614e-01   -4.138522446156e-01   -5.455424785614e-01    7.287726998329e-01    0.000000000000e+00
  52    7.331568598747e-01    0.000000000000e+00    3.808968365192e-01   -5.633812546730e-01   -3.808969259262e-01   -5.633813738823e-01    7.331568598747e-01    0.000000000000e+00
  53    7.352851033211e-01    0.000000000000e+00    3.619979023933e-01   -5.729863047600e-01   -3.619979023933e-01   -5.729863047600e-01    7.352851629257e-01    0.000000000000e+00
  54    7.361057996750e-01    0.000000000000e+00    3.474971950054e-01   -5.808562636375e-01   -3.474971950054e-01   -5.808563232422e-01    7.361058592796e-01    0.000000000000e+00
  55    7.382700443268e-01    0.000000000000e+00    3.170571029186e-01   -5.953419804573e-01   -3.170570731163e-01   -5.953419804573e-01    7.382700443268e-01    0.000000000000e+00
  56    7.427158951759e-01    0.000000000000e+00    2.726121544838e-01   -6.116009950638e-01   -2.726122140884e-01   -6.116009950638e-01    7.427158951759e-01    0.000000000000e+00
  57    7.475630640984e-01    0.000000000000e+00    2.349834740162e-01   -6.212342977524e-01   -2.349834889174e-01   -6.212342977524e-01    7.475631833076e-01    0.000000000000e+00
  58    7.503209114075e-01    0.000000000000e+00    2.078680992126e-01   -6.275423169136e-01   -2.078681290150e-01   -6.275423765182e-01    7.503209114075e-01    0.000000000000e+00
  59    7.514261007309e-01    0.000000000000e+00    1.664403080940e-01   -6.384798884392e-01   -1.664402782917e-01   -6.384798288345e-01    7.514259815216e-01    0.000000000000e+00
  60    7.534249424934e-01    0.000000000000e+00    9.381326287985e-02   -6.508069634438e-01   -9.381327033043e-02   -6.508070230484e-01    7.534251213074e-01    0.000000000000e+00
  61    7.572750449181e-01    0.000000000000e+00    1.875907764770e-03   -6.530933380127e-01   -1.875910791568e-03   -6.530933976173e-01    7.572751641273e-01    0.000000000000e+00
  62    7.605097889900e-01    0.000000000000e+00   -9.304150193930e-02   -6.426259875298e-01    9.304148703814e-02   -6.426259875298e-01    7.605097293854e-01    0.000000000000e+00
  63    7.602357864380e-01    0.000000000000e+00   -1.929262578487e-01   -6.203393936157e-01    1.929262578487e-01   -6.203393340111e-01    7.602359056473e-01    0.000000000000e+00
  64    7.571538090706e-01    0.000000000000e+00   -2.935819327831e-01   -5.835475921631e-01    2.935819625854e-01   -5.835475921631e-01    7.571538090706e-01    0.000000000000e+00
  65    7.547835707664e-01    0.000000000000e+00   -3.747763931751e-01   -5.383720397949e-01    3.747763633728e-01   -5.383720397949e-01    7.547835111618e-01    0.000000000000e+00
  66    7.539519071579e-01    0.000000000000e+00   -4.361364841461e-01   -4.912649691105e-01    4.361365437508e-01   -4.912650585175e-01    7.539520263672e-01    0.000000000000e+00
  67    7.519137263298e-01    0.000000000000e+00   -4.980431199074e-01   -4.319478869438e-01    4.980430901051e-01   -4.319478571415e-01    7.519136667252e-01    0.000000000000e+00
  68    7.474062442780e-01    0.000000000000e+00   -5.621998310089e-01   -3.539988994598e-01    5.621998310089e-01   -3.539989292622e-01    7.474062442780e-01    0.000000000000e+00
  69    7.424596548080e-01    0.000000000000e+00   -6.093860268593e-01   -2.782127261162e-01    6.093860268593e-01   -2.782127559185e-01    7.424596548080e-01    0.000000000000e+00
  70    7.385323047638e-01    0.000000000000e+00   -6.360060572624e-01   -2.237547487020e-01    6.360060572624e-01   -2.237547636032e-01    7.385323643684e-01    0.000000000000e+00
  71    7.344352602959e-01    0.000000000000e+00   -6.546161174774e-01   -1.791162192822e-01    6.546160578728e-01   -1.791162043810e-01    7.344352602959e-01    0.000000000000e+00
  72    7.294290065765e-01    0.000000000000e+00   -6.724826693535e-01   -1.253011524677e-01    6.724827885628e-01   -1.253011822701e-01    7.294290065765e-01    0.000000000000e+00
  73    7.249805927277e-01    0.000000000000e+00   -6.855332851410e-01   -6.668592244387e-02    6.855335235596e-01   -6.668595224619e-02    7.249806523323e-01    0.000000000000e+00
  74    7.223055362701e-01    0.000000000000e+00   -6.912993192673e-01   -1.949288696051e-02    6.912993788719e-01   -1.949288696051e-02    7.223055958748e-01    0.000000000000e+00
  75    7.206911444664e-01    0.000000000000e+00   -6.930871009827e-01    1.531815808266e-02    6.930870413780e-01    1.531815622002e-02    7.206910848618e-01    0.000000000000e+00
  76    7.186154127121e-01    0.000000000000e+00   -6.935158371925e-01    5.125995352864e-02    6.935158967972e-01    5.125994607806e-02    7.186154723167e-01    0.000000000000e+00
  77    7.157406210899e-01    0.000000000000e+00   -6.920268535614e-01    9.388420730829e-02    6.920267343521e-01    9.388419240713e-02    7.157406806946e-01    0.000000000000e+00
  78    7.126685380936e-01    0.000000000000e+00   -6.884887814522e-01    1.344871819019e-01    6.884887814522e-01    1.344872117043e-01    7.126684188843e-01    0.000000000000e+00
  79    7.100076079369e-01    0.000000000000e+00   -6.846463084221e-01    1.647686809301e-01    6.846462488174e-01    1.647686660290e-01    7.100076079369e-01    0.000000000000e+00
  80    7.082559466362e-01    0.000000000000e+00   -6.809582114220e-01    1.861966103315e-01    6.809583306313e-01    1.861966848373e-01    7.082560658455e-01    0.000000000000e+00
  81    7.076033949852e-01    0.000000000000e+00   -6.760070323944e-01    2.056978642941e-01    6.760071516037e-01    2.056979089975e-01    7.076035737991e-01    0.000000000000e+00
  82    7.072458267212e-01    0.000000000000e+00   -6.694120764732e-01    2.273564040661e-01    6.694119572639e-01    2.273563891649e-01    7.072458267212e-01    0.000000000000e+00
  83    7.081608772278e-01    0.000000000000e+00    6.607524752617e-01   -2.488259375095e-01   -6.607524752617e-01   -2.488259971142e-01    7.081609368324e-01    0.000000000000e+00
  84    7.099131941795e-01    0.000000000000e+00    6.519681811333e-01   -2.663847208023e-01   -6.519681215286e-01   -2.663847208023e-01    7.099131345749e-01    0.000000000000e+00
  85    7.108680009842e-01    0.000000000000e+00    6.450014710426e-01   -2.804278433323e-01   -6.450014710426e-01   -2.804278135300e-01    7.108680009842e-01    0.000000000000e+00
  86    7.105083465576e-01    0.000000000000e+00    6.393212080002e-01   -2.940174043179e-01   -6.393212080002e-01   -2.940173745155e-01    7.105084061623e-01    0.000000000000e+00
  87    7.097665071487e-01    0.000000000000e+00    6.330867409706e-01   -3.089217543602e-01   -6.330868005753e-01   -3.089217245579e-01    7.097663879395e-01    0.000000000000e+00
  88    7.093733549118e-01    0.000000000000e+00    6.255999803543e-01   -3.246754705906e-01   -6.255998611450e-01   -3.246754407883e-01    7.093734741211e-01    0.000000000000e+00
  89    7.090651988983e-01    0.000000000000e+00    6.177411675453e-01   -3.400330245495e-01   -6.177412271500e-01   -3.400329947472e-01    7.090650796890e-01    0.000000000000e+00
  90    7.083743214607e-01    0.000000000000e+00    6.106464266777e-01   -3.540009558201e-01   -6.106465458870e-01   -3.540009260178e-01    7.083743810654e-01    0.000000000000e+00
  91    7.075959444046e-01    0.000000000000e+00    6.043015122414e-01   -3.662345409393e-01   -6.043015122414e-01   -3.662344515324e-01    7.075958848000e-01    0.000000000000e+00
  92    7.073950767517e-01    0.000000000000e+00   -5.978678464890e-01    3.770228326321e-01    5.978679060936e-01    3.770227432251e-01    7.073951959610e-01    0.000000000000e+00
  93    7.088290452957e-01    0.000000000000e+00   -5.900012850761e-01    3.866000473499e-01    5.900013446808e-01    3.866001367569e-01    7.088292837143e-01    0.000000000000e+00
  94    7.110645771027e-01    0.000000000000e+00   -5.809551477432e-01    3.960784673691e-01    5.809552073479e-01    3.960785567760e-01    7.110645771027e-01    0.000000000000e+00
  95    7.129344940186e-01    0.000000000000e+00   -5.715492367744e-01    4.062705338001e-01    5.715493559837e-01    4.062705636024e-01    7.129346132278e-01    0.000000000000e+00
  96    7.136241793633e-01    0.000000000000e+00   -5.629558563232e-01    4.169187545776e-01    5.629559159279e-01    4.169187843800e-01    7.136242389679e-01    0.000000000000e+00
  97    7.140862941742e-01    0.000000000000e+00   -5.554352402687e-01    4.261130094528e-01    5.554352998734e-01    4.261130690575e-01    7.140864729881e-01    0.000000000000e+00
  98    7.157067656517e-01    0.000000000000e+00   -5.486310124397e-01    4.321664869785e-01    5.486310124397e-01    4.321664273739e-01    7.157067060471e-01    0.000000000000e+00
  99    7.182376384735e-01    0.000000000000e+00   -5.415342450142e-01    4.368931353092e-01    5.415341854095e-01    4.368930459023e-01    7.182374596596e-01    0.000000000000e+00
 100    7.205386757851e-01    0.000000000000e+00   -5.324995517731e-01    4.441486895084e-01    5.324996709824e-01    4.441486895084e-01    7.205387353897e-01    0.000000000000e+00
 101    7.226649522781e-01    0.000000000000e+00   -5.210121870041e-01    4.542045593262e-01    5.210121273994e-01    4.542044699192e-01    7.226648926735e-01    0.000000000000e+00
 102    7.255355119705e-01    0.000000000000e+00   -5.092157721519e-01    4.629226624966e-01    5.092158913612e-01    4.629226922989e-01    7.255355715752e-01    0.000000000000e+00
 103    7.290456891060e-01    0.000000000000e+00   -4.999780654907e-01    4.674553275108e-01    4.999778866768e-01    4.674552381039e-01    7.290455698967e-01    0.000000000000e+00
 104    7.321510910988e-01    0.000000000000e+00   -4.924874305725e-01    4.705430567265e-01    4.924874305725e-01    4.705430269241e-01    7.321512103081e-01    0.000000000000e+00
 105    7.345895171165e-01    0.000000000000e+00   -4.833209812641e-01    4.762133061886e-01    4.833210408688e-01    4.762132763863e-01    7.345895171165e-01    0.000000000000e+00
 106    7.372937798500e-01    0.000000000000e+00   -4.719244241714e-01    4.834102988243e-01    4.719242453575e-01    4.834102392197e-01    7.372936606407e-01    0.000000000000e+00
 107    7.408491969109e-01    0.000000000000e+00   -4.614156782627e-01    4.880964159966e-01    4.614156782627e-01    4.880963563919e-01    7.408491373062e-01    0.000000000000e+00
 108    7.446627020836e-01    0.000000000000e+00   -4.535712599754e-01    4.896432161331e-01    4.535712897778e-01    4.896432161331e-01    7.446626424789e-01    0.000000000000e+00
 109    7.477701902390e-01    0.000000000000e+00   -4.465329945087e-01    4.913739264011e-01    4.465328752995e-01    4.913738369942e-01    7.477700114250e-01    0.000000000000e+00
 110    7.504105567932e-01    0.000000000000e+00   -4.379628598690e-01    4.950479567051e-01    4.379629492760e-01    4.950478971004e-01    7.504104971886e-01    0.000000000000e+00
 111    7.538394927979e-01    0.000000000000e+00   -4.274524450302e-01    4.990093410015e-01    4.274525046349e-01    4.990093111992e-01    7.538394927979e-01    0.000000000000e+00
 112    7.585534453392e-01    0.000000000000e+00   -4.163738787174e-01    5.012279748917e-01    4.163738787174e-01    5.012279748917e-01    7.585535049438e-01    0.000000000000e+00
 113    7.634134888649e-01    0.000000000000e+00   -4.064807891846e-01    5.019693970680e-01    4.064808189869e-01    5.019693374634e-01    7.634133100510e-01    0.000000000000e+00
 114    7.671308517456e-01    0.000000000000e+00   -3.986008465290e-01    5.026206374168e-01    3.986009359360e-01    5.026208162308e-01    7.671308517456e-01    0.000000000000e+00
 115    7.701497077942e-01    0.000000000000e+00   -3.912436962128e-01    5.037835240364e-01    3.912436664104e-01    5.037835240364e-01    7.701495885849e-01    0.000000000000e+00
 116    7.735421657562e-01    0.000000000000e+00   -3.825840055943e-01    5.052344202995e-01    3.825840950012e-01    5.052345395088e-01    7.735421061516e-01    0.000000000000e+00
 117    7.774604558945e-01    0.000000000000e+00   -3.734724223614e-01    5.060371756554e-01    3.734723627567e-01    5.060371756554e-01    7.774603366852e-01    0.000000000000e+00
 118    7.813637852669e-01    0.000000000000e+00   -3.656229078770e-01    5.057571530342e-01    3.656230866909e-01    5.057572722435e-01    7.813639640808e-01    0.000000000000e+00
 119    7.852831482887e-01    0.000000000000e+00   -3.589774370193e-01    5.044455528259e-01    3.589775562286e-01    5.044456720352e-01    7.852831482887e-01    0.000000000000e+00
 120    7.893480658531e-01    0.000000000000e+00   -3.518548011780e-01    5.031180381775e-01    3.518549203873e-01    5.031180977821e-01    7.893481254578e-01    0.000000000000e+00
 121    7.932043671608e-01    0.000000000000e+00   -3.459948003292e-01    5.011132955551e-01    3.459947109222e-01    5.011132359505e-01    7.932041883469e-01    0.000000000000e+00
 122    7.970063686371e-01    0.000000000000e+00   -3.363475501537e-01    5.016484856606e-01    3.363474905491e-01    5.016483664513e-01    7.970063686371e-01    0.000000000000e+00
 123    8.006873130798e-01    0.000000000000e+00   -3.280665576458e-01    5.012705326080e-01    3.280665874481e-01    5.012705326080e-01    8.006873130798e-01    0.000000000000e+00
 124    8.043299317360e-01    0.000000000000e+00   -3.216761052608e-01    4.995774328709e-01    3.216762244701e-01    4.995775520802e-01    8.043300509453e-01    0.000000000000e+00
 125    8.080043196678e-01    0.000000000000e+00   -3.157837092876e-01    4.974028468132e-01    3.157837986946e-01    4.974029362202e-01    8.080043196678e-01    0.000000000000e+00
 126    8.113155364990e-01    0.000000000000e+00   -3.090664744377e-01    4.962308704853e-01    3.090664446354e-01    4.962308704853e-01    8.113154768944e-01    0.000000000000e+00
 127    8.138861060143e-01    0.000000000000e+00   -3.023670613766e-01    4.961487352848e-01    3.023670315742e-01    4.961487948895e-01    8.138861060143e-01    0.000000000000e+00
 128    8.161924481392e-01    0.000000000000e+00   -2.974547445774e-01    4.953288137913e-01    2.974547147751e-01    4.953287839890e-01    8.161923885345e-01    0.000000000000e+00
 129    8.195207715034e-01    0.000000000000e+00   -2.938905358315e-01    4.919492006302e-01    2.938905656338e-01    4.919492304325e-01    8.195208907127e-01    0.000000000000e+00
 130    8.239243626595e-01    0.000000000000e+00   -2.894305288792e-01    4.872151613235e-01    2.894304394722e-01    4.872151017189e-01    8.239244222641e-01    0.000000000000e+00
 131    8.278912901878e-01    0.000000000000e+00   -2.831709086895e-01    4.841594398022e-01    2.831708788872e-01    4.841593503952e-01    8.278912305832e-01    0.000000000000e+00
 132    8.302606344223e-01    0.000000000000e+00   -2.771691083908e-01    4.835747182369e-01    2.771691381931e-01    4.835747182369e-01    8.302606344223e-01    0.000000000000e+00
 133    8.317942023277e-01    0.000000000000e+00   -2.735642790794e-01    4.829917550087e-01    2.735642194748e-01    4.829917550087e-01    8.317942619324e-01    0.000000000000e+00
 134    8.339407444000e-01    0.000000000000e+00   -2.719523906708e-01    4.801923930645e-01    2.719524204731e-01    4.801925122738e-01    8.339407444000e-01    0.000000000000e+00
 135    8.368178606033e-01    0.000000000000e+00   -2.701006829739e-01    4.762157797813e-01    2.701007127762e-01    4.762158095837e-01    8.368179798126e-01    0.000000000000e+00
 136    8.394129872322e-01    0.000000000000e+00   -2.671850323677e-01    4.732841253281e-01    2.671850323677e-01    4.732841849327e-01    8.394129872322e-01    0.000000000000e+00
 137    8.412752747536e-01    0.000000000000e+00   -2.640413045883e-01    4.717396497726e-01    2.640412151814e-01    4.717395901680e-01    8.412752151489e-01    0.000000000000e+00
 138    8.431823253632e-01    0.000000000000e+00   -2.612781226635e-01    4.698694348335e-01    2.612781226635e-01    4.698694050312e-01    8.431823253632e-01    0.000000000000e+00
 139    8.456466794014e-01    0.000000000000e+00   -2.585572302341e-01    4.669367372990e-01    2.585571408272e-01    4.669366180897e-01    8.456466794014e-01    0.000000000000e+00
 140    8.481965065002e-01    0.000000000000e+00   -2.556925117970e-01    4.638793170452e-01    2.556925415993e-01    4.638793468475e-01    8.481964468956e-01    0.000000000000e+00
 141    8.500235080719e-01    0.000000000000e+00   -2.536019384861e-01    4.616772830486e-01    2.536019682884e-01    4.616774618626e-01    8.500236272812e-01    0.000000000000e+00
 142    8.513355851173e-01    0.000000000000e+00   -2.525064647198e-01    4.598566293716e-01    2.525065243244e-01    4.598566591740e-01    8.513356447220e-01    0.000000000000e+00
 143    8.528907895088e-01    0.000000000000e+00   -2.514640688896e-01    4.575403332710e-01    2.514640688896e-01    4.575403332710e-01    8.528906702995e-01    0.000000000000e+00
 144    8.547578454018e-01    0.000000000000e+00   -2.498545646667e-01    4.549302160740e-01    2.498546540737e-01    4.549303948879e-01    8.547577857971e-01    0.000000000000e+00
 145    8.563995361328e-01    0.000000000000e+00   -2.482636272907e-01    4.527084231377e-01    2.482636421919e-01    4.527084827423e-01    8.563995361328e-01    0.000000000000e+00
 146    8.578349947929e-01    0.000000000000e+00   -2.470677942038e-01    4.506403505802e-01    2.470677942038e-01    4.506403207779e-01    8.578349351883e-01    0.000000000000e+00
 147    8.596212267876e-01    0.000000000000e+00   -2.456430941820e-01    4.480075836182e-01    2.456430494785e-01    4.480075240135e-01    8.596212863922e-01    0.000000000000e+00
 148    8.616690635681e-01    0.000000000000e+00   -2.439721524715e-01    4.449763298035e-01    2.439722120762e-01    4.449763894081e-01    8.616690635681e-01    0.000000000000e+00
 149    8.632366657257e-01    0.000000000000e+00   -2.433508485556e-01    4.422701299191e-01    2.433508634567e-01    4.422701597214e-01    8.632364869118e-01    0.000000000000e+00
 150    8.641667962074e-01    0.000000000000e+00   -2.444013804197e-01    4.398677647114e-01    2.444014549255e-01    4.398678541183e-01    8.641667962074e-01    0.000000000000e+00
 151    8.650727272034e-01    0.000000000000e+00   -2.457990944386e-01    4.373005926609e-01    2.457991242409e-01    4.373007118702e-01    8.650729060173e-01    0.000000000000e+00
 152    8.663870096207e-01    0.000000000000e+00   -2.459662109613e-01    4.345965683460e-01    2.459662705660e-01    4.345965683460e-01    8.663869500160e-01    0.000000000000e+00
 153    8.678188323975e-01    0.000000000000e+00   -2.451625764370e-01    4.321871697903e-01    2.451626062393e-01    4.321871697903e-01    8.678188920021e-01    0.000000000000e+00
 154    8.689627647400e-01    0.000000000000e+00   -2.448767125607e-01    4.300453364849e-01    2.448767274618e-01    4.300453364849e-01    8.689628839493e-01    0.000000000000e+00
 155    8.697488903999e-01    0.000000000000e+00   -2.458715885878e-01    4.278832077980e-01    2.458716034889e-01    4.278832077980e-01    8.697488307953e-01    0.000000000000e+00
 156    8.702305555344e-01    0.000000000000e+00   -2.477737814188e-01    4.258016347885e-01    2.477737665176e-01    4.258015751839e-01    8.702305555344e-01    0.000000000000e+00
 157    8.705699443817e-01    0.000000000000e+00   -2.500797212124e-01    4.237547516823e-01    2.500797510147e-01    4.237547814846e-01    8.705698847771e-01    0.000000000000e+00
 158    8.711028099060e-01    0.000000000000e+00   -2.526432275772e-01    4.211311638355e-01    2.526432275772e-01    4.211311340332e-01    8.711026310921e-01    0.000000000000e+00
 159    8.718838095665e-01    0.000000000000e+00   -2.553754746914e-01    4.178539216518e-01    2.553755044937e-01    4.178538620472e-01    8.718838691711e-01    0.000000000000e+00
 160    8.724671602249e-01    0.000000000000e+00   -2.578962147236e-01    4.150790274143e-01    2.578961253166e-01    4.150789380074e-01    8.724671006203e-01    0.000000000000e+00
 161    8.725348711014e-01    0.000000000000e+00   -2.596790194511e-01    4.138232767582e-01    2.596789300442e-01    4.138232171535e-01    8.725349307060e-01    0.000000000000e+00
 162    8.724479675293e-01    0.000000000000e+00   -2.610248923302e-01    4.131592810154e-01    2.610248327255e-01    4.131591916084e-01    8.724480271339e-01    0.000000000000e+00
 163    8.726830482483e-01    0.000000000000e+00   -2.630607485771e-01    4.113677442074e-01    2.630607187748e-01    4.113677144051e-01    8.726829886436e-01    0.000000000000e+00
 164    8.731476068497e-01    0.000000000000e+00   -2.662402987480e-01    4.083250463009e-01    2.662402987480e-01    4.083250463009e-01    8.731475472450e-01    0.000000000000e+00
 165    8.735525608063e-01    0.000000000000e+00   -2.693304419518e-01    4.054220914841e-01    2.693304717541e-01    4.054221212864e-01    8.735525012016e-01    0.000000000000e+00
 166    8.739770054817e-01    0.000000000000e+00   -2.708477973938e-01    4.034918248653e-01    2.708477675915e-01    4.034918248653e-01    8.739771246910e-01    0.000000000000e+00
 167    8.746272921562e-01    0.000000000000e+00   -2.712984085083e-01    4.017761945724e-01    2.712984681129e-01    4.017763137817e-01    8.746273517609e-01    0.000000000000e+00
 168    8.752198219299e-01    0.000000000000e+00   -2.729079127312e-01    3.993889391422e-01    2.729080319405e-01    3.993889987469e-01    8.752197623253e-01    0.000000000000e+00
 169    8.753167390823e-01    0.000000000000e+00   -2.768543362617e-01    3.964492678642e-01    2.768543958664e-01    3.964494466782e-01    8.753167390823e-01    0.000000000000e+00
 170    8.750364780426e-01    0.000000000000e+00   -2.818987369537e-01    3.935024738312e-01    2.818988263607e-01    3.935025036335e-01    8.750365376472e-01    0.000000000000e+00
 171    8.749724030495e-01    0.000000000000e+00   -2.859227359295e-01    3.907319903374e-01    2.859227359295e-01    3.907319605350e-01    8.749723434448e-01    0.000000000000e+00
 172    8.752939701080e-01    0.000000000000e+00   -2.885126173496e-01    3.880991339684e-01    2.885126173496e-01    3.880991041660e-01    8.752940893173e-01    0.000000000000e+00
 173    8.754959106445e-01    0.000000000000e+00   -2.910421490669e-01    3.857477307320e-01    2.910421490669e-01    3.857477307320e-01    8.754959106445e-01    0.000000000000e+00
 174    8.751341700554e-01    0.000000000000e+00   -2.946594357491e-01    3.838175833225e-01    2.946594953537e-01    3.838176131248e-01    8.751342892647e-01    0.000000000000e+00
 175    8.743822574615e-01    0.000000000000e+00   -2.991730570793e-01    3.820354938507e-01    2.991730570793e-01    3.820354640484e-01    8.743822574615e-01    0.000000000000e+00
 176    8.737291693687e-01    0.000000000000e+00   -3.036317229271e-01    3.800066709518e-01    3.036317527294e-01    3.800066709518e-01    8.737292289734e-01    0.000000000000e+00
 177    8.733469247818e-01    0.000000000000e+00   -3.075314760208e-01    3.777428567410e-01    3.075314164162e-01    3.777428269386e-01    8.733468651772e-01    0.000000000000e+00
 178    8.728879690170e-01    0.000000000000e+00   -3.112615942955e-01    3.757431805134e-01    3.112615942955e-01    3.757430911064e-01    8.728879094124e-01    0.000000000000e+00
 179    8.719199299812e-01    0.000000000000e+00   -3.154400885105e-01    3.745038807392e-01    3.154400885105e-01    3.745038509369e-01    8.719199895859e-01    0.000000000000e+00
 180    8.705184459686e-01    0.000000000000e+00   -3.202768266201e-01    3.736584186554e-01    3.202767372131e-01    3.736583888531e-01    8.705183267593e-01    0.000000000000e+00
 181    8.692928552628e-01    0.000000000000e+00   -3.254750967026e-01    3.720160126686e-01    3.254751563072e-01    3.720160424709e-01    8.692927956581e-01    0.000000000000e+00
 182    8.686880469322e-01    0.000000000000e+00   -3.305899500847e-01    3.689053952694e-01    3.305900394917e-01    3.689054846764e-01    8.686880469322e-01    0.000000000000e+00
 183    8.683013916016e-01    0.000000000000e+00   -3.354821801186e-01    3.653823733330e-01    3.354822099209e-01    3.653824329376e-01    8.683013916016e-01    0.000000000000e+00
 184    8.671846389771e-01    0.000000000000e+00   -3.403360247612e-01    3.635411262512e-01    3.403361439705e-01    3.635412752628e-01    8.671845197678e-01    0.000000000000e+00
 185    8.649594783783e-01    0.000000000000e+00   -3.457427322865e-01    3.637404739857e-01    3.457427620888e-01    3.637404441833e-01    8.649594187737e-01    0.000000000000e+00
 186    8.625087738037e-01    0.000000000000e+00   -3.520365357399e-01    3.635228276253e-01    3.520365953445e-01    3.635229468346e-01    8.625087141991e-01    0.000000000000e+00
 187    8.610910177231e-01    0.000000000000e+00   -3.585181236267e-01    3.605372607708e-01    3.585180044174e-01    3.605372011662e-01    8.610909581184e-01    0.000000000000e+00
 188    8.608418107033e-01    0.000000000000e+00   -3.639947175980e-01    3.556109666824e-01    3.639947772026e-01    3.556110262871e-01    8.608417510986e-01    0.000000000000e+00
 189    8.605532646179e-01    0.000000000000e+00   -3.683871030807e-01    3.517657220364e-01    3.683870732784e-01    3.517656326294e-01    8.605531454086e-01    0.000000000000e+00
 190    8.590518832207e-01    0.000000000000e+00   -3.733274638653e-01    3.502233922482e-01    3.733274936676e-01    3.502233922482e-01    8.590518832207e-01    0.000000000000e+00
 191    8.564238548279e-01    0.000000000000e+00   -3.803481459618e-01    3.491038382053e-01    3.803481459618e-01    3.491038680077e-01    8.564239144325e-01    0.000000000000e+00
 192    8.537771701813e-01    0.000000000000e+00   -3.886847794056e-01    3.463936746120e-01    3.886848390102e-01    3.463937044144e-01    8.537772893906e-01    0.000000000000e+00
 193    8.520279526711e-01    0.000000000000e+00   -3.959434330463e-01    3.424574434757e-01    3.959434926510e-01    3.424574732780e-01    8.520280122757e-01    0.000000000000e+00
 194    8.510154485703e-01    0.000000000000e+00   -4.011662304401e-01    3.388781547546e-01    4.011662006378e-01    3.388781845570e-01    8.510153889656e-01    0.000000000000e+00
 195    8.496481180191e-01    0.000000000000e+00   -4.062961637974e-01    3.361867964268e-01    4.062960445881e-01    3.361867070198e-01    8.496480584145e-01    0.000000000000e+00
 196    8.472414612770e-01    0.000000000000e+00   -4.133097827435e-01    3.337019681931e-01    4.133098423481e-01    3.337019383907e-01    8.472414016724e-01    0.000000000000e+00
 197    8.444389700890e-01    0.000000000000e+00   -4.211196899414e-01    3.310301303864e-01    4.211197495461e-01    3.310302495956e-01    8.444390892982e-01    0.000000000000e+00
 198    8.422418236732e-01    0.000000000000e+00   -4.274811744690e-01    3.284640014172e-01    4.274812340736e-01    3.284640312195e-01    8.422418832779e-01    0.000000000000e+00
 199    8.404932618141e-01    0.000000000000e+00   -4.327241182327e-01    3.260686695576e-01    4.327241182327e-01    3.260686695576e-01    8.404935002327e-01    0.000000000000e+00
 200    8.383959531784e-01    0.000000000000e+00   -4.388840496540e-01    3.232227265835e-01    4.388841092587e-01    3.232227861881e-01    8.383959531784e-01    0.000000000000e+00
 201    8.360676765442e-01    0.000000000000e+00   -4.460722506046e-01    3.193905353546e-01    4.460723102093e-01    3.193905651569e-01    8.360676765442e-01    0.000000000000e+00
 202    8.343160152435e-01    0.000000000000e+00   -4.523848891258e-01    3.150628805161e-01    4.523850083351e-01    3.150629401207e-01    8.343160152435e-01    0.000000000000e+00
 203    8.328334093094e-01    0.000000000000e+00   -4.576252102852e-01    3.113962113857e-01    4.576253294945e-01    3.113962411880e-01    8.328334093094e-01    0.000000000000e+00
 204    8.301653862000e-01    0.000000000000e+00   -4.641014039516e-01    3.089257776737e-01    4.641014635563e-01    3.089258074760e-01    8.301653265953e-01    0.000000000000e+00
 205    8.259133100510e-01    0.000000000000e+00   -4.728467762470e-01    3.070554733276e-01    4.728468358517e-01    3.070555329323e-01    8.259133696556e-01    0.000000000000e+00
 206    8.217310905457e-01    0.000000000000e+00   -4.815105497837e-01    3.048042058945e-01    4.815105199814e-01    3.048041760921e-01    8.217310905457e-01    0.000000000000e+00
 207    8.193421959877e-01    0.000000000000e+00   -4.874403476715e-01    3.017952740192e-01    4.874403476715e-01    3.017951846123e-01    8.193420767784e-01    0.000000000000e+00
 208    8.180608749390e-01    0.000000000000e+00   -4.917837679386e-01    2.982031404972e-01    4.917837977409e-01    2.982032299042e-01    8.180607557297e-01    0.000000000000e+00
 209    8.156374096870e-01    0.000000000000e+00   -4.982168674469e-01    2.941350936890e-01    4.982169866562e-01    2.941351532936e-01    8.156373500824e-01    0.000000000000e+00
 210    8.112701177597e-01    0.000000000000e+00   -5.078999400139e-01    2.896178364754e-01    5.078999996185e-01    2.896178960800e-01    8.112701177597e-01    0.000000000000e+00
 211    8.065841794014e-01    0.000000000000e+00   -5.177916884422e-01    2.851557135582e-01    5.177916288376e-01    2.851557433605e-01    8.065841197968e-01    0.000000000000e+00
 212    8.034124374390e-01    0.000000000000e+00   -5.247256159782e-01    2.814099192619e-01    5.247255563736e-01    2.814098894596e-01    8.034124970436e-01    0.000000000000e+00
 213    8.015334606171e-01    0.000000000000e+00   -5.293356180191e-01    2.781147062778e-01    5.293357372284e-01    2.781148254871e-01    8.015335202217e-01    0.000000000000e+00
 214    7.995265126228e-01    0.000000000000e+00   -5.344313383102e-01    2.741175591946e-01    5.344313979149e-01    2.741175889969e-01    7.995265126228e-01    0.000000000000e+00
 215    7.967786788940e-01    0.000000000000e+00   -5.410826802254e-01    2.690227925777e-01    5.410826802254e-01    2.690228223801e-01    7.967787384987e-01    0.000000000000e+00
 216    7.937280535698e-01    0.000000000000e+00   -5.479736924171e-01    2.640470862389e-01    5.479735732079e-01    2.640470266342e-01    7.937279939651e-01    0.000000000000e+00
 217    7.906954884529e-01    0.000000000000e+00   -5.540822744370e-01    2.603718638420e-01    5.540822148323e-01    2.603718638420e-01    7.906953692436e-01    0.000000000000e+00
 218    7.874678373337e-01    0.000000000000e+00   -5.600365996361e-01    2.573970854282e-01    5.600366592407e-01    2.573971450329e-01    7.874678969383e-01    0.000000000000e+00
 219    7.840403914452e-01    0.000000000000e+00   -5.664628148079e-01    2.537723183632e-01    5.664629340172e-01    2.537723481655e-01    7.840404510498e-01    0.000000000000e+00
 220    7.810097336769e-01    0.000000000000e+00   -5.724706649780e-01    2.496016025543e-01    5.724707245827e-01    2.496016323566e-01    7.810097932816e-01    0.000000000000e+00
 221    7.787506580353e-01    0.000000000000e+00   -5.769808888435e-01    2.462525814772e-01    5.769810080528e-01    2.462526261806e-01    7.787508368492e-01    0.000000000000e+00
 222    7.765575051308e-01    0.000000000000e+00   -5.808659791946e-01    2.440354824066e-01    5.808658599854e-01    2.440354377031e-01    7.765573263168e-01    0.000000000000e+00
 223    7.732339501381e-01    0.000000000000e+00   -5.862621068954e-01    2.416731268167e-01    5.862622261047e-01    2.416731566191e-01    7.732340693474e-01    0.000000000000e+00
 224    7.686777114868e-01    0.000000000000e+00   -5.936387777328e-01    2.381756454706e-01    5.936387777328e-01    2.381756156683e-01    7.686775922775e-01    0.000000000000e+00
 225    7.642375826836e-01    0.000000000000e+00   -6.009590625763e-01    2.340703755617e-01    6.009591817856e-01    2.340704053640e-01    7.642377018929e-01    0.000000000000e+00
 226    7.611726522446e-01    0.000000000000e+00   -6.063023805618e-01    2.302471995354e-01    6.063023805618e-01    2.302471995354e-01    7.611725926399e-01    0.000000000000e+00
 227    7.591395378113e-01    0.000000000000e+00   -6.101939082146e-01    2.266506999731e-01    6.101939082146e-01    2.266507297754e-01    7.591395974159e-01    0.000000000000e+00
 228    7.567145228386e-01    0.000000000000e+00   -6.146086454391e-01    2.227990627289e-01    6.146085262299e-01    2.227990031242e-01    7.567145228386e-01    0.000000000000e+00
 229    7.531352639198e-01    0.000000000000e+00   -6.204663515091e-01    2.186521589756e-01    6.204664111137e-01    2.186521738768e-01    7.531351447105e-01    0.000000000000e+00
 230    7.490416169167e-01    0.000000000000e+00   -6.269264817238e-01    2.142423540354e-01    6.269265413284e-01    2.142423689365e-01    7.490416169167e-01    0.000000000000e+00
 231    7.455142736435e-01    0.000000000000e+00   -6.327646970749e-01    2.093257606030e-01    6.327646970749e-01    2.093257904053e-01    7.455143332481e-01    0.000000000000e+00
 232    7.428259849548e-01    0.000000000000e+00   -6.375433802605e-01    2.043232172728e-01    6.375433206558e-01    2.043231725693e-01    7.428260445595e-01    0.000000000000e+00
 233    7.402656674385e-01    0.000000000000e+00   -6.416956782341e-01    2.005828320980e-01    6.416955590248e-01    2.005828320980e-01    7.402656674385e-01    0.000000000000e+00
 234    7.371199131012e-01    0.000000000000e+00   -6.459736227989e-01    1.984252929688e-01    6.459733843803e-01    1.984252035618e-01    7.371197938919e-01    0.000000000000e+00
 235    7.335841655731e-01    0.000000000000e+00   -6.506228446960e-01    1.963263452053e-01    6.506229639053e-01    1.963263601065e-01    7.335842251778e-01    0.000000000000e+00
 236    7.304189801216e-01    0.000000000000e+00   -6.551270484924e-01    1.931233555079e-01    6.551269888878e-01    1.931233853102e-01    7.304189801216e-01    0.000000000000e+00
 237    7.277936935425e-01    0.000000000000e+00   -6.590800285339e-01    1.895514279604e-01    6.590801477432e-01    1.895514577627e-01    7.277936935425e-01    0.000000000000e+00
 238    7.250046730042e-01    0.000000000000e+00   -6.630170345306e-01    1.864848285913e-01    6.630171537399e-01    1.864848583937e-01    7.250046730042e-01    0.000000000000e+00
 239    7.216058969498e-01    0.000000000000e+00   -6.676443219185e-01    1.831285655499e-01    6.676442623138e-01    1.831285506487e-01    7.216058969498e-01    0.000000000000e+00
 240    7.181581854820e-01    0.000000000000e+00   -6.725810170174e-01    1.785600930452e-01    6.725809574127e-01    1.785600483418e-01    7.181580662727e-01    0.000000000000e+00
 241    7.152740359306e-01    0.000000000000e+00   -6.769503951073e-01    1.735547780991e-01    6.769503951073e-01    1.735547930002e-01    7.152740359306e-01    0.000000000000e+00
 242    7.125241160393e-01    0.000000000000e+00   -6.809058785439e-01    1.693409830332e-01    6.809059977531e-01    1.693410128355e-01    7.125242352486e-01    0.000000000000e+00
 243    7.091500759125e-01    0.000000000000e+00   -6.852936744690e-01    1.657675951719e-01    6.852935552597e-01    1.657675802708e-01    7.091500163078e-01    0.000000000000e+00
 244    7.086836695671e-01    0.000000000000e+00    6.868321895599e-01   -1.613347679377e-01   -6.868322491646e-01   -1.613347828388e-01    7.086836695671e-01    0.000000000000e+00
 245    7.114064097404e-01    0.000000000000e+00    6.851909160614e-01   -1.562507450581e-01   -6.851909756660e-01   -1.562507599592e-01    7.114064097404e-01    0.000000000000e+00
 246    7.132065296173e-01    0.000000000000e+00    6.843663454056e-01   -1.515889316797e-01   -6.843663454056e-01   -1.515889316797e-01    7.132065892220e-01    0.000000000000e+00
 247    7.153704762459e-01    0.000000000000e+00    6.832373142242e-01   -1.463968008757e-01   -6.832373142242e-01   -1.463967859745e-01    7.153704166412e-01    0.000000000000e+00
 248    7.186105251312e-01    0.000000000000e+00    6.810787320137e-01   -1.404659599066e-01   -6.810786128044e-01   -1.404659301043e-01    7.186105251312e-01    0.000000000000e+00
 249    7.220498919487e-01    0.000000000000e+00    6.784847974777e-01   -1.352856457233e-01   -6.784848570824e-01   -1.352856606245e-01    7.220500111580e-01    0.000000000000e+00
 250    7.247217297554e-01    0.000000000000e+00    6.763068437576e-01   -1.318616569042e-01   -6.763067841530e-01   -1.318616420031e-01    7.247217297554e-01    0.000000000000e+00
 251    7.270828485489e-01    0.000000000000e+00    6.743375062943e-01   -1.289161741734e-01   -6.743375062943e-01   -1.289161741734e-01    7.270829677582e-01    0.000000000000e+00
 252    7.300338745117e-01    0.000000000000e+00    6.719375252724e-01   -1.247022226453e-01   -6.719374656677e-01   -1.247022002935e-01    7.300339341164e-01    0.000000000000e+00
 253    7.332049012184e-01    0.000000000000e+00    6.694248318672e-01   -1.195022463799e-01   -6.694249510765e-01   -1.195022612810e-01    7.332049012184e-01    0.000000000000e+00
 254    7.354292273521e-01    0.000000000000e+00    6.677854657173e-01   -1.149190068245e-01   -6.677854657173e-01   -1.149190142751e-01    7.354291677475e-01    0.000000000000e+00
 255    7.366114854813e-01    0.000000000000e+00    6.671105027199e-01   -1.112077459693e-01   -6.671105027199e-01   -1.112077534199e-01    7.366115450859e-01    0.000000000000e+00
 256    7.379721403122e-01    0.000000000000e+00    6.663112044334e-01   -1.068946197629e-01   -6.663112044334e-01   -1.068946197629e-01    7.379721403122e-01    0.000000000000e+00
 257    7.403455376625e-01    0.000000000000e+00    6.645776629448e-01   -1.011193692684e-01   -6.645776629448e-01   -1.011193469167e-01    7.403453588486e-01    0.000000000000e+00
 258    7.431735992432e-01    0.000000000000e+00    6.623204946518e-01   -9.499939531088e-02   -6.623203754425e-01   -9.499938786030e-02    7.431734800339e-01    0.000000000000e+00
 259    7.456067204475e-01    0.000000000000e+00    6.602653264999e-01   -9.011334925890e-02   -6.602652072906e-01   -9.011332690716e-02    7.456067204475e-01    0.000000000000e+00
 260    7.477363944054e-01    0.000000000000e+00    6.583270430565e-01   -8.657760173082e-02   -6.583270430565e-01   -8.657760173082e-02    7.477363944054e-01    0.000000000000e+00
 261    7.502219080925e-01    0.000000000000e+00    6.559281349182e-01   -8.321896195412e-02   -6.559280753136e-01   -8.321894705296e-02    7.502219676971e-01    0.000000000000e+00
 262    7.531137466431e-01    0.000000000000e+00    6.531230211258e-01   -7.905729860067e-02   -6.531229615211e-01   -7.905728369951e-02    7.531136274338e-01    0.000000000000e+00
 263    7.557315230370e-01    0.000000000000e+00    6.506851911545e-01   -7.401794940233e-02   -6.506851911545e-01   -7.401794940233e-02    7.557315826416e-01    0.000000000000e+00
 264    7.575635910034e-01    0.000000000000e+00    6.491292715073e-01   -6.876541674137e-02   -6.491291522980e-01   -6.876540929079e-02    7.575635910034e-01    0.000000000000e+00
 265    7.589131593704e-01    0.000000000000e+00    6.480118632317e-01   -6.427589803934e-02   -6.480119228363e-01   -6.427590548992e-02    7.589132189751e-01    0.000000000000e+00
 266    7.604678273201e-01    0.000000000000e+00    6.465057134628e-01   -6.098521873355e-02   -6.465056538582e-01   -6.098521128297e-02    7.604677677155e-01    0.000000000000e+00
 267    7.624944448471e-01    0.000000000000e+00    6.443755626678e-01   -5.815720930696e-02   -6.443755626678e-01   -5.815721303225e-02    7.624945044518e-01    0.000000000000e+00
 268    7.647084593773e-01    0.000000000000e+00    6.420699954033e-01   -5.447067692876e-02   -6.420700550079e-01   -5.447069555521e-02    7.647085189819e-01    0.000000000000e+00
 269    7.667258381844e-01    0.000000000000e+00    6.400569677353e-01   -4.958239570260e-02   -6.400570869446e-01   -4.958240687847e-02    7.667258977890e-01    0.000000000000e+00
 270    7.684165239334e-01    0.000000000000e+00    6.383947134018e-01   -4.459005221725e-02   -6.383946537971e-01   -4.459004849195e-02    7.684165239334e-01    0.000000000000e+00
 271    7.699031233788e-01    0.000000000000e+00    6.368730664253e-01   -4.052070900798e-02   -6.368730664253e-01   -4.052070900798e-02    7.699031233788e-01    0.000000000000e+00
 272    7.714024186134e-01    0.000000000000e+00    6.352719664574e-01   -3.698365017772e-02   -6.352719664574e-01   -3.698365390301e-02    7.714024186134e-01    0.000000000000e+00
 273    7.730692028999e-01    0.000000000000e+00    6.334631443024e-01   -3.299118578434e-02   -6.334630846977e-01   -3.299118578434e-02    7.730691432953e-01    0.000000000000e+00
 274    7.749122977257e-01    0.000000000000e+00    6.314178109169e-01   -2.867803163826e-02   -6.314177513123e-01   -2.867803536355e-02    7.749123573303e-01    0.000000000000e+00
 275    7.768450975418e-01    0.000000000000e+00    6.291944384575e-01   -2.501943707466e-02   -6.291944384575e-01   -2.501943893731e-02    7.768451571465e-01    0.000000000000e+00
 276    7.787268161774e-01    0.000000000000e+00    6.269782185555e-01   -2.196710929275e-02   -6.269783973694e-01   -2.196711301804e-02    7.787268161774e-01    0.000000000000e+00
 277    7.803104519844e-01    0.000000000000e+00    6.251283884048e-01   -1.817176118493e-02   -6.251283288002e-01   -1.817175932229e-02    7.803104519844e-01    0.000000000000e+00
 278    7.813033461571e-01    0.000000000000e+00    6.240177154541e-01   -1.292064134032e-02   -6.240177750587e-01   -1.292064320296e-02    7.813034057617e-01    0.000000000000e+00
 279    7.817843556404e-01    0.000000000000e+00    6.235051751137e-01   -7.377202156931e-03   -6.235052347183e-01   -7.377201225609e-03    7.817843556404e-01    0.000000000000e+00
 280    7.823724746704e-01    0.000000000000e+00    6.228024959564e-01   -3.210464725271e-03   -6.228025555611e-01   -3.210465423763e-03    7.823724746704e-01    0.000000000000e+00
 281    7.835758328438e-01    0.000000000000e+00    6.212958693504e-01   -6.698313518427e-04   -6.212958097458e-01   -6.698312354274e-04    7.835757136345e-01    0.000000000000e+00
 282    7.851414680481e-01    0.000000000000e+00    6.193146109581e-01    1.515765907243e-03   -6.193145513535e-01    1.515765674412e-03    7.851415276527e-01    0.000000000000e+00
 283    7.863762378693e-01    0.000000000000e+00    6.177302598953e-01    4.664120264351e-03   -6.177302002907e-01    4.664119798690e-03    7.863761782646e-01    0.000000000000e+00
 284    7.870914340019e-01    0.000000000000e+00    6.167704463005e-01    9.012285619974e-03   -6.167705059052e-01    9.012286551297e-03    7.870914340019e-01    0.000000000000e+00
 285    7.878426313400e-01    0.000000000000e+00    6.157219409943e-01    1.379844825715e-02   -6.157220602036e-01    1.379845198244e-02    7.878425121307e-01    0.000000000000e+00
 286    7.891781926155e-01    0.000000000000e+00    6.138938665390e-01    1.821972429752e-02   -6.138939857483e-01    1.821972988546e-02    7.891782522202e-01    0.000000000000e+00
 287    7.909585833549e-01    0.000000000000e+00    6.114659905434e-01    2.221823856235e-02   -6.114660501480e-01    2.221824228764e-02    7.909586429596e-01    0.000000000000e+00
 288    7.925997376442e-01    0.000000000000e+00    6.091783642769e-01    2.621758542955e-02   -6.091783046722e-01    2.621758542955e-02    7.925997972488e-01    0.000000000000e+00
 289    7.937775850296e-01    0.000000000000e+00    6.074536442757e-01    3.028484992683e-02   -6.074536442757e-01    3.028484806418e-02    7.937775850296e-01    0.000000000000e+00
 290    7.946748733521e-01    0.000000000000e+00    6.060771346092e-01    3.409058600664e-02   -6.060771942139e-01    3.409058600664e-02    7.946751117706e-01    0.000000000000e+00
 291    7.956801652908e-01    0.000000000000e+00    6.045450568199e-01    3.766063228250e-02   -6.045449972153e-01    3.766062110662e-02    7.956802248955e-01    0.000000000000e+00
 292    7.969129681587e-01    0.000000000000e+00    6.026704907417e-01    4.144635424018e-02   -6.026706695557e-01    4.144636169076e-02    7.969129085541e-01    0.000000000000e+00
 293    7.981445789337e-01    0.000000000000e+00    6.007446050644e-01    4.550929740071e-02   -6.007446646690e-01    4.550930485129e-02    7.981446981430e-01    0.000000000000e+00
 294    7.991070151329e-01    0.000000000000e+00    5.991550683975e-01    4.940846934915e-02   -5.991551280022e-01    4.940846934915e-02    7.991070151329e-01    0.000000000000e+00
 295    7.997981905937e-01    0.000000000000e+00    5.979098081589e-01    5.316604673862e-02   -5.979098081589e-01    5.316603928804e-02    7.997983694077e-01    0.000000000000e+00
 296    8.004513978958e-01    0.000000000000e+00    5.966277718544e-01    5.755820497870e-02   -5.966277122498e-01    5.755820125341e-02    8.004513382912e-01    0.000000000000e+00
 297    8.012282848358e-01    0.000000000000e+00    5.950414538383e-01    6.292067468166e-02   -5.950413942337e-01    6.292066723108e-02    8.012282252312e-01    0.000000000000e+00
 298    8.020743727684e-01    0.000000000000e+00    5.932939648628e-01    6.840213388205e-02   -5.932940244675e-01    6.840214133263e-02    8.020744919777e-01    0.000000000000e+00
 299    8.028648495674e-01    0.000000000000e+00    5.916641354561e-01    7.308583706617e-02   -5.916642546654e-01    7.308585941792e-02    8.028649091721e-01    0.000000000000e+00
 300    8.035676479340e-01    0.000000000000e+00    5.901783108711e-01    7.725705951452e-02   -5.901783704758e-01    7.725707441568e-02    8.035675883293e-01    0.000000000000e+00
 301    8.042035102844e-01    0.000000000000e+00    5.886709690094e-01    8.199612051249e-02   -5.886709094048e-01    8.199611306190e-02    8.042035698891e-01    0.000000000000e+00
 302    8.048104643822e-01    0.000000000000e+00    5.870065689087e-01    8.776801079512e-02   -5.870066285133e-01    8.776801824570e-02    8.048105239868e-01    0.000000000000e+00
 303    8.054499030113e-01    0.000000000000e+00    5.851605534554e-01    9.400663524866e-02   -5.851607322693e-01    9.400664269924e-02    8.054500818253e-01    0.000000000000e+00
 304    8.061361908913e-01    0.000000000000e+00    5.832320451736e-01    9.992463886738e-02   -5.832319259644e-01    9.992460906506e-02    8.061361908913e-01    0.000000000000e+00
 305    8.067114353180e-01    0.000000000000e+00    5.814946889877e-01    1.052644774318e-01   -5.814946293831e-01    1.052644699812e-01    8.067114949226e-01    0.000000000000e+00
 306    8.070147633553e-01    0.000000000000e+00    5.801298022270e-01    1.103478223085e-01   -5.801298022270e-01    1.103477999568e-01    8.070147633553e-01    0.000000000000e+00
 307    8.072255253792e-01    0.000000000000e+00    5.787758231163e-01    1.157819777727e-01   -5.787758231163e-01    1.157819628716e-01    8.072254657745e-01    0.000000000000e+00
 308    8.077103495598e-01    0.000000000000e+00    5.768341422081e-01    1.219279095531e-01   -5.768340826035e-01    1.219278723001e-01    8.077104687691e-01    0.000000000000e+00
 309    8.084796071053e-01    0.000000000000e+00    5.743274688721e-01    1.284855902195e-01   -5.743275880814e-01    1.284856051207e-01    8.084796071053e-01    0.000000000000e+00
 310    8.090273141861e-01    0.000000000000e+00    5.721126198769e-01    1.347661614418e-01   -5.721126198769e-01    1.347661465406e-01    8.090273737907e-01    0.000000000000e+00
 311    8.089175224304e-01    0.000000000000e+00    5.708664059639e-01    1.405842006207e-01   -5.708665847778e-01    1.405842453241e-01    8.089176416397e-01    0.000000000000e+00
 312    8.083572387695e-01    0.000000000000e+00    5.701705217361e-01    1.465061604977e-01   -5.701706409454e-01    1.465061604977e-01    8.083572387695e-01    0.000000000000e+00
 313    8.079951405525e-01    0.000000000000e+00    5.689903497696e-01    1.529502272606e-01   -5.689903497696e-01    1.529502570629e-01    8.079952597618e-01    0.000000000000e+00
 314    8.081676363945e-01    0.000000000000e+00    5.669138431549e-01    1.596050262451e-01   -5.669137835503e-01    1.596050411463e-01    8.081676363945e-01    0.000000000000e+00
 315    8.086024522781e-01    0.000000000000e+00    5.644162297249e-01    1.661220639944e-01   -5.644161105156e-01    1.661220639944e-01    8.086023926735e-01    0.000000000000e+00
 316    8.088846802711e-01    0.000000000000e+00    5.620076060295e-01    1.727804243565e-01   -5.620075464249e-01    1.727804243565e-01    8.088847994804e-01    0.000000000000e+00
 317    8.090465068817e-01    0.000000000000e+00    5.595256686211e-01    1.799299269915e-01   -5.595256090164e-01    1.799299567938e-01    8.090465664864e-01    0.000000000000e+00
 318    8.092992901802e-01    0.000000000000e+00    5.567565560341e-01    1.872349530458e-01   -5.567565560341e-01    1.872349232435e-01    8.092992305756e-01    0.000000000000e+00
 319    8.094621896744e-01    0.000000000000e+00    5.541335940361e-01    1.941825002432e-01   -5.541335940361e-01    1.941825151443e-01    8.094621896744e-01    0.000000000000e+00
 320    8.090943694115e-01    0.000000000000e+00    5.522986650467e-01    2.008293122053e-01   -5.522986054420e-01    2.008292824030e-01    8.090943694115e-01    0.000000000000e+00
 321    8.083187937737e-01    0.000000000000e+00    5.509060621262e-01    2.076616287231e-01   -5.509060621262e-01    2.076616138220e-01    8.083187937737e-01    0.000000000000e+00
 322    8.078565597534e-01    0.000000000000e+00    5.487923622131e-01    2.149293273687e-01   -5.487923622131e-01    2.149293273687e-01    8.078566789627e-01    0.000000000000e+00
 323    8.080008029938e-01    0.000000000000e+00    5.455310940742e-01    2.225542962551e-01   -5.455310940742e-01    2.225542962551e-01    8.080008029938e-01    0.000000000000e+00
 324    8.080918192863e-01    0.000000000000e+00    5.421168208122e-01    2.304278910160e-01   -5.421168804169e-01    2.304279059172e-01    8.080917000771e-01    0.000000000000e+00
 325    8.074064254761e-01    0.000000000000e+00    5.396503210068e-01    2.384795844555e-01   -5.396502614021e-01    2.384796142578e-01    8.074063062668e-01    0.000000000000e+00
 326    8.061936497688e-01    0.000000000000e+00    5.378345251083e-01    2.465477138758e-01   -5.378345847130e-01    2.465476989746e-01    8.061936497688e-01    0.000000000000e+00
 327    8.052883148193e-01    0.000000000000e+00    5.354073643684e-01    2.546560764313e-01   -5.354073643684e-01    2.546560764313e-01    8.052882552147e-01    0.000000000000e+00
 328    8.050040006638e-01    0.000000000000e+00    5.316108465195e-01    2.633596956730e-01   -5.316109061241e-01    2.633596956730e-01    8.050041794777e-01    0.000000000000e+00
 329    8.048030138016e-01    0.000000000000e+00    5.268161892891e-01    2.734170556068e-01   -5.268161892891e-01    2.734170556068e-01    8.048029541969e-01    0.000000000000e+00
 330    8.042280077934e-01    0.000000000000e+00    5.216813683510e-01    2.847201824188e-01   -5.216814875603e-01    2.847201526165e-01    8.042281866074e-01    0.000000000000e+00
 331    8.034785985947e-01    0.000000000000e+00    5.165480375290e-01    2.959735095501e-01   -5.165479779243e-01    2.959735095501e-01    8.034785985947e-01    0.000000000000e+00
 332    8.029578328133e-01    0.000000000000e+00    5.114220976830e-01    3.061145842075e-01   -5.114220976830e-01    3.061145246029e-01    8.029578328133e-01    0.000000000000e+00
 333    8.025473356247e-01    0.000000000000e+00    5.062158703804e-01    3.156949877739e-01   -5.062158703804e-01    3.156950473785e-01    8.025472760201e-01    0.000000000000e+00
 334    8.017534613609e-01    0.000000000000e+00    5.007329583168e-01    3.262790143490e-01   -5.007328391075e-01    3.262789249420e-01    8.017534017563e-01    0.000000000000e+00
 335    8.003924489021e-01    0.000000000000e+00    4.948858320713e-01    3.383193612099e-01   -4.948856532574e-01    3.383193612099e-01    8.003923892975e-01    0.000000000000e+00
 336    7.988580465317e-01    0.000000000000e+00    4.887643456459e-01    3.506213724613e-01   -4.887643456459e-01    3.506213724613e-01    7.988579869270e-01    0.000000000000e+00
 337    7.976112961769e-01    0.000000000000e+00    4.824775755405e-01    3.619829118252e-01   -4.824775755405e-01    3.619827926159e-01    7.976114153862e-01    0.000000000000e+00
 338    7.966352701187e-01    0.000000000000e+00    4.759283959866e-01    3.726448416710e-01   -4.759285748005e-01    3.726449012756e-01    7.966353297234e-01    0.000000000000e+00
 339    7.954858541489e-01    0.000000000000e+00    4.688924849033e-01    3.838517963886e-01   -4.688924252987e-01    3.838517665863e-01    7.954858541489e-01    0.000000000000e+00
 340    7.937805652618e-01    0.000000000000e+00    4.613355100155e-01    3.963356316090e-01   -4.613354504108e-01    3.963356614113e-01    7.937806248665e-01    0.000000000000e+00
 341    7.916364073753e-01    0.000000000000e+00    4.534302055836e-01    4.095278382301e-01   -4.534300565720e-01    4.095277488232e-01    7.916361689568e-01    0.000000000000e+00
 342    7.894755005836e-01    0.000000000000e+00    4.454312026501e-01    4.222791194916e-01   -4.454311132431e-01    4.222790002823e-01    7.894753813744e-01    0.000000000000e+00
 343    7.874987125397e-01    0.000000000000e+00    4.374074935913e-01    4.341893792152e-01   -4.374076128006e-01    4.341894686222e-01    7.874987721443e-01    0.000000000000e+00
 344    7.855290174484e-01    0.000000000000e+00    4.290366470814e-01    4.459502696991e-01   -4.290367662907e-01    4.459503591061e-01    7.855290174484e-01    0.000000000000e+00
 345    7.833498716354e-01    0.000000000000e+00    4.197501242161e-01    4.584463834763e-01   -4.197500348091e-01    4.584462940693e-01    7.833496928215e-01    0.000000000000e+00
 346    7.808899879456e-01    0.000000000000e+00    4.092499911785e-01    4.719379246235e-01   -4.092499911785e-01    4.719379246235e-01    7.808898091316e-01    0.000000000000e+00
 347    7.781326174736e-01    0.000000000000e+00    3.977800905704e-01    4.860868752003e-01   -3.977802097797e-01    4.860869944096e-01    7.781326770782e-01    0.000000000000e+00
 348    7.750352025032e-01    0.000000000000e+00    3.858598172665e-01    5.004321932793e-01   -3.858599066734e-01    5.004324316978e-01    7.750353217125e-01    0.000000000000e+00
 349    7.718084454536e-01    0.000000000000e+00    3.736588060856e-01    5.144810676575e-01   -3.736586868763e-01    5.144811868668e-01    7.718084454536e-01    0.000000000000e+00
 350    7.687042355537e-01    0.000000000000e+00    3.610086143017e-01    5.279834270477e-01   -3.610085844994e-01    5.279834270477e-01    7.687041759491e-01    0.000000000000e+00
 351    7.656744122505e-01    0.000000000000e+00    3.476960659027e-01    5.411559939384e-01   -3.476962745190e-01    5.411559939384e-01    7.656745910645e-01    0.000000000000e+00
 352    7.623509168625e-01    0.000000000000e+00    3.336986303329e-01    5.544964075089e-01   -3.336984813213e-01    5.544965267181e-01    7.623509764671e-01    0.000000000000e+00
 353    7.585614323616e-01    0.000000000000e+00    3.190522193909e-01    5.681462287903e-01   -3.190522193909e-01    5.681462883949e-01    7.585614323616e-01    0.000000000000e+00
 354    7.546297311783e-01    0.000000000000e+00    3.035359382629e-01    5.817210674286e-01   -3.035362660885e-01    5.817213058472e-01    7.546298503876e-01    0.000000000000e+00
 355    7.508688569069e-01    0.000000000000e+00    2.869790792465e-01    5.948438644409e-01   -2.869790196419e-01    5.948436856270e-01    7.508687376976e-01    0.000000000000e+00
 356    7.469339966774e-01    0.000000000000e+00    2.697291374207e-01    6.077300310135e-01   -2.697291672230e-01    6.077300310135e-01    7.469339966774e-01    0.000000000000e+00
 357    7.421532273293e-01    0.000000000000e+00    2.524396181107e-01    6.208725571632e-01   -2.524396181107e-01    6.208725571632e-01    7.421533465385e-01    0.000000000000e+00
 358    7.366333603859e-01    0.000000000000e+00    2.354759722948e-01    6.339736580849e-01   -2.354759573936e-01    6.339735388756e-01    7.366332411766e-01    0.000000000000e+00
 359    7.314268350601e-01    0.000000000000e+00    2.186564654112e-01    6.459133625031e-01   -2.186564654112e-01    6.459134221077e-01    7.314267754555e-01    0.000000000000e+00
 360    7.272993326187e-01    0.000000000000e+00    2.017580419779e-01    6.559947729111e-01   -2.017581015825e-01    6.559950113297e-01    7.272994518280e-01    0.000000000000e+00
 361    7.235887050629e-01    0.000000000000e+00    1.847347170115e-01    6.650508642197e-01   -1.847346872091e-01    6.650507450104e-01    7.235886454582e-01    0.000000000000e+00
 362    7.190455198288e-01    0.000000000000e+00    1.670526117086e-01    6.745864152908e-01   -1.670523732901e-01    6.745865941048e-01    7.190455198288e-01    0.000000000000e+00
 363    7.135244011879e-01    0.000000000000e+00    1.479585915804e-01    6.848295331001e-01   -1.479585319757e-01    6.848292946815e-01    7.135242819786e-01    0.000000000000e+00
 364    7.081785202026e-01    0.000000000000e+00    1.278424710035e-01    6.943623423576e-01   -1.278425306082e-01    6.943626999855e-01    7.081788778305e-01    0.000000000000e+00
 365    7.104789018631e-01    0.000000000000e+00   -1.074962019920e-01   -6.954597234726e-01    1.074962094426e-01   -6.954597830772e-01    7.104788422585e-01    0.000000000000e+00
 366    7.146680355072e-01    0.000000000000e+00   -8.932031691074e-02   -6.937372684479e-01    8.932031691074e-02   -6.937372684479e-01    7.146679759026e-01    0.000000000000e+00
 367    7.195596098900e-01    0.000000000000e+00   -7.239054888487e-02   -6.906470656395e-01    7.239075750113e-02   -6.906471252441e-01    7.195597290993e-01    0.000000000000e+00
 368    7.250224947929e-01    0.000000000000e+00   -5.504029616714e-02   -6.865220665932e-01    5.504031851888e-02   -6.865223646164e-01    7.250227928162e-01    0.000000000000e+00
 369    7.302947640419e-01    0.000000000000e+00   -3.756346926093e-02   -6.820988059044e-01    3.756345808506e-02   -6.820986866951e-01    7.302946448326e-01    0.000000000000e+00
 370    7.351489663124e-01    0.000000000000e+00   -2.147297188640e-02   -6.775655150414e-01    2.147296629846e-02   -6.775653362274e-01    7.351490259171e-01    0.000000000000e+00
 371    7.401531934738e-01    0.000000000000e+00   -6.878198124468e-03   -6.724032759666e-01    6.878198124468e-03   -6.724030971527e-01    7.401531338692e-01    0.000000000000e+00
 372    7.458543181419e-01    0.000000000000e+00    7.948669604957e-03   -6.660615801811e-01   -7.948669604957e-03   -6.660616993904e-01    7.458544373512e-01    0.000000000000e+00
 373    7.520743012428e-01    0.000000000000e+00    2.394429408014e-02   -6.586431264877e-01   -2.394430153072e-02   -6.586433053017e-01    7.520743608475e-01    0.000000000000e+00
 374    7.580833435059e-01    0.000000000000e+00    3.970496729016e-02   -6.509479284286e-01   -3.970497101545e-02   -6.509479284286e-01    7.580833435059e-01    0.000000000000e+00
 375    7.638134956360e-01    0.000000000000e+00    5.361383035779e-02   -6.432062387466e-01   -5.361384153366e-02   -6.432062983513e-01    7.638137340546e-01    0.000000000000e+00
 376    7.704616785049e-01    0.000000000000e+00    6.608837097883e-02   -6.340513229370e-01   -6.608837097883e-02   -6.340513825417e-01    7.704616785049e-01    0.000000000000e+00
 377    7.794960141182e-01    0.000000000000e+00    7.848741859198e-02   -6.214705109596e-01   -7.848741859198e-02   -6.214705705643e-01    7.794960141182e-01    0.000000000000e+00
 378    7.906333208084e-01    0.000000000000e+00    9.069922566414e-02   -6.055347323418e-01   -9.069914370775e-02   -6.055349707603e-01    7.906334996223e-01    0.000000000000e+00
