   0    0.000000000000e+00    0.000000000000e+00    0.000000000000e+00    0.000000000000e+00    0.000000000000e+00    0.000000000000e+00    0.000000000000e+00    0.000000000000e+00
   1    0.000000000000e+00    0.000000000000e+00    0.000000000000e+00    0.000000000000e+00    0.000000000000e+00    0.000000000000e+00    0.000000000000e+00    0.000000000000e+00
   2    0.000000000000e+00    0.000000000000e+00    0.000000000000e+00    0.000000000000e+00    0.000000000000e+00    0.000000000000e+00    0.000000000000e+00    0.000000000000e+00
   3    0.000000000000e+00    0.000000000000e+00    0.000000000000e+00    0.000000000000e+00    0.000000000000e+00    0.000000000000e+00    0.000000000000e+00    0.000000000000e+00
   4    0.000000000000e+00    0.000000000000e+00    0.000000000000e+00    0.000000000000e+00    0.000000000000e+00    0.000000000000e+00    0.000000000000e+00    0.000000000000e+00
   5    0.000000000000e+00    0.000000000000e+00    0.000000000000e+00    0.000000000000e+00    0.000000000000e+00    0.000000000000e+00    0.000000000000e+00    0.000000000000e+00
   6    0.000000000000e+00    0.000000000000e+00    0.000000000000e+00    0.000000000000e+00    0.000000000000e+00    0.000000000000e+00    0.000000000000e+00    0.000000000000e+00
   7    0.000000000000e+00    0.000000000000e+00    0.000000000000e+00    0.000000000000e+00    0.000000000000e+00    0.000000000000e+00    0.000000000000e+00    0.000000000000e+00
   8    0.000000000000e+00    0.000000000000e+00    0.000000000000e+00    0.000000000000e+00    0.000000000000e+00    0.000000000000e+00    0.000000000000e+00    0.000000000000e+00
   9    0.000000000000e+00    0.000000000000e+00    0.000000000000e+00    0.000000000000e+00    0.000000000000e+00    0.000000000000e+00    0.000000000000e+00    0.000000000000e+00
  10    0.000000000000e+00    0.000000000000e+00    0.000000000000e+00    0.000000000000e+00    0.000000000000e+00    0.000000000000e+00    0.000000000000e+00    0.000000000000e+00
  11    0.000000000000e+00    0.000000000000e+00    0.000000000000e+00    0.000000000000e+00    0.000000000000e+00    0.000000000000e+00    0.000000000000e+00    0.000000000000e+00
  12    0.000000000000e+00    0.000000000000e+00    0.000000000000e+00    0.000000000000e+00    0.000000000000e+00    0.000000000000e+00    0.000000000000e+00    0.000000000000e+00
  13    0.000000000000e+00    0.000000000000e+00    0.000000000000e+00    0.000000000000e+00    0.000000000000e+00    0.000000000000e+00    0.000000000000e+00    0.000000000000e+00
  14    0.000000000000e+00    0.000000000000e+00    0.000000000000e+00    0.000000000000e+00    0.000000000000e+00    0.000000000000e+00    0.000000000000e+00    0.000000000000e+00
  15    0.000000000000e+00    0.000000000000e+00    0.000000000000e+00    0.000000000000e+00    0.000000000000e+00    0.000000000000e+00    0.000000000000e+00    0.000000000000e+00
  16    0.000000000000e+00    0.000000000000e+00    0.000000000000e+00    0.000000000000e+00    0.000000000000e+00    0.000000000000e+00    0.000000000000e+00    0.000000000000e+00
  17    0.000000000000e+00    0.000000000000e+00    0.000000000000e+00    0.000000000000e+00    0.000000000000e+00    0.000000000000e+00    0.000000000000e+00    0.000000000000e+00
  18    0.000000000000e+00    0.000000000000e+00    0.000000000000e+00    0.000000000000e+00    0.000000000000e+00    0.000000000000e+00    0.000000000000e+00    0.000000000000e+00
  19    0.000000000000e+00    0.000000000000e+00    0.000000000000e+00    0.000000000000e+00    0.000000000000e+00    0.000000000000e+00    0.000000000000e+00    0.000000000000e+00
  20    0.000000000000e+00    0.000000000000e+00    0.000000000000e+00    0.000000000000e+00    0.000000000000e+00    0.000000000000e+00    0.000000000000e+00    0.000000000000e+00
  21    0.000000000000e+00    0.000000000000e+00    0.000000000000e+00    0.000000000000e+00    0.000000000000e+00    0.000000000000e+00    0.000000000000e+00    0.000000000000e+00
  22    0.000000000000e+00    0.000000000000e+00    0.000000000000e+00    0.000000000000e+00    0.000000000000e+00    0.000000000000e+00    0.000000000000e+00    0.000000000000e+00
  23    0.000000000000e+00    0.000000000000e+00    0.000000000000e+00    0.000000000000e+00    0.000000000000e+00    0.000000000000e+00    0.000000000000e+00    0.000000000000e+00
  24    0.000000000000e+00    0.000000000000e+00    0.000000000000e+00    0.000000000000e+00    0.000000000000e+00    0.000000000000e+00    0.000000000000e+00    0.000000000000e+00
  25    0.000000000000e+00    0.000000000000e+00    0.000000000000e+00    0.000000000000e+00    0.000000000000e+00    0.000000000000e+00    0.000000000000e+00    0.000000000000e+00
  26    0.000000000000e+00    0.000000000000e+00    0.000000000000e+00    0.000000000000e+00    0.000000000000e+00    0.000000000000e+00    0.000000000000e+00    0.000000000000e+00
  27    0.000000000000e+00    0.000000000000e+00    0.000000000000e+00    0.000000000000e+00    0.000000000000e+00    0.000000000000e+00    0.000000000000e+00    0.000000000000e+00
  28    0.000000000000e+00    0.000000000000e+00    0.000000000000e+00    0.000000000000e+00    0.000000000000e+00    0.000000000000e+00    0.000000000000e+00    0.000000000000e+00
  29    0.000000000000e+00    0.000000000000e+00    0.000000000000e+00    0.000000000000e+00    0.000000000000e+00    0.000000000000e+00    0.000000000000e+00    0.000000000000e+00
  30    0.000000000000e+00    0.000000000000e+00    0.000000000000e+00    0.000000000000e+00    0.000000000000e+00    0.000000000000e+00    0.000000000000e+00    0.000000000000e+00
  31    0.000000000000e+00    0.000000000000e+00    0.000000000000e+00    0.000000000000e+00    0.000000000000e+00    0.000000000000e+00    0.000000000000e+00    0.000000000000e+00
  32    0.000000000000e+00    0.000000000000e+00    0.000000000000e+00    0.000000000000e+00    0.000000000000e+00    0.000000000000e+00    0.000000000000e+00    0.000000000000e+00
  33    0.000000000000e+00    0.000000000000e+00    0.000000000000e+00    0.000000000000e+00    0.000000000000e+00    0.000000000000e+00    0.000000000000e+00    0.000000000000e+00
  34    0.000000000000e+00    0.000000000000e+00    0.000000000000e+00    0.000000000000e+00    0.000000000000e+00    0.000000000000e+00    0.000000000000e+00    0.000000000000e+00
  35    0.000000000000e+00    0.000000000000e+00    0.000000000000e+00    0.000000000000e+00    0.000000000000e+00    0.000000000000e+00    0.000000000000e+00    0.000000000000e+00
  36    0.000000000000e+00    0.000000000000e+00    0.000000000000e+00    0.000000000000e+00    0.000000000000e+00    0.000000000000e+00    0.000000000000e+00    0.000000000000e+00
  37    0.000000000000e+00    0.000000000000e+00    0.000000000000e+00    0.000000000000e+00    0.000000000000e+00    0.000000000000e+00    0.000000000000e+00    0.000000000000e+00
  38    0.000000000000e+00    0.000000000000e+00    0.000000000000e+00    0.000000000000e+00    0.000000000000e+00    0.000000000000e+00    0.000000000000e+00    0.000000000000e+00
  39    0.000000000000e+00    0.000000000000e+00    0.000000000000e+00    0.000000000000e+00    0.000000000000e+00    0.000000000000e+00    0.000000000000e+00    0.000000000000e+00
  40   -7.416633161483e-05   -2.830719458871e-04   -1.050992359524e-04   -3.018070128746e-04   -8.724688086659e-05    2.836605708580e-04   -6.609959382331e-05    3.022341115866e-04
  41   -8.355078898603e-05   -2.850784512702e-04   -1.170661416836e-04   -3.048843936995e-04   -8.357774640899e-05    2.840195375029e-04   -6.092029798310e-05    3.038258000743e-04
  42   -9.410209167982e-05   -2.877615042962e-04   -1.304816541960e-04   -3.084672789555e-04   -7.882813224569e-05    2.856335195247e-04   -5.441731627798e-05    3.065378696192e-04
  43   -1.017828544718e-04   -2.907863527071e-04   -1.410166878486e-04   -3.124431823380e-04   -7.736708357697e-05    2.876003272831e-04   -5.122788570588e-05    3.096733998973e-04
  44   -1.073986786650e-04   -2.941179845948e-04   -1.495476753917e-04   -3.168710391037e-04   -7.848606037442e-05    2.892659977078e-04   -5.066603262094e-05    3.127374511678e-04
  45   -1.147500006482e-04   -2.968154440168e-04   -1.600773830432e-04   -3.205694374628e-04   -7.801155152265e-05    2.899248502217e-04   -4.840616747970e-05    3.147820534650e-04
  46   -1.248250628123e-04   -2.982363512274e-04   -1.735262776492e-04   -3.227060660720e-04   -7.464444934158e-05    2.895165816881e-04   -4.313544923207e-05    3.154344449285e-04
  47   -1.348824007437e-04   -3.005547041539e-04   -1.870387059171e-04   -3.257503849454e-04   -7.134894258343e-05    2.901845728047e-04   -3.787410969380e-05    3.171001153532e-04
  48   -1.426240778528e-04   -3.070043749176e-04   -1.985270209843e-04   -3.333915374242e-04   -7.088592246873e-05    2.946970926132e-04   -3.526124419295e-05    3.231840091757e-04
  49   -1.489907881478e-04   -3.163832006976e-04   -2.091113856295e-04   -3.443312889431e-04   -7.220267434604e-05    3.016998234671e-04   -3.414657112444e-05    3.323598066345e-04
  50   -1.563131663715e-04   -3.235747572035e-04   -2.209167578258e-04   -3.528487286530e-04   -7.243858271977e-05    3.063969197683e-04   -3.180991916452e-05    3.390674828552e-04
  51   -1.655182713876e-04   -3.264296974521e-04   -2.345888642594e-04   -3.564178477973e-04   -7.071662548697e-05    3.068879304919e-04   -2.756919820968e-05    3.408573393244e-04
  52   -1.756636629580e-04   -3.282884135842e-04   -2.492588246241e-04   -3.586074744817e-04   -6.853219383629e-05    3.064317279495e-04   -2.287889401487e-05    3.413297235966e-04
  53   -1.852062268881e-04   -3.321967087686e-04   -2.634603297338e-04   -3.628318954725e-04   -6.742294499418e-05    3.080783935729e-04   -1.924634671013e-05    3.441183653194e-04
  54   -1.934251486091e-04   -3.366818127688e-04   -2.762700314634e-04   -3.676735213958e-04   -6.736265640939e-05    3.104762290604e-04   -1.680195782683e-05    3.478804719634e-04
  55   -2.011678152485e-04   -3.399730776437e-04   -2.885840658564e-04   -3.713152837008e-04   -6.722667603754e-05    3.116076695733e-04   -1.437564424123e-05    3.503076150082e-04
  56   -2.101304417010e-04   -3.440194705036e-04   -3.027001512237e-04   -3.757935191970e-04   -6.620119529543e-05    3.128945536446e-04   -1.071267251973e-05    3.528664237820e-04
  57   -2.205791388405e-04   -3.505384374876e-04   -3.190593561158e-04   -3.828076296486e-04   -6.468208448496e-05    3.160816268064e-04   -6.079815648263e-06    3.574711445253e-04
  58   -2.303248766111e-04   -3.571414563339e-04   -3.346258308738e-04   -3.897229034919e-04   -6.418980046874e-05    3.196460020263e-04   -2.572440280346e-06    3.624792152550e-04
  59   -2.373233728576e-04   -3.613463777583e-04   -3.466626803856e-04   -3.939263406210e-04   -6.581607158296e-05    3.216081240680e-04   -1.733034878271e-06    3.657607885543e-04
  60   -2.425764250802e-04   -3.652593295556e-04   -3.568902902771e-04   -3.977517189924e-04   -6.867901538499e-05    3.232909366488e-04   -2.170716470573e-06    3.688200667966e-04
  61   -2.489298058208e-04   -3.715013735928e-04   -3.691895690281e-04   -4.039983905386e-04   -7.060983625706e-05    3.264415427111e-04   -1.060765498551e-06    3.735341015272e-04
  62   -2.574081299827e-04   -3.775304940064e-04   -3.842010046355e-04   -4.098878707737e-04   -7.052494765958e-05    3.290676395409e-04    2.327888068976e-06    3.775354416575e-04
  63   -2.663411432877e-04   -3.790571645368e-04   -3.989359538537e-04   -4.108246066608e-04   -6.966233922867e-05    3.282474644948e-04    5.843445251230e-06    3.775244986173e-04
  64   -2.742017095443e-04   -3.777830279432e-04   -4.117584030610e-04   -4.086453991476e-04   -6.985187792452e-05    3.258199722040e-04    7.721449946985e-06    3.756681107916e-04
  65   -2.813932660501e-04   -3.796228265855e-04   -4.242875438649e-04   -4.096268676221e-04   -7.131767779356e-05    3.263145335950e-04    8.709779649507e-06    3.771148622036e-04
  66   -2.888159069698e-04   -3.859317221213e-04   -4.380465252325e-04   -4.152032488491e-04   -7.297709817067e-05    3.300700336695e-04    1.024887751555e-05    3.822516009677e-04
  67   -2.962897997350e-04   -3.914591798093e-04   -4.519680514932e-04   -4.199228715152e-04   -7.411259866785e-05    3.323883865960e-04    1.218883335241e-05    3.858199343085e-04
  68   -3.030963125639e-04   -3.921472525690e-04   -4.643456777558e-04   -4.196621885058e-04   -7.511140574934e-05    3.303517005406e-04    1.332619285677e-05    3.845643368550e-04
  69   -3.092559345532e-04   -3.909240185749e-04   -4.755983245559e-04   -4.175266949460e-04   -7.661535346415e-05    3.271691384725e-04    1.350389356958e-05    3.820525016636e-04
  70   -3.153716388624e-04   -3.929528174922e-04   -4.874761216342e-04   -4.187579033896e-04   -7.868913962739e-05    3.274500195403e-04    1.376773798256e-05    3.834456147160e-04
  71   -3.218752390239e-04   -3.985145885963e-04   -5.007731961086e-04   -4.234856751282e-04   -8.085252920864e-05    3.309366293252e-04    1.481996878283e-05    3.885526966769e-04
  72   -3.287466533948e-04   -4.034063604195e-04   -5.147476331331e-04   -4.274171660654e-04   -8.258586603915e-05    3.333071363159e-04    1.627444726182e-05    3.925595665351e-04
  73   -3.355768276379e-04   -4.048861446790e-04   -5.281092599034e-04   -4.278951091692e-04   -8.384616376134e-05    3.320852119941e-04    1.733373937896e-05    3.924922493752e-04
  74   -3.418874694034e-04   -4.045879177283e-04   -5.402895621955e-04   -4.265484167263e-04   -8.518769027432e-05    3.293990157545e-04    1.773138501449e-05    3.905014018528e-04
  75   -3.474188270047e-04   -4.048914415762e-04   -5.513547221199e-04   -4.255555686541e-04   -8.714439900359e-05    3.280370438006e-04    1.766407876858e-05    3.897254355252e-04
  76   -3.523258492351e-04   -4.051876021549e-04   -5.614690599032e-04   -4.242244758643e-04   -8.945261652116e-05    3.272338071838e-04    1.733774843160e-05    3.894633264281e-04
  77   -3.570920962375e-04   -4.033970180899e-04   -5.709153483622e-04   -4.207004676573e-04   -9.125781798502e-05    3.243431856390e-04    1.690045610303e-05    3.867979976349e-04
  78   -3.620489733294e-04   -3.997912863269e-04   -5.803419044241e-04   -4.155249916948e-04   -9.234630852006e-05    3.194022574462e-04    1.653908475419e-05    3.818424884230e-04
  79   -3.671401645988e-04   -3.969433309976e-04   -5.903358105570e-04   -4.112271417398e-04   -9.356134978589e-05    3.153251309413e-04    1.629267717362e-05    3.780684783123e-04
  80   -3.718592342921e-04   -3.958239976782e-04   -6.002370500937e-04   -4.085389664397e-04   -9.570692054695e-05    3.134542203043e-04    1.576964859851e-05    3.769882605411e-04
  81   -3.757227677852e-04   -3.945414209738e-04   -6.085733184591e-04   -4.055284662172e-04   -9.847282490227e-05    3.116708248854e-04    1.447318572900e-05    3.758273378480e-04
  82   -3.790335613303e-04   -3.916624409612e-04   -6.154632428661e-04   -4.009480180684e-04   -1.008130129776e-04    3.079684393015e-04    1.275266913581e-05    3.720173845068e-04
  83   -3.828579792753e-04   -3.883541212417e-04   -6.231862935238e-04   -3.960002504755e-04   -1.021380157908e-04    3.034414839931e-04    1.179963874165e-05    3.670719743241e-04
  84   -3.876533883158e-04   -3.862620214932e-04   -6.331346812658e-04   -3.921666648239e-04   -1.029319100780e-04    3.002673911396e-04    1.212411007145e-05    3.639665083028e-04
  85   -3.923224285245e-04   -3.848901542369e-04   -6.433268426917e-04   -3.889586369041e-04   -1.042203293764e-04    2.983799495269e-04    1.251359572052e-05    3.626781981438e-04
  86   -3.954829298891e-04   -3.825564053841e-04   -6.508437800221e-04   -3.849540080409e-04   -1.065045726136e-04    2.958277764264e-04    1.137115032179e-05    3.605633391999e-04
  87   -3.973860584665e-04   -3.787485184148e-04   -6.558055756614e-04   -3.796731180046e-04   -1.092851452995e-04    2.915689256042e-04    8.738890755922e-06    3.561356279533e-04
  88   -3.995810984634e-04   -3.743880079128e-04   -6.610071286559e-04   -3.736530488823e-04   -1.117280044127e-04    2.866036666092e-04    6.191679858603e-06    3.507180081215e-04
  89   -4.027745744679e-04   -3.704721166287e-04   -6.679352372885e-04   -3.677088534459e-04   -1.136341088568e-04    2.824845723808e-04    4.745954356622e-06    3.464323235676e-04
  90   -4.060759092681e-04   -3.671023587231e-04   -6.751557812095e-04   -3.623921365943e-04   -1.154440396931e-04    2.794782049023e-04    3.836270479951e-06    3.435823018663e-04
  91   -4.085979599040e-04   -3.634476161096e-04   -6.808250909671e-04   -3.573027788661e-04   -1.173841519631e-04    2.763186057564e-04    2.419437805656e-06    3.403301234357e-04
  92   -4.104999534320e-04   -3.587196406443e-04   -6.849544006400e-04   -3.513254632708e-04   -1.194369833684e-04    2.719477633946e-04    1.257867552340e-07    3.352367202751e-04
  93   -4.122353857383e-04   -3.532007103786e-04   -6.885846378282e-04   -3.440864675213e-04   -1.219009136548e-04    2.669876266737e-04   -2.881039108615e-06    3.293254994787e-04
  94   -4.138201184105e-04   -3.480666782707e-04   -6.922896136530e-04   -3.368179895915e-04   -1.250548812095e-04    2.628407091834e-04   -6.252936145756e-06    3.246484266128e-04
  95   -4.152877954766e-04   -3.438875137363e-04   -6.961748586036e-04   -3.308889572509e-04   -1.282887969865e-04    2.595788682811e-04   -9.425602911506e-06    3.212229930796e-04
  96   -4.170976753812e-04   -3.399465640541e-04   -7.005347870290e-04   -3.259682853241e-04   -1.306160120293e-04    2.559062268119e-04   -1.188366877614e-05    3.171261341777e-04
  97   -4.192342748865e-04   -3.352574130986e-04   -7.051028660499e-04   -3.204593958799e-04   -1.323579781456e-04    2.512385253794e-04   -1.405910006724e-05    3.116321749985e-04
  98   -4.208220343571e-04   -3.298325464129e-04   -7.088218117133e-04   -3.135625447612e-04   -1.350033271592e-04    2.465813013259e-04   -1.700743450783e-05    3.063071926590e-04
  99   -4.213839711156e-04   -3.242714446969e-04   -7.111161248758e-04   -3.059130976908e-04   -1.389147510054e-04    2.426702703815e-04   -2.096044772770e-05    3.021190641448e-04
 100   -4.217594396323e-04   -3.185517853126e-04   -7.127698627301e-04   -2.982616424561e-04   -1.425389200449e-04    2.385392435826e-04   -2.496618253645e-05    2.974192611873e-04
 101   -4.227730387356e-04   -3.120409674011e-04   -7.143917609937e-04   -2.904627181124e-04   -1.448661496397e-04    2.330312127015e-04   -2.854344347725e-05    2.904777938966e-04
 102   -4.237422253937e-04   -3.048020880669e-04   -7.152804755606e-04   -2.822446112987e-04   -1.473193551647e-04    2.268705429742e-04   -3.253185423091e-05    2.825736301020e-04
 103   -4.237409739289e-04   -2.979573910125e-04   -7.150782621466e-04   -2.741373027675e-04   -1.515073090559e-04    2.218196605099e-04   -3.746930451598e-05    2.763788215816e-04
 104   -4.235301457811e-04   -2.922448620666e-04   -7.152616744861e-04   -2.667394292075e-04   -1.564992708154e-04    2.181576273870e-04   -4.239709232934e-05    2.720739576034e-04
 105   -4.244685696904e-04   -2.869870222639e-04   -7.170822354965e-04   -2.597451675683e-04   -1.602996489964e-04    2.144949248759e-04   -4.645592707675e-05    2.674477873370e-04
 106   -4.262510337867e-04   -2.812950406224e-04   -7.195209618658e-04   -2.524919400457e-04   -1.631285558688e-04    2.101531135850e-04   -5.034836794948e-05    2.616990241222e-04
 107   -4.275077371858e-04   -2.753674052656e-04   -7.209682953544e-04   -2.449692110531e-04   -1.667716132943e-04    2.059972030111e-04   -5.492091440829e-05    2.563351299614e-04
 108   -4.281122528482e-04   -2.698187599890e-04   -7.217921665870e-04   -2.376159245614e-04   -1.714110112516e-04    2.026012953138e-04   -5.953990330454e-05    2.520690904930e-04
 109   -4.290902288631e-04   -2.646167122293e-04   -7.233605720103e-04   -2.306007518200e-04   -1.756488782121e-04    1.993045880226e-04   -6.341239350149e-05    2.477428643033e-04
 110   -4.306638147682e-04   -2.594407415017e-04   -7.256158860400e-04   -2.239032764919e-04   -1.791597896954e-04    1.956810447155e-04   -6.716469943058e-05    2.428488223813e-04
 111   -4.319466825109e-04   -2.542814472690e-04   -7.271187496372e-04   -2.174056571675e-04   -1.832263369579e-04    1.923643867485e-04   -7.192314660642e-05    2.385739935562e-04
 112   -4.325209301896e-04   -2.489725593477e-04   -7.272263756022e-04   -2.105316234520e-04   -1.884484227048e-04    1.896746398415e-04   -7.746942719677e-05    2.352942246944e-04
 113   -4.327561182436e-04   -2.432471374050e-04   -7.264826563187e-04   -2.029822207987e-04   -1.941068621818e-04    1.869348925538e-04   -8.294037979795e-05    2.317285689060e-04
 114   -4.331405216362e-04   -2.375564654358e-04   -7.259480771609e-04   -1.956404739758e-04   -1.994997583097e-04    1.836122828536e-04   -8.821875962894e-05    2.270896220580e-04
 115   -4.338531580288e-04   -2.330120187253e-04   -7.263937732205e-04   -1.898826012621e-04   -2.047228044830e-04    1.804260682547e-04   -9.367318125442e-05    2.226462092949e-04
 116   -4.348026704974e-04   -2.294919395354e-04   -7.276593823917e-04   -1.852341083577e-04   -2.100868441630e-04    1.781285536708e-04   -9.923383913701e-05    2.195818669861e-04
 117   -4.356808785815e-04   -2.253175771330e-04   -7.286110776477e-04   -1.796598953661e-04   -2.155875699827e-04    1.762781757861e-04   -1.045076132868e-04    2.171638770960e-04
 118   -4.359627782833e-04   -2.193932014052e-04   -7.280747522600e-04   -1.723145978758e-04   -2.212629769929e-04    1.737517450238e-04   -1.096702180803e-04    2.137284172932e-04
 119   -4.357545985840e-04   -2.128788328264e-04   -7.266377797350e-04   -1.647827884881e-04   -2.271644043503e-04    1.702722511254e-04   -1.152180848294e-04    2.089486661134e-04
 120   -4.358136502560e-04   -2.076283562928e-04   -7.259611738846e-04   -1.586313301232e-04   -2.331694413442e-04    1.668275217526e-04   -1.211308481288e-04    2.041975094471e-04
 121   -4.356702847872e-04   -2.047164598480e-04   -7.256829412654e-04   -1.552218018332e-04   -2.375862095505e-04    1.644899457460e-04   -1.257754047401e-04    2.011671604123e-04
 122   -4.375975113362e-04   -2.011140750255e-04   -7.278562989086e-04   -1.498739438830e-04   -2.431068278383e-04    1.634215004742e-04   -1.302622840740e-04    1.997817016672e-04
 123   -4.389164096210e-04   -1.970267039724e-04   -7.290341309272e-04   -1.442589418730e-04   -2.488255850039e-04    1.623351417948e-04   -1.345747732557e-04    1.984715636354e-04
 124   -4.390170506667e-04   -1.926970144268e-04   -7.287366897799e-04   -1.389426033711e-04   -2.553210943006e-04    1.602470292710e-04   -1.398469466949e-04    1.957490021596e-04
 125   -4.387664375827e-04   -1.886232057586e-04   -7.282142178155e-04   -1.341771858279e-04   -2.621239400469e-04    1.574832713231e-04   -1.458220649511e-04    1.919566566357e-04
 126   -4.398568707984e-04   -1.848021202022e-04   -7.295967079699e-04   -1.295405672863e-04   -2.679358294699e-04    1.550065790070e-04   -1.510679721832e-04    1.886124664452e-04
 127   -4.425524093676e-04   -1.813748531276e-04   -7.330585503951e-04   -1.249490305781e-04   -2.726248058025e-04    1.535263727419e-04   -1.550329325255e-04    1.869514817372e-04
 128   -4.449670377653e-04   -1.787894580048e-04   -7.361980387941e-04   -1.210697810166e-04   -2.778519410640e-04    1.529061555630e-04   -1.590793108335e-04    1.867467944976e-04
 129   -4.448686377145e-04   -1.764874323271e-04   -7.359132287093e-04   -1.179617538583e-04   -2.850766759366e-04    1.521168887848e-04   -1.648836769164e-04    1.860650372691e-04
 130   -4.428877728060e-04   -1.734068500809e-04   -7.328962092288e-04   -1.148136361735e-04   -2.933342475444e-04    1.503480307292e-04   -1.720967411529e-04    1.834937429521e-04
 131   -4.418168682605e-04   -1.692395017017e-04   -7.308109779842e-04   -1.107762800530e-04   -3.005121252500e-04    1.478209451307e-04   -1.789283705875e-04    1.797950972104e-04
 132   -4.432512214407e-04   -1.649270416237e-04   -7.321582525037e-04   -1.061044968083e-04   -3.058990987483e-04    1.456391328247e-04   -1.838060416048e-04    1.771210809238e-04
 133   -4.458285693545e-04   -1.614680077182e-04   -7.356314454228e-04   -1.019091578200e-04   -3.107691882178e-04    1.445121015422e-04   -1.869188272394e-04    1.763050531736e-04
 134   -4.474164452404e-04   -1.587290025782e-04   -7.384757627733e-04   -9.864527964965e-05   -3.164187073708e-04    1.437802420696e-04   -1.897622714750e-04    1.756649289746e-04
 135   -4.477467155084e-04   -1.562431134516e-04   -7.398002780974e-04   -9.590295667294e-05   -3.228211426176e-04    1.425182417734e-04   -1.938050845638e-04    1.737066195346e-04
 136   -4.481431969907e-04   -1.540684170322e-04   -7.408728706650e-04   -9.311668691225e-05   -3.293365007266e-04    1.408894604538e-04   -1.990992168430e-04    1.713948004181e-04
 137   -4.496160254348e-04   -1.521505619166e-04   -7.431917474605e-04   -8.993402298074e-05   -3.354690852575e-04    1.396090665367e-04   -2.041777479462e-04    1.700821303530e-04
 138   -4.514738393482e-04   -1.498701749370e-04   -7.462601060979e-04   -8.626211638330e-05   -3.413938102312e-04    1.386534277117e-04   -2.080582780764e-04    1.692311489023e-04
 139   -4.529803991318e-04   -1.468565315008e-04   -7.489043637179e-04   -8.232503023464e-05   -3.470657102298e-04    1.372711994918e-04   -2.110907371389e-04    1.672285143286e-04
 140   -4.539637593552e-04   -1.436543243472e-04   -7.504658424295e-04   -7.872643618612e-05   -3.528019587975e-04    1.352414692519e-04   -2.146426122636e-04    1.641764538363e-04
 141   -4.548543656711e-04   -1.412512647221e-04   -7.520670187660e-04   -7.615693903062e-05   -3.589939442463e-04    1.334525004495e-04   -2.190550148953e-04    1.619955146452e-04
 142   -4.557828651741e-04   -1.395463186782e-04   -7.546206470579e-04   -7.413110142807e-05   -3.656144253910e-04    1.325022458332e-04   -2.234484563814e-04    1.613274653209e-04
 143   -4.566960851662e-04   -1.378110900987e-04   -7.575769559480e-04   -7.172535697464e-05   -3.720353124663e-04    1.321256131632e-04   -2.270309487358e-04    1.610865147086e-04
 144   -4.580862005241e-04   -1.357982691843e-04   -7.606526487507e-04   -6.873546226416e-05   -3.775716468226e-04    1.316549169132e-04   -2.297403116245e-04    1.601165422471e-04
 145   -4.603887500707e-04   -1.337332068942e-04   -7.646997109987e-04   -6.571489211638e-05   -3.824970626738e-04    1.307095808443e-04   -2.320562925888e-04    1.585475256434e-04
 146   -4.626770678442e-04   -1.314779801760e-04   -7.694857777096e-04   -6.295736238826e-05   -3.881208249368e-04    1.293284585699e-04   -2.348057751078e-04    1.571524189785e-04
 147   -4.635131335817e-04   -1.287070917897e-04   -7.727353367954e-04   -6.024317917763e-05   -3.951481485274e-04    1.278897107113e-04   -2.385498082731e-04    1.562923716847e-04
 148   -4.632679629140e-04   -1.260513090529e-04   -7.736898260191e-04   -5.775398676633e-05   -4.023482906632e-04    1.270523061976e-04   -2.425174025120e-04    1.560378586873e-04
 149   -4.638415994123e-04   -1.242638682015e-04   -7.748301140964e-04   -5.559613782680e-05   -4.080474900547e-04    1.268358028028e-04   -2.454392670188e-04    1.559224911034e-04
 150   -4.659132682718e-04   -1.227992179338e-04   -7.782619213685e-04   -5.329461419024e-05   -4.126024141442e-04    1.263902668143e-04   -2.475449291524e-04    1.551358145662e-04
 151   -4.682994622272e-04   -1.208541725646e-04   -7.833081763238e-04   -5.051564585301e-05   -4.179879033472e-04    1.252365618711e-04   -2.504125004634e-04    1.536709023640e-04
 152   -4.698453121819e-04   -1.190827315440e-04   -7.882515783422e-04   -4.798788359039e-05   -4.250793717802e-04    1.241568825208e-04   -2.544155577198e-04    1.527142885607e-04
 153   -4.706269828603e-04   -1.185992659885e-04   -7.923368830234e-04   -4.655403608922e-05   -4.327824281063e-04    1.240499841515e-04   -2.582164306659e-04    1.530895824544e-04
 154   -4.712804802693e-04   -1.186075169244e-04   -7.955851033330e-04   -4.545755291474e-05   -4.397040756885e-04    1.244595187018e-04   -2.607539645396e-04    1.538187061669e-04
 155   -4.721980949398e-04   -1.173462078441e-04   -7.983393734321e-04   -4.324835026637e-05   -4.456134920474e-04    1.241727150045e-04   -2.626951609273e-04    1.534761977382e-04
 156   -4.735738912132e-04   -1.150994285126e-04   -8.017006330192e-04   -4.016680395580e-05   -4.510671715252e-04    1.229945919476e-04   -2.649698290043e-04    1.521598896943e-04
 157   -4.751679080073e-04   -1.137712024502e-04   -8.064184803516e-04   -3.794834992732e-05   -4.567262367345e-04    1.217982498929e-04   -2.674844872672e-04    1.509509602329e-04
 158   -4.764486802742e-04   -1.135786733357e-04   -8.118326659314e-04   -3.702193862409e-05   -4.628302704077e-04    1.210543559864e-04   -2.694998402148e-04    1.501394290244e-04
 159   -4.776505811606e-04   -1.129350421252e-04   -8.173091919161e-04   -3.583486250136e-05   -4.689295892604e-04    1.206131564686e-04   -2.706170489546e-04    1.497296761954e-04
 160   -4.795358108822e-04   -1.113695543609e-04   -8.230276871473e-04   -3.332474807394e-05   -4.746314371005e-04    1.203171486850e-04   -2.714445290621e-04    1.500348880654e-04
 161   -4.817753506359e-04   -1.103093964048e-04   -8.284827345051e-04   -3.052429747186e-05   -4.805278149433e-04    1.199492471642e-04   -2.733706205618e-04    1.505719264969e-04
 162   -4.827591183130e-04   -1.107589705498e-04   -8.321805507876e-04   -2.942491119029e-05   -4.875960876234e-04    1.192291238112e-04   -2.769941056613e-04    1.501619117334e-04
 163   -4.821353650186e-04   -1.118270447478e-04   -8.345629321411e-04   -3.046351775993e-05   -4.953587776981e-04    1.183554122690e-04   -2.805940748658e-04    1.489970600232e-04
 164   -4.818056477234e-04   -1.119808075600e-04   -8.385357214138e-04   -3.161487256875e-05   -5.020410753787e-04    1.180424878839e-04   -2.815735060722e-04    1.489783462603e-04
 165   -4.832223639823e-04   -1.106835698010e-04   -8.451021858491e-04   -3.035992631339e-05   -5.071377381682e-04    1.182761407108e-04   -2.802759699989e-04    1.506730332039e-04
 166   -4.853605641983e-04   -1.087000564439e-04   -8.515751105733e-04   -2.668847628229e-05   -5.124224699102e-04    1.179635146400e-04   -2.801305090543e-04    1.519413344795e-04
 167   -4.865204100497e-04   -1.071824663086e-04   -8.556379470974e-04   -2.331389987376e-05   -5.194959230721e-04    1.164774585050e-04   -2.831856254488e-04    1.509116846137e-04
 168   -4.868274263572e-04   -1.066246477421e-04   -8.589489734732e-04   -2.226133074146e-05   -5.274146096781e-04    1.147962830146e-04   -2.871164761018e-04    1.487412373535e-04
 169   -4.875035956502e-04   -1.063232339220e-04   -8.641549502499e-04   -2.196492823714e-05   -5.340943462215e-04    1.140550448326e-04   -2.884671557695e-04    1.476367760915e-04
 170   -4.885252565145e-04   -1.054887688952e-04   -8.704526699148e-04   -1.984247137443e-05   -5.394185427576e-04    1.139505839092e-04   -2.874654601328e-04    1.479768834542e-04
 171   -4.889338160865e-04   -1.043539232342e-04   -8.751495624892e-04   -1.617462658032e-05   -5.450887256302e-04    1.133147598011e-04   -2.873195335269e-04    1.483782252762e-04
 172   -4.887684481218e-04   -1.039299386321e-04   -8.784866076894e-04   -1.367620643578e-05   -5.520580452867e-04    1.122098110500e-04   -2.894067729358e-04    1.482876541559e-04
 173   -4.892073338851e-04   -1.045518729370e-04   -8.835553890094e-04   -1.330780469289e-05   -5.597240524366e-04    1.118650689023e-04   -2.917981182691e-04    1.484144740971e-04
 174   -4.906295216642e-04   -1.054956228472e-04   -8.914298960008e-04   -1.297341259487e-05   -5.673278938048e-04    1.125937124016e-04   -2.923922729678e-04    1.489625719842e-04
 175   -4.918297054246e-04   -1.057671033777e-04   -8.990684291348e-04   -1.059017904481e-05   -5.744288209826e-04    1.129007941927e-04   -2.914484648500e-04    1.486409455538e-04
 176   -4.916850593872e-04   -1.048588237609e-04   -9.036381961778e-04   -6.600086635444e-06   -5.807106499560e-04    1.113985781558e-04   -2.903634449467e-04    1.464425004087e-04
 177   -4.908137489110e-04   -1.030377170537e-04   -9.067487553693e-04   -2.912411218858e-06   -5.864739068784e-04    1.088848221116e-04   -2.896948426496e-04    1.437836326659e-04
 178   -4.907386028208e-04   -1.017230533762e-04   -9.124383213930e-04   -1.054251697497e-06   -5.927181919105e-04    1.075991312973e-04   -2.889593015425e-04    1.434271835024e-04
 179   -4.917815676890e-04   -1.028459373629e-04   -9.216333855875e-04   -1.678506123426e-06   -6.000349530950e-04    1.084755422198e-04   -2.879448002204e-04    1.460164494347e-04
 180   -4.926574183628e-04   -1.065373216989e-04   -9.309841552749e-04   -4.027947397844e-06   -6.079814047553e-04    1.101024390664e-04   -2.871644683182e-04    1.489875721745e-04
 181   -4.923726664856e-04   -1.100462250179e-04   -9.374760556966e-04   -5.398186658567e-06   -6.156032322906e-04    1.105979463318e-04   -2.867510775104e-04    1.496430486441e-04
 182   -4.913514130749e-04   -1.105119299609e-04   -9.418150293641e-04   -3.343676098666e-06   -6.224222015589e-04    1.098668726627e-04   -2.858584921341e-04    1.483359665144e-04
 183   -4.905384848826e-04   -1.088553763111e-04   -9.466463816352e-04    6.554751621479e-07   -6.287763826549e-04    1.092881720979e-04   -2.839214284904e-04    1.474487362429e-04
 184   -4.900966305286e-04   -1.090007281164e-04   -9.533117990941e-04    2.254071432617e-06   -6.354632205330e-04    1.095547922887e-04   -2.817705390044e-04    1.481559447711e-04
 185   -4.896037862636e-04   -1.125467242673e-04   -9.612716967240e-04    6.548930286954e-08   -6.426398758776e-04    1.099734508898e-04   -2.803574607242e-04    1.495361793786e-04
 186   -4.888375406154e-04   -1.162106127595e-04   -9.692239691503e-04   -2.108238732035e-06   -6.496676360257e-04    1.096386404242e-04   -2.793953754008e-04    1.503163657617e-04
 187   -4.880742344540e-04   -1.161989639513e-04   -9.762087138370e-04   -3.807431312453e-07   -6.562445196323e-04    1.087165728677e-04   -2.780379436444e-04    1.505269319750e-04
 188   -4.877586616203e-04   -1.133395562647e-04   -9.826191235334e-04    4.408796485222e-06   -6.628833361901e-04    1.080806250684e-04   -2.758868213277e-04    1.509650173830e-04
 189   -4.879197513219e-04   -1.116176572395e-04   -9.898128919303e-04    8.795956091490e-06   -6.698296056129e-04    1.079691137420e-04   -2.728740219027e-04    1.516959455330e-04
 190   -4.876221064478e-04   -1.126248098444e-04   -9.980871109292e-04    1.124695882027e-05   -6.765474099666e-04    1.075657855836e-04   -2.689582761377e-04    1.518436765764e-04
 191   -4.858542524744e-04   -1.144971029134e-04   -1.006391365081e-03    1.241777317773e-05   -6.825455930084e-04    1.061059592757e-04   -2.643586776685e-04    1.509009453002e-04
 192   -4.831176484004e-04   -1.155341014965e-04   -1.014299457893e-03    1.314166365773e-05   -6.882969173603e-04    1.041708746925e-04   -2.595785190351e-04    1.496346667409e-04
 193   -4.810515092686e-04   -1.159890452982e-04   -1.022392883897e-03    1.417617204424e-05   -6.949710077606e-04    1.032895233948e-04   -2.552124497015e-04    1.492147712270e-04
 194   -4.799224261660e-04   -1.164732821053e-04   -1.030433108099e-03    1.618569331185e-05   -7.030489505269e-04    1.038549089571e-04   -2.515417872928e-04    1.496943295933e-04
 195   -4.778484581038e-04   -1.170685354737e-04   -1.037148991600e-03    1.855337723100e-05   -7.114340551198e-04    1.043036754709e-04   -2.479750546627e-04    1.498832716607e-04
 196   -4.735348338727e-04   -1.181593761430e-04   -1.042585819960e-03    1.980611887120e-05   -7.189400494099e-04    1.030765342875e-04   -2.436316281091e-04    1.489119022153e-04
 197   -4.683472216129e-04   -1.204514701385e-04   -1.048767357133e-03    1.975028135348e-05   -7.262791041285e-04    1.010570849758e-04   -2.387595159234e-04    1.479330676375e-04
 198   -4.642374697141e-04   -1.238832192030e-04   -1.057049841620e-03    1.958569919225e-05   -7.348645012826e-04    1.007873943308e-04   -2.341929939575e-04    1.492760493420e-04
 199   -4.609641619027e-04   -1.274154201383e-04   -1.066180178896e-03    1.991843964788e-05   -7.440603221767e-04    1.028509723255e-04   -2.296517486684e-04    1.530733134132e-04
 200   -4.567753931042e-04   -1.299361174461e-04   -1.073942519724e-03    2.055836739601e-05   -7.521458901465e-04    1.045805838658e-04   -2.242801419925e-04    1.560169039294e-04
 201   -4.510648141149e-04   -1.312015956501e-04   -1.079953741282e-03    2.182042226195e-05   -7.594824419357e-04    1.037083566189e-04   -2.184039331041e-04    1.555572089273e-04
 202   -4.448883410078e-04   -1.320046139881e-04   -1.086024800315e-03    2.408331420156e-05   -7.678824476898e-04    1.016474052449e-04   -2.127512125298e-04    1.538837677799e-04
 203   -4.394762217999e-04   -1.333008840447e-04   -1.093863858841e-03    2.674639472389e-05   -7.771378150210e-04    1.011916538118e-04   -2.067665191134e-04    1.548907021061e-04
 204   -4.354511911515e-04   -1.351764076389e-04   -1.103624934331e-03    2.911075353040e-05   -7.849685498513e-04    1.022987416945e-04   -1.991949684452e-04    1.584182027727e-04
 205   -4.328621726017e-04   -1.371734251734e-04   -1.114579965360e-03    3.152486897307e-05   -7.906171376817e-04    1.026426762110e-04   -1.898535265354e-04    1.606368168723e-04
 206   -4.306627670303e-04   -1.392802223563e-04   -1.125887269154e-03    3.442394154263e-05   -7.963125244714e-04    1.015632296912e-04   -1.798341836547e-04    1.598303788342e-04
 207   -4.266184987500e-04   -1.420006883563e-04   -1.136440900154e-03    3.671738522826e-05   -8.045907597989e-04    1.006781822070e-04   -1.706754264887e-04    1.587173319422e-04
 208   -4.194216162432e-04   -1.454610173823e-04   -1.145471585914e-03    3.701163950609e-05   -8.150555659086e-04    1.006579841487e-04   -1.630856713746e-04    1.600063114893e-04
 209   -4.108014982194e-04   -1.491012808401e-04   -1.153741730377e-03    3.606596874306e-05   -8.245017961599e-04    1.001786440611e-04   -1.556634961162e-04    1.623815333005e-04
 210   -4.035976598971e-04   -1.522536767880e-04   -1.163056353107e-03    3.636439942056e-05   -8.307834505104e-04    9.836785466177e-05   -1.459835912101e-04    1.627542078495e-04
 211   -3.977373417001e-04   -1.546938146930e-04   -1.173866214231e-03    3.890995139955e-05   -8.356925100088e-04    9.623456571717e-05   -1.338638103334e-04    1.609703322174e-04
 212   -3.903990727849e-04   -1.568411826156e-04   -1.184692489915e-03    4.194977373118e-05   -8.427249849774e-04    9.511706593912e-05   -1.218342949869e-04    1.598203962203e-04
 213   -3.805929736700e-04   -1.592103653820e-04   -1.194241340272e-03    4.394391726237e-05   -8.524851873517e-04    9.514590055915e-05   -1.115258055506e-04    1.608508173376e-04
 214   -3.705782000907e-04   -1.617313246243e-04   -1.202818471938e-03    4.556857311400e-05   -8.624494657852e-04    9.576074808137e-05   -1.015124507830e-04    1.629895850783e-04
 215   -3.621344803832e-04   -1.641999842832e-04   -1.211637863889e-03    4.751137748826e-05   -8.711441187188e-04    9.656789188739e-05   -9.006995242089e-05    1.652374630794e-04
 216   -3.541467303876e-04   -1.671896898188e-04   -1.221902435645e-03    4.881824861513e-05   -8.800067007542e-04    9.725093696034e-05   -7.775334233884e-05    1.678683474893e-04
 217   -3.449402283877e-04   -1.715478429105e-04   -1.234107185155e-03    4.929501301376e-05   -8.904366404749e-04    9.751263132785e-05   -6.556914013345e-05    1.703615125734e-04
 218   -3.346597950440e-04   -1.765541965142e-04   -1.247100182809e-03    5.121315916767e-05   -9.012226364575e-04    9.710883023217e-05   -5.269667599350e-05    1.708087365841e-04
 219   -3.242969978601e-04   -1.802281476557e-04   -1.258795382455e-03    5.573630915023e-05   -9.102670592256e-04    9.572648559697e-05   -3.812989962171e-05    1.687854673946e-04
 220   -3.140522167087e-04   -1.823712082114e-04   -1.269346568733e-03    5.962924478808e-05   -9.179526823573e-04    9.340213728137e-05   -2.301849781361e-05    1.670084166108e-04
 221   -3.036591806449e-04   -1.854876900325e-04   -1.281571574509e-03    5.917155067436e-05   -9.269510628656e-04    9.132880222751e-05   -9.281404345529e-06    1.684187300270e-04
 222   -2.929974871222e-04   -1.914526656037e-04   -1.296474249102e-03    5.612538370769e-05   -9.385618031956e-04    9.119573223870e-05    3.640370096036e-06    1.724753528833e-04
 223   -2.817843633238e-04   -1.989293086808e-04   -1.311002997681e-03    5.611650703941e-05   -9.508385555819e-04    9.302762191510e-05    1.853129651863e-05    1.760948507581e-04
 224   -2.692430280149e-04   -2.055042132270e-04   -1.322546508163e-03    6.097572622821e-05   -9.613842121325e-04    9.470248915022e-05    3.678079883684e-05    1.780174934538e-04
 225   -2.545269671828e-04   -2.108687767759e-04   -1.332740299404e-03    6.603878864553e-05   -9.707900462672e-04    9.458013664698e-05    5.621573654935e-05    1.802029146347e-04
 226   -2.374146861257e-04   -2.158450661227e-04   -1.343991374597e-03    6.697766366415e-05   -9.815706871450e-04    9.338127711089e-05    7.346921483986e-05    1.840393379098e-04
 227   -2.186355995946e-04   -2.201348834205e-04   -1.355049316771e-03    6.617086182814e-05   -9.942213073373e-04    9.269252768718e-05    8.839621295920e-05    1.875260641100e-04
 228   -1.998780498980e-04   -2.234211715404e-04   -1.364083611406e-03    6.873659731355e-05   -1.006550155580e-03    9.244206739822e-05    1.047627156368e-04    1.881254138425e-04
 229   -1.828609383665e-04   -2.270640397910e-04   -1.373503590003e-03    7.442735659424e-05   -1.016790745780e-03    9.087354555959e-05    1.257625845028e-04    1.864625373855e-04
 230   -1.672365033301e-04   -2.324480738025e-04   -1.386874471791e-03    7.805411587469e-05   -1.025766483508e-03    8.706061635166e-05    1.500065845903e-04    1.852089626482e-04
 231   -1.500436919741e-04   -2.387382846791e-04   -1.402190886438e-03    7.746818300802e-05   -1.035550725646e-03    8.245208300650e-05    1.731680822559e-04    1.856270100689e-04
 232   -1.290596264880e-04   -2.445108839311e-04   -1.414141152054e-03    7.623279816471e-05   -1.047155354172e-03    7.952068699524e-05    1.932859013323e-04    1.871981803561e-04
 233   -1.061103321263e-04   -2.504191070329e-04   -1.423059729859e-03    7.782682951074e-05   -1.059773843735e-03    7.909267151263e-05    2.133634261554e-04    1.892970467452e-04
 234   -8.471101318719e-05   -2.579300198704e-04   -1.435319776647e-03    8.182821329683e-05   -1.071965321898e-03    7.972272578627e-05    2.382271632086e-04    1.915469038067e-04
 235   -6.487498467322e-05   -2.667001099326e-04   -1.453124801628e-03    8.635999984108e-05   -1.083771931008e-03    8.001826063264e-05    2.683019847609e-04    1.940321235452e-04
 236   -4.343496038928e-05   -2.748791303020e-04   -1.470801653340e-03    9.045010665432e-05   -1.096785417758e-03    7.997069042176e-05    2.980515419040e-04    1.974517072085e-04
 237   -1.953437458724e-05   -2.811620361172e-04   -1.484354143031e-03    9.354081703350e-05   -1.111040939577e-03    7.951867883094e-05    3.232556045987e-04    2.015551726799e-04
 238    4.295063263271e-06   -2.859233936761e-04   -1.497808727436e-03    9.531230898574e-05   -1.123633584939e-03    7.758288120385e-05    3.479982842691e-04    2.040678518824e-04
 239    2.726368984440e-05   -2.911726478487e-04   -1.515264972113e-03    9.650204447098e-05   -1.132913050242e-03    7.386498327833e-05    3.790485206991e-04    2.034386416199e-04
 240    5.259587487672e-05   -2.992846129928e-04   -1.532914349809e-03    9.839975973591e-05   -1.142313354649e-03    7.024046499282e-05    4.145799030084e-04    2.020483661909e-04
 241    8.263912604889e-05   -3.104100178462e-04   -1.545490929857e-03    1.016344758682e-04   -1.156062702648e-03    6.859777204227e-05    4.461708304007e-04    2.035452052951e-04
 242    1.150316238636e-04   -3.214953467250e-04   -1.556139090098e-03    1.060570648406e-04   -1.172688673250e-03    6.824606680311e-05    4.725482140202e-04    2.074781514239e-04
 243    1.463945081923e-04   -3.300663083792e-04   -1.572319073603e-03    1.103651884478e-04   -1.187234069221e-03    6.707687862217e-05    5.022556288168e-04    2.100150159094e-04
 244    1.775311247911e-04   -3.378346445970e-04   -1.593859866261e-03    1.122148532886e-04   -1.199202029966e-03    6.473140092567e-05    5.398325156420e-04    2.100138226524e-04
 245    2.116684918292e-04   -3.478244179860e-04   -1.612746622413e-03    1.111912424676e-04   -1.212861388922e-03    6.303202826530e-05    5.783960805275e-04    2.107230538968e-04
 246    2.488736645319e-04   -3.591981367208e-04   -1.625697361305e-03    1.110786979552e-04   -1.229529851116e-03    6.290359306149e-05    6.113518611528e-04    2.144677273463e-04
 247    2.856859355234e-04   -3.682748065330e-04   -1.639619935304e-03    1.162482076325e-04   -1.245366060175e-03    6.234142347239e-05    6.438096170314e-04    2.191102539655e-04
 248    3.204566601198e-04   -3.743531706277e-04   -1.661183545366e-03    1.258218835574e-04   -1.258356147446e-03    5.863825208507e-05    6.848095217720e-04    2.214014821220e-04
 249    3.555872244760e-04   -3.812222857960e-04   -1.687083393335e-03    1.345683413092e-04   -1.272005727515e-03    5.232662078924e-05    7.330965599976e-04    2.215245622210e-04
 250    3.934874839615e-04   -3.924113116227e-04   -1.710157841444e-03    1.395001891069e-04   -1.289312029257e-03    4.730778164230e-05    7.790656527504e-04    2.224483177997e-04
 251    4.331146192271e-04   -4.071246949024e-04   -1.730069983751e-03    1.425384834874e-04   -1.307550817728e-03    4.621042171493e-05    8.188165957108e-04    2.258652821183e-04
 252    4.727535997517e-04   -4.211227933411e-04   -1.750764204189e-03    1.469189592171e-04   -1.322728698142e-03    4.682861617766e-05    8.585600880906e-04    2.302704961039e-04
 253    5.140296998434e-04   -4.311807279009e-04   -1.771886134520e-03    1.533558825031e-04   -1.336017623544e-03    4.499021451920e-05    9.047600906342e-04    2.331609721296e-04
 254    5.599245778285e-04   -4.386292712297e-04   -1.790540525690e-03    1.599862589501e-04   -1.351596321911e-03    4.018706385978e-05    9.562711929902e-04    2.342995721847e-04
 255    6.097393925302e-04   -4.476511967368e-04   -1.808330765925e-03    1.650260819588e-04   -1.369671081193e-03    3.544703940861e-05    1.008349121548e-03    2.352905867156e-04
 256    6.595109589398e-04   -4.598078667186e-04   -1.829144777730e-03    1.693852827884e-04   -1.386015675962e-03    3.199945786037e-05    1.060284441337e-03    2.365101536270e-04
 257    7.074349559844e-04   -4.722611920442e-04   -1.852455432527e-03    1.762853935361e-04   -1.398637890816e-03    2.795972977765e-05    1.115397550166e-03    2.373809402343e-04
 258    7.560459198430e-04   -4.823409253731e-04   -1.875383080915e-03    1.869354746304e-04   -1.411236706190e-03    2.252648118883e-05    1.174783217721e-03    2.392015012447e-04
 259    8.084903238341e-04   -4.915330791846e-04   -1.898607937619e-03    1.973452162929e-04   -1.428544637747e-03    1.758738653734e-05    1.234496012330e-03    2.442814584356e-04
 260    8.653999539092e-04   -5.030625034124e-04   -1.924375304952e-03    2.023428096436e-04   -1.450277399272e-03    1.390854595229e-05    1.291269087233e-03    2.518674300518e-04
 261    9.259477374144e-04   -5.176033591852e-04   -1.951346988790e-03    2.024319255725e-04   -1.471975469030e-03    9.731738828123e-06    1.348094665445e-03    2.589001960587e-04
 262    9.893107926473e-04   -5.330831627361e-04   -1.976734492928e-03    2.035836805589e-04   -1.490459195338e-03    4.637637175620e-06    1.410549390130e-03    2.648961963132e-04
 263    1.054447726347e-03   -5.471591139212e-04   -2.001480199397e-03    2.101297723129e-04   -1.506327418610e-03    7.255002856255e-07    1.478809979744e-03    2.712749701459e-04
 264    1.120355678722e-03   -5.589611828327e-04   -2.028618706390e-03    2.204779884778e-04   -1.522128703073e-03   -1.759734004736e-06    1.547839608975e-03    2.766691613942e-04
 265    1.187556074001e-03   -5.701887421310e-04   -2.057852689177e-03    2.303122309968e-04   -1.539983553812e-03   -6.026006303728e-06    1.615606597625e-03    2.786553231999e-04
 266    1.257670810446e-03   -5.846809945069e-04   -2.086352556944e-03    2.374357427470e-04   -1.560731674545e-03   -1.307093771175e-05    1.685903873295e-03    2.803359238897e-04
 267    1.330624567345e-03   -6.044851033948e-04   -2.114210976288e-03    2.428605803289e-04   -1.583385164849e-03   -1.832336420193e-05    1.761820632964e-03    2.882527478505e-04
 268    1.404172740877e-03   -6.257824716158e-04   -2.144701778889e-03    2.495968947187e-04   -1.605158904567e-03   -1.895776949823e-05    1.841129967943e-03    3.011120716110e-04
 269    1.477749552578e-03   -6.420925492421e-04   -2.178513444960e-03    2.604264882393e-04   -1.623994088732e-03   -2.077070530504e-05    1.920570270158e-03    3.084857016802e-04
 270    1.555591705255e-03   -6.530283135362e-04   -2.211490180343e-03    2.744827070273e-04   -1.641762210056e-03   -3.097095759585e-05    2.000921405852e-03    3.057172289118e-04
 271    1.643052790314e-03   -6.655937177129e-04   -2.239780733362e-03    2.869425807148e-04   -1.663098810241e-03   -4.617602098733e-05    2.084728330374e-03    3.026418271475e-04
 272    1.739063533023e-03   -6.840836722404e-04   -2.264735288918e-03    2.956563257612e-04   -1.689486671239e-03   -5.567964399233e-05    2.172095933929e-03    3.096412401646e-04
 273    1.835502916947e-03   -7.040770724416e-04   -2.291704993695e-03    3.065100754611e-04   -1.716196769848e-03   -5.643779877573e-05    2.262530615553e-03    3.220236976631e-04
 274    1.926862751134e-03   -7.205305155367e-04   -2.325246809050e-03    3.255871706642e-04   -1.738267950714e-03   -5.671253893524e-05    2.357495017350e-03    3.289738087915e-04
 275    2.018539234996e-03   -7.363279000856e-04   -2.364539308473e-03    3.468811628409e-04   -1.758039230481e-03   -6.403599400073e-05    2.457004506141e-03    3.317397786304e-04
 276    2.121015917510e-03   -7.565958658233e-04   -2.402913058177e-03    3.576106391847e-04   -1.782792387530e-03   -7.679435657337e-05    2.556629246101e-03    3.398302360438e-04
 277    2.235994208604e-03   -7.790926028974e-04   -2.434420865029e-03    3.582176286727e-04   -1.814701477997e-03   -8.914811769500e-05    2.653585514054e-03    3.527728258632e-04
 278    2.353889402002e-03   -7.973811589181e-04   -2.461588010192e-03    3.661713562906e-04   -1.847131410614e-03   -9.917578427121e-05    2.753486623988e-03    3.596117021516e-04
 279    2.466949634254e-03   -8.110406342894e-04   -2.492863684893e-03    3.928946098313e-04   -1.872865017503e-03   -1.100313384086e-04    2.864141715690e-03    3.563410136849e-04
 280    2.578807529062e-03   -8.268931414932e-04   -2.531424863264e-03    4.258442204446e-04   -1.893701148219e-03   -1.248684711754e-04    2.983145881444e-03    3.520613536239e-04
 281    2.696582116187e-03   -8.507459424436e-04   -2.572137163952e-03    4.441746277735e-04   -1.917996560223e-03   -1.413797726855e-04    3.099862718955e-03    3.559456090443e-04
 282    2.819726709276e-03   -8.811116567813e-04   -2.611067378893e-03    4.462653305382e-04   -1.949347089976e-03   -1.527335261926e-04    3.211501287296e-03    3.669374855235e-04
 283    2.943964907899e-03   -9.107426740229e-04   -2.651526592672e-03    4.500871291384e-04   -1.982271205634e-03   -1.562631223351e-04    3.328950842842e-03    3.789764014073e-04
 284    3.070872509852e-03   -9.335650247522e-04   -2.697345335037e-03    4.683182341978e-04   -2.010169439018e-03   -1.583211123943e-04    3.462033346295e-03    3.897179849446e-04
 285    3.205251414329e-03   -9.518793085590e-04   -2.745917532593e-03    4.940979415551e-04   -2.033423166722e-03   -1.658918336034e-04    3.606069134548e-03    4.005218506791e-04
 286    3.346750047058e-03   -9.751380421221e-04   -2.792308572680e-03    5.135178798810e-04   -2.057111589238e-03   -1.771220704541e-04    3.749193390831e-03    4.117420758121e-04
 287    3.492044284940e-03   -1.008331892081e-03   -2.836449770257e-03    5.238490412012e-04   -2.084339736030e-03   -1.864155055955e-04    3.887910395861e-03    4.219778347760e-04
 288    3.641366027296e-03   -1.044180593453e-03   -2.882195403799e-03    5.346817197278e-04   -2.114773029462e-03   -1.949344296008e-04    4.028336144984e-03    4.314172547311e-04
 289    3.795712254941e-03   -1.072384766303e-03   -2.931612310931e-03    5.546987522393e-04   -2.146517159417e-03   -2.076395321637e-04    4.175793845206e-03    4.425948718563e-04
 290    3.952209372073e-03   -1.093919621781e-03   -2.984135644510e-03    5.824674153700e-04   -2.176838694140e-03   -2.230237005278e-04    4.330577328801e-03    4.564799601212e-04
 291    4.109653644264e-03   -1.118503161706e-03   -3.038802649826e-03    6.101786857471e-04   -2.203345065936e-03   -2.352010924369e-04    4.491324070841e-03    4.700019489974e-04
 292    4.273783415556e-03   -1.149889663793e-03   -3.093959996477e-03    6.323850248009e-04   -2.227055607364e-03   -2.449763705954e-04    4.656147211790e-03    4.794512060471e-04
 293    4.450529813766e-03   -1.182437641546e-03   -3.146467730403e-03    6.494481349364e-04   -2.253452548757e-03   -2.599870786071e-04    4.821447189897e-03    4.854197613895e-04
 294    4.637327976525e-03   -1.211853697896e-03   -3.195796627551e-03    6.655334727839e-04   -2.287800190970e-03   -2.821596572176e-04    4.985755309463e-03    4.922528751194e-04
 295    4.826671443880e-03   -1.241017132998e-03   -3.247353713959e-03    6.854020757601e-04   -2.327454043552e-03   -3.023901954293e-04    5.155435763299e-03    5.028512678109e-04
 296    5.015123635530e-03   -1.273104106076e-03   -3.307082224637e-03    7.119891233742e-04   -2.362405648455e-03   -3.122326452285e-04    5.339278839529e-03    5.158899002708e-04
 297    5.204990971833e-03   -1.306009595282e-03   -3.373638726771e-03    7.447376847267e-04   -2.387152286246e-03   -3.163780784234e-04    5.536059383303e-03    5.278415628709e-04
 298    5.400219466537e-03   -1.336985966191e-03   -3.440564498305e-03    7.793912664056e-04   -2.409274922684e-03   -3.275431226939e-04    5.734120495617e-03    5.370255094022e-04
 299    5.603809840977e-03   -1.367634162307e-03   -3.505174769089e-03    8.105949964374e-04   -2.440153388306e-03   -3.502585459501e-04    5.926805548370e-03    5.452088080347e-04
 300    5.816728807986e-03   -1.400865381584e-03   -3.570183180273e-03    8.355944883078e-04   -2.479783724993e-03   -3.762448905036e-04    6.121054291725e-03    5.557112745009e-04
 301    6.035605445504e-03   -1.436137012206e-03   -3.637528279796e-03    8.577655535191e-04   -2.518003573641e-03   -3.961701877415e-04    6.325811147690e-03    5.703847273253e-04
 302    6.253277882934e-03   -1.470747985877e-03   -3.706622403115e-03    8.860442321748e-04   -2.548602409661e-03   -4.098935751244e-04    6.539463065565e-03    5.875118658878e-04
 303    6.466764025390e-03   -1.504120649770e-03   -3.778163809329e-03    9.260661900043e-04   -2.574768848717e-03   -4.231017082930e-04    6.755943410099e-03    6.031817756593e-04
 304    6.684190593660e-03   -1.538452575915e-03   -3.854036796838e-03    9.710500016809e-04   -2.602951368317e-03   -4.386280197650e-04    6.975770462304e-03    6.165291415527e-04
 305    6.917181890458e-03   -1.576214330271e-03   -3.933545667678e-03    1.007430953905e-03   -2.636661520228e-03   -4.539650399238e-04    7.203755900264e-03    6.327847950161e-04
 306    7.164847571403e-03   -1.617793459445e-03   -4.014630801976e-03    1.033243723214e-03   -2.674069954082e-03   -4.658247344196e-04    7.440132088959e-03    6.564625073224e-04
 307    7.414191495627e-03   -1.659845700487e-03   -4.097588360310e-03    1.063606468961e-03   -2.708653453737e-03   -4.765619523823e-04    7.680899463594e-03    6.807154277340e-04
 308    7.660170551389e-03   -1.696784165688e-03   -4.183176904917e-03    1.110813347623e-03   -2.736829686910e-03   -4.945916589350e-04    7.923583500087e-03    6.923268083483e-04
 309    7.914302870631e-03   -1.727224444039e-03   -4.268457181752e-03    1.166757894680e-03   -2.765916287899e-03   -5.242407787591e-04    8.168131113052e-03    6.914105033502e-04
 310    8.186300285161e-03   -1.758213969879e-03   -4.349558614194e-03    1.214365009218e-03   -2.806664211676e-03   -5.563150625676e-04    8.415951393545e-03    6.964172935113e-04
 311    8.468227460980e-03   -1.798659097403e-03   -4.428494255990e-03    1.250464934856e-03   -2.856365405023e-03   -5.757932085544e-04    8.671492338181e-03    7.212947821245e-04
 312    8.747673593462e-03   -1.847660867497e-03   -4.511647857726e-03    1.285612350330e-03   -2.899283310398e-03   -5.805629771203e-04    8.939969353378e-03    7.557014469057e-04
 313    9.027251973748e-03   -1.893585897051e-03   -4.600404296070e-03    1.326004974544e-03   -2.926868852228e-03   -5.858561489731e-04    9.219559840858e-03    7.787690265104e-04
 314    9.318192489445e-03   -1.927164965309e-03   -4.688585642725e-03    1.369356876239e-03   -2.947978908196e-03   -6.067105568945e-04    9.500508196652e-03    7.867142558098e-04
 315    9.620472788811e-03   -1.952526392415e-03   -4.772868473083e-03    1.416075974703e-03   -2.975087612867e-03   -6.414053495973e-04    9.776584804058e-03    7.944286335260e-04
 316    9.922171011567e-03   -1.982384826988e-03   -4.860673565418e-03    1.470288960263e-03   -3.009210806340e-03   -6.756994407624e-04    1.005356479436e-02    8.121845312417e-04
 317    1.021822914481e-02   -2.023543464020e-03   -4.960698541254e-03    1.529121538624e-03   -3.044518409297e-03   -7.000032346696e-04    1.034023985267e-02    8.342068176717e-04
 318    1.051969546825e-02   -2.070683985949e-03   -5.069103091955e-03    1.582688186318e-03   -3.080138470978e-03   -7.182776462287e-04    1.063521206379e-02    8.528274483979e-04
 319    1.083936635405e-02   -2.115328097716e-03   -5.174967460334e-03    1.627950696275e-03   -3.118547145277e-03   -7.393725682050e-04    1.093083992600e-02    8.719919715077e-04
 320    1.117311138660e-02   -2.156562171876e-03   -5.278028547764e-03    1.673321472481e-03   -3.156296908855e-03   -7.643015123904e-04    1.122796908021e-02    8.988346671686e-04
 321    1.150314137340e-02   -2.198523376137e-03   -5.388890393078e-03    1.727288588881e-03   -3.186897374690e-03   -7.872951682657e-04    1.153595838696e-02    9.294002084062e-04
 322    1.182145345956e-02   -2.240963513032e-03   -5.510811693966e-03    1.789640169591e-03   -3.213238902390e-03   -8.072599302977e-04    1.185715291649e-02    9.538086596876e-04
 323    1.214181445539e-02   -2.279796870425e-03   -5.633822176605e-03    1.854488626122e-03   -3.246283857152e-03   -8.300077170134e-04    1.218238286674e-02    9.729401208460e-04
 324    1.248049270362e-02   -2.315700286999e-03   -5.751300603151e-03    1.916930079460e-03   -3.287115599960e-03   -8.572330698371e-04    1.250610686839e-02    9.974106214941e-04
 325    1.283238828182e-02   -2.353455405682e-03   -5.869980901480e-03    1.976559869945e-03   -3.321324707940e-03   -8.825324475765e-04    1.283552125096e-02    1.028666039929e-03
 326    1.317796017975e-02   -2.391574438661e-03   -5.997486878186e-03    2.038812264800e-03   -3.339693415910e-03   -9.025426115841e-04    1.317720580846e-02    1.054383697920e-03
 327    1.351125165820e-02   -2.421997254714e-03   -6.128775421530e-03    2.110569272190e-03   -3.354427637532e-03   -9.240049403161e-04    1.352250203490e-02    1.068048179150e-03
 328    1.384704373777e-02   -2.444057259709e-03   -6.254547275603e-03    2.190669532865e-03   -3.382512135431e-03   -9.546775836498e-04    1.385678350925e-02    1.080023357645e-03
 329    1.419804617763e-02   -2.468928927556e-03   -6.377831567079e-03    2.270269673318e-03   -3.419382730499e-03   -9.920042939484e-04    1.418214477599e-02    1.100555411540e-03
 330    1.455751713365e-02   -2.504267264158e-03   -6.511754821986e-03    2.345066983253e-03   -3.445344977081e-03   -1.026112353429e-03    1.451871357858e-02    1.125481561758e-03
 331    1.491168420762e-02   -2.541941590607e-03   -6.660819984972e-03    2.420614473522e-03   -3.455291036516e-03   -1.051223138347e-03    1.488001737744e-02    1.148418406956e-03
 332    1.526105031371e-02   -2.568396274000e-03   -6.813229061663e-03    2.502516377717e-03   -3.464295761660e-03   -1.071383710951e-03    1.525579113513e-02    1.173081109300e-03
 333    1.561877410859e-02   -2.583057619631e-03   -6.956246215850e-03    2.588236238807e-03   -3.483000677079e-03   -1.096483785659e-03    1.562492735684e-02    1.202193903737e-03
 334    1.599131152034e-02   -2.597879152745e-03   -7.091824896634e-03    2.672723960131e-03   -3.505475819111e-03   -1.132591161877e-03    1.597976498306e-02    1.226566848345e-03
 335    1.637223921716e-02   -2.621163381264e-03   -7.230713032186e-03    2.754774875939e-03   -3.526276908815e-03   -1.176222227514e-03    1.633054390550e-02    1.239702571183e-03
 336    1.675248891115e-02   -2.648995723575e-03   -7.378286216408e-03    2.835046965629e-03   -3.550240537152e-03   -1.217094715685e-03    1.669069379568e-02    1.253375667147e-03
 337    1.712635904551e-02   -2.672422211617e-03   -7.532860152423e-03    2.915020566434e-03   -3.576779505238e-03   -1.246900297701e-03    1.706297881901e-02    1.283286605030e-03
 338    1.748926751316e-02   -2.687828382477e-03   -7.692234124988e-03    3.000089898705e-03   -3.592485329136e-03   -1.268855296075e-03    1.743842847645e-02    1.326361903921e-03
 339    1.784330233932e-02   -2.697200048715e-03   -7.854457944632e-03    3.096156287938e-03   -3.591801971197e-03   -1.297515816987e-03    1.780692487955e-02    1.366820186377e-03
 340    1.820355094969e-02   -2.702101599425e-03   -8.016660809517e-03    3.197790123522e-03   -3.589322557673e-03   -1.342549920082e-03    1.817038655281e-02    1.402737572789e-03
 341    1.858321018517e-02   -2.701144432649e-03   -8.180172182620e-03    3.289298154414e-03   -3.599038813263e-03   -1.392489764839e-03    1.854076050222e-02    1.450143172406e-03
 342    1.897256635129e-02   -2.692764159292e-03   -8.351698517799e-03    3.365792799741e-03   -3.613865468651e-03   -1.425651833415e-03    1.892186701298e-02    1.514495583251e-03
 343    1.934742741287e-02   -2.679245546460e-03   -8.534658700228e-03    3.445168025792e-03   -3.619590774179e-03   -1.441222149879e-03    1.930099725723e-02    1.575303729624e-03
 344    1.970029436052e-02   -2.665350213647e-03   -8.723916485906e-03    3.548074513674e-03   -3.616992384195e-03   -1.463164575398e-03    1.966822519898e-02    1.613767584786e-03
 345    2.004918456078e-02   -2.651398535818e-03   -8.912997320294e-03    3.670259378850e-03   -3.616183996201e-03   -1.505464315414e-03    2.003391645849e-02    1.644835225306e-03
 346    2.041336707771e-02   -2.629764843732e-03   -9.100437164307e-03    3.786915447563e-03   -3.619469702244e-03   -1.550850458443e-03    2.041116356850e-02    1.700666849501e-03
 347    2.079263702035e-02   -2.593574579805e-03   -9.285882115364e-03    3.882346674800e-03   -3.623093711212e-03   -1.576889771968e-03    2.078843116760e-02    1.785137108527e-03
 348    2.117224410176e-02   -2.548976568505e-03   -9.468063712120e-03    3.966046031564e-03   -3.627091180533e-03   -1.588921062648e-03    2.114258147776e-02    1.868233899586e-03
 349    2.153873071074e-02   -2.509997226298e-03   -9.650631807745e-03    4.059351515025e-03   -3.631931962445e-03   -1.609111670405e-03    2.147775515914e-02    1.929572550580e-03
 350    2.188616432250e-02   -2.478560199961e-03   -9.843463078141e-03    4.172376357019e-03   -3.631061175838e-03   -1.642185263336e-03    2.182654663920e-02    1.984711503610e-03
 351    2.221610769629e-02   -2.435218077153e-03   -1.005138084292e-02    4.298372194171e-03   -3.618446178734e-03   -1.673445571214e-03    2.220406569541e-02    2.057219156995e-03
 352    2.253879792988e-02   -2.357567427680e-03   -1.026615407318e-02    4.424891900271e-03   -3.598849056289e-03   -1.698164269328e-03    2.258403599262e-02    2.146293874830e-03
 353    2.286836318672e-02   -2.245652256534e-03   -1.047510467470e-02    4.545065108687e-03   -3.580684307963e-03   -1.730645541102e-03    2.293480187654e-02    2.237842418253e-03
 354    2.320773527026e-02   -2.120444783941e-03   -1.067529059947e-02    4.660018254071e-03   -3.561330726370e-03   -1.778206322342e-03    2.326234243810e-02    2.329254522920e-03
 355    2.354140952229e-02   -1.998128369451e-03   -1.087651215494e-02    4.776654299349e-03   -3.530112560838e-03   -1.825957093388e-03    2.359777130187e-02    2.426277846098e-03
 356    2.385345101357e-02   -1.871899468824e-03   -1.108855567873e-02    4.903859924525e-03   -3.486540867016e-03   -1.859658863395e-03    2.395039238036e-02    2.526991069317e-03
 357    2.415088191628e-02   -1.724821049720e-03   -1.130775455385e-02    5.042033270001e-03   -3.445607144386e-03   -1.887306571007e-03    2.429500781000e-02    2.628906862810e-03
 358    2.445248514414e-02   -1.554924063385e-03   -1.152293849736e-02    5.179096944630e-03   -3.417571308091e-03   -1.922408584505e-03    2.461075410247e-02    2.742851153016e-03
 359    2.475614845753e-02   -1.377396984026e-03   -1.173507515341e-02    5.307161249220e-03   -3.389460034668e-03   -1.958587206900e-03    2.491422928870e-02    2.879232401028e-03
 360    2.503938227892e-02   -1.203299034387e-03   -1.195860747248e-02    5.436619743705e-03   -3.341034287587e-03   -1.980608794838e-03    2.523341402411e-02    3.028202569112e-03
 361    2.529764734209e-02   -1.022913027555e-03   -1.219703629613e-02    5.579343996942e-03   -3.277150448412e-03   -1.992980018258e-03    2.555987983942e-02    3.172253491357e-03
 362    2.555681765079e-02   -8.151251822710e-04   -1.243244484067e-02    5.725133232772e-03   -3.226682078093e-03   -2.015857025981e-03    2.585667558014e-02    3.314312780276e-03
 363    2.583290264010e-02   -5.738893523812e-04   -1.265300158411e-02    5.854157730937e-03   -3.202189225703e-03   -2.052217721939e-03    2.611511573195e-02    3.470182185993e-03
 364    2.610199339688e-02   -3.203735686839e-04   -1.287568826228e-02    5.968101322651e-03   -3.177377162501e-03   -2.080862410367e-03    2.637086249888e-02    3.637918736786e-03
 365    2.633214741945e-02   -7.369508966804e-05   -1.312333624810e-02    6.088409572840e-03   -3.118854016066e-03   -2.087762579322e-03    2.665162645280e-02    3.800744190812e-03
 366    2.652822993696e-02    1.851920969784e-04   -1.339175272733e-02    6.222611293197e-03   -3.030120395124e-03   -2.085039857775e-03    2.693795226514e-02    3.963099792600e-03
 367    2.672068029642e-02    5.019665695727e-04   -1.365971751511e-02    6.356112658978e-03   -2.944602631032e-03   -2.088728360832e-03    2.719702385366e-02    4.159547854215e-03
 368    2.691949158907e-02    9.081605821848e-04   -1.391823682934e-02    6.484322249889e-03   -2.877943217754e-03   -2.094008494169e-03    2.743132598698e-02    4.410777240992e-03
 369    2.710352651775e-02    1.383409369737e-03   -1.417442876846e-02    6.625295616686e-03   -2.810051664710e-03   -2.086232416332e-03    2.766741625965e-02    4.691843874753e-03
 370    2.725564688444e-02    1.872659195215e-03   -1.443431247026e-02    6.788836792111e-03   -2.717873314396e-03   -2.068383153528e-03    2.790987864137e-02    4.950547590852e-03
 371    2.738659642637e-02    2.377902623266e-03   -1.469931844622e-02    6.952964700758e-03   -2.607083413750e-03   -2.056317403913e-03    2.813563309610e-02    5.175934638828e-03
 372    2.751323580742e-02    3.012847620994e-03   -1.497453730553e-02    7.085671648383e-03   -2.502396702766e-03   -2.046266570687e-03    2.832788787782e-02    5.456389859319e-03
 373    2.762747928500e-02    3.882611170411e-03   -1.526669692248e-02    7.182279601693e-03   -2.411648165435e-03   -2.011197153479e-03    2.849508076906e-02    5.879187490791e-03
 374    2.770279161632e-02    4.884086083621e-03   -1.558495033532e-02    7.270202971995e-03   -2.313690260053e-03   -1.938500907272e-03    2.865585871041e-02    6.376090925187e-03
 375    2.773051336408e-02    5.845198407769e-03   -1.594582200050e-02    7.382272742689e-03   -2.185414778069e-03   -1.849066466093e-03    2.881951816380e-02    6.814870983362e-03
 376    2.772944979370e-02    7.009420078248e-03   -1.636596024036e-02    7.522422820330e-03   -2.029959112406e-03   -1.751177478582e-03    2.898365259171e-02    7.318974472582e-03
 377    2.770051732659e-02    9.087903425097e-03   -1.685799285769e-02    7.644671015441e-03   -1.871278858744e-03   -1.590086147189e-03    2.914125286043e-02    8.316513150930e-03
 378    2.759511396289e-02    1.251222472638e-02   -1.742949895561e-02    7.676405832171e-03   -1.720528816804e-03   -1.289540436119e-03    2.928513661027e-02    9.994298219681e-03
