#
#  k,  E_varmin,  E - E_var,  E,  E + E_var
# averaged of total time steps of =    8000000
   1  0.9122517407876E-05  0.9069427480788E-05  0.9134787960046E-05  0.9200148439304E-05
   2  0.1906807512350E-04  0.1893653268776E-04  0.1909593788250E-04  0.1925534307724E-04
   3  0.1873564115748E-04  0.1859338893580E-04  0.1876492507977E-04  0.1893646122375E-04
   4  0.7485132365621E-05  0.7410357946354E-05  0.7500102347152E-05  0.7589846747950E-05
   5  0.1919092529948E-06  0.1850863233561E-06  0.1926751656811E-06  0.2002640080060E-06
   6  0.3914178242417E-05  0.3853767065312E-05  0.3907948826154E-05  0.3962130586997E-05
   7  0.9611093083964E-05  0.9503179003688E-05  0.9603518920615E-05  0.9703858837543E-05
   8  0.8583331441775E-05  0.8468784327547E-05  0.8578518740777E-05  0.8688253154007E-05
   9  0.3333860723488E-05  0.3250140386840E-05  0.3334587048268E-05  0.3419033709696E-05
  10  0.5832920074880E-06  0.5477901432849E-06  0.5802071433820E-06  0.6126241434791E-06
  11  0.2298552219420E-05  0.2218785269999E-05  0.2281860988829E-05  0.2344936707660E-05
  12  0.5079661785901E-05  0.4937920488491E-05  0.5049131662573E-05  0.5160342836655E-05
  13  0.5282451716993E-05  0.5125560896716E-05  0.5255964856840E-05  0.5386368816964E-05
  14  0.3462784026211E-05  0.3345292833541E-05  0.3454193047623E-05  0.3563093261705E-05
  15  0.2318588197132E-05  0.2236195349798E-05  0.2317991302511E-05  0.2399787255224E-05
  16  0.2141948512528E-05  0.2049808287302E-05  0.2128997292771E-05  0.2208186298241E-05
  17  0.1899559406964E-05  0.1787761337873E-05  0.1868896264972E-05  0.1950031192070E-05
  18  0.1986454591480E-05  0.1869728420714E-05  0.1950209987433E-05  0.2030691554152E-05
  19  0.2561769676694E-05  0.2431181301950E-05  0.2529136556102E-05  0.2627091810254E-05
  20  0.2620181813337E-05  0.2476543860392E-05  0.2583141770399E-05  0.2689739680406E-05
  21  0.2162867342945E-05  0.2004125015089E-05  0.2110299145633E-05  0.2216473276177E-05
  22  0.2003225079635E-05  0.1826077900298E-05  0.1937410004372E-05  0.2048742108445E-05
  23  0.1950387402068E-05  0.1761838622302E-05  0.1880806406914E-05  0.1999774191527E-05
  24  0.1657075235673E-05  0.1472368734311E-05  0.1586655495386E-05  0.1700942256460E-05
  25  0.1692596709713E-05  0.1496289636181E-05  0.1614362707470E-05  0.1732435778759E-05
  26  0.2227097034496E-05  0.1994613660627E-05  0.2134328135255E-05  0.2274042609883E-05
  27  0.2408835102432E-05  0.2155280903237E-05  0.2303647062982E-05  0.2452013222727E-05
  28  0.1982140540094E-05  0.1730741245876E-05  0.1870656085840E-05  0.2010570925804E-05
  29  0.1802444204718E-05  0.1543112970622E-05  0.1683946098242E-05  0.1824779225862E-05
  30  0.2127037411865E-05  0.1839361731429E-05  0.1998359306927E-05  0.2157356882426E-05
  31  0.2148652448995E-05  0.1850385810745E-05  0.2013980936224E-05  0.2177576061704E-05
  32  0.1714839092581E-05  0.1429762300258E-05  0.1577080370884E-05  0.1724398441510E-05
  33  0.1696098633871E-05  0.1392988162104E-05  0.1545211672597E-05  0.1697435183089E-05
  34  0.2231845424378E-05  0.1879137299196E-05  0.2058336486976E-05  0.2237535674757E-05
  35  0.2395204217917E-05  0.2009404840777E-05  0.2207207098350E-05  0.2405009355922E-05
  36  0.1921470713566E-05  0.1540101068462E-05  0.1731867284772E-05  0.1923633501083E-05
  37  0.1659230755622E-05  0.1275523000325E-05  0.1460880970200E-05  0.1646238940075E-05
  38  0.2030655866538E-05  0.1598643874831E-05  0.1805094201884E-05  0.2011544528936E-05
  39  0.2388598430801E-05  0.1907545456191E-05  0.2135377430629E-05  0.2363209405066E-05
  40  0.2201440002536E-05  0.1705472609352E-05  0.1937215499422E-05  0.2168958389491E-05
  41  0.1859605002077E-05  0.1362271300143E-05  0.1589751817222E-05  0.1817232334301E-05
  42  0.1911382631103E-05  0.1384687448596E-05  0.1623244569974E-05  0.1861801691351E-05
  43  0.2181222077113E-05  0.1613851555566E-05  0.1868155272108E-05  0.2122458988651E-05
  44  0.2179843514028E-05  0.1591463439626E-05  0.1852663977361E-05  0.2113864515096E-05
  45  0.1968366128642E-05  0.1375735258628E-05  0.1635352130834E-05  0.1894969003040E-05
  46  0.1963083153635E-05  0.1349396097081E-05  0.1614649995687E-05  0.1879903894292E-05
  47  0.2158145872303E-05  0.1497204506378E-05  0.1781345178587E-05  0.2065485850797E-05
  48  0.2244445311492E-05  0.1533195754023E-05  0.1838822542140E-05  0.2144449330257E-05
  49  0.2263090331799E-05  0.1505261136460E-05  0.1832219509169E-05  0.2159177881877E-05
  50  0.2450263292611E-05  0.1645442225723E-05  0.1992248836194E-05  0.2339055446665E-05
  51  0.2680172793397E-05  0.1833748482056E-05  0.2195459060149E-05  0.2557169638242E-05
  52  0.2701542340759E-05  0.1828699420226E-05  0.2196112543644E-05  0.2563525667062E-05
  53  0.2671274612830E-05  0.1765172282412E-05  0.2145630892942E-05  0.2526089503472E-05
  54  0.2883387378704E-05  0.1924741518827E-05  0.2330322480514E-05  0.2735903442202E-05
  55  0.3210887905365E-05  0.2196087963599E-05  0.2626944969631E-05  0.3057801975662E-05
  56  0.3310662422780E-05  0.2252579154375E-05  0.2700754869243E-05  0.3148930584110E-05
  57  0.3179828424241E-05  0.2093730003578E-05  0.2551177897289E-05  0.3008625791000E-05
  58  0.3109736490749E-05  0.1996103340621E-05  0.2463721988749E-05  0.2931340636877E-05
  59  0.3244000188114E-05  0.2084127560583E-05  0.2568530634106E-05  0.3052933707628E-05
  60  0.3453019308022E-05  0.2223594634927E-05  0.2729683137491E-05  0.3235771640054E-05
  61  0.3527081018297E-05  0.2232096556242E-05  0.2758516598089E-05  0.3284936639935E-05
  62  0.3405508413356E-05  0.2087045487911E-05  0.2620905464916E-05  0.3154765441920E-05
  63  0.3324678424766E-05  0.1997489433495E-05  0.2535580736861E-05  0.3073672040227E-05
  64  0.3585402041541E-05  0.2194149203207E-05  0.2757208422399E-05  0.3320267641590E-05
  65  0.4029305514861E-05  0.2524736371771E-05  0.3131686705315E-05  0.3738637038858E-05
  66  0.4158144061098E-05  0.2587517315510E-05  0.3222052761785E-05  0.3856588208059E-05
  67  0.3960984466592E-05  0.2411298224448E-05  0.3039960234514E-05  0.3668622244579E-05
  68  0.3974689593200E-05  0.2439038958615E-05  0.3066200526725E-05  0.3693362094835E-05
  69  0.4317015047925E-05  0.2716596607754E-05  0.3370410569173E-05  0.4024224530592E-05
  70  0.4492119448812E-05  0.2798119731722E-05  0.3481865509526E-05  0.4165611287330E-05
  71  0.4361390859094E-05  0.2604061865810E-05  0.3306013788139E-05  0.4007965710469E-05
  72  0.4385862061592E-05  0.2588266315060E-05  0.3305897058821E-05  0.4023527802582E-05
  73  0.4705513649812E-05  0.2866683319237E-05  0.3606044396221E-05  0.4345405473204E-05
  74  0.4882454343580E-05  0.3013802011701E-05  0.3767739469901E-05  0.4521676928100E-05
  75  0.4758439299404E-05  0.2874028054419E-05  0.3625311951291E-05  0.4376595848162E-05
  76  0.4751560342498E-05  0.2824119074331E-05  0.3576533668077E-05  0.4328948261823E-05
  77  0.5068935128359E-05  0.3062344170674E-05  0.3836181333426E-05  0.4610018496177E-05
  78  0.5316835029557E-05  0.3256812322131E-05  0.4051259331585E-05  0.4845706341040E-05
  79  0.5195307183395E-05  0.3138145819384E-05  0.3932898013144E-05  0.4727650206903E-05
  80  0.5025680963698E-05  0.2969503555764E-05  0.3757638378235E-05  0.4545773200707E-05
  81  0.5197147865123E-05  0.3085229806305E-05  0.3884649294413E-05  0.4684068782522E-05
  82  0.5507004781025E-05  0.3331807453635E-05  0.4151344198543E-05  0.4970880943450E-05
  83  0.5525219907435E-05  0.3351687153252E-05  0.4173075884350E-05  0.4994464615447E-05
  84  0.5325955970540E-05  0.3171495496885E-05  0.3991115674072E-05  0.4810735851259E-05
  85  0.5321267240310E-05  0.3114732597136E-05  0.3954691895444E-05  0.4794651193752E-05
  86  0.5538615464073E-05  0.3240089452686E-05  0.4107208499345E-05  0.4974327546004E-05
  87  0.5622761858684E-05  0.3300513158425E-05  0.4170616559126E-05  0.5040719959827E-05
  88  0.5484119793575E-05  0.3224549631562E-05  0.4073647204953E-05  0.4922744778345E-05
  89  0.5403884815719E-05  0.3195823549360E-05  0.4032420185558E-05  0.4869016821756E-05
  90  0.5503381596840E-05  0.3281192378080E-05  0.4122968999512E-05  0.4964745620944E-05
  91  0.5593109163171E-05  0.3344232940556E-05  0.4186720252634E-05  0.5029207564712E-05
  92  0.5561082574136E-05  0.3326263442077E-05  0.4154627204659E-05  0.4982990967240E-05
  93  0.5506154086062E-05  0.3308739784510E-05  0.4119908637458E-05  0.4931077490406E-05
  94  0.5490532815905E-05  0.3310693649574E-05  0.4117743614272E-05  0.4924793578970E-05
  95  0.5478263767153E-05  0.3297669430247E-05  0.4106399128909E-05  0.4915128827571E-05
  96  0.5481070877216E-05  0.3300899354640E-05  0.4106028341815E-05  0.4911157328991E-05
  97  0.5528401157634E-05  0.3344697563778E-05  0.4149272539027E-05  0.4953847514276E-05
  98  0.5560041266384E-05  0.3375603564602E-05  0.4181077308083E-05  0.4986551051565E-05
  99  0.5520286913129E-05  0.3354051465531E-05  0.4155355201715E-05  0.4956658937898E-05
 100  0.5468043496036E-05  0.3336533421567E-05  0.4125494010729E-05  0.4914454599890E-05
 101  0.5476146056570E-05  0.3365956794559E-05  0.4144069477453E-05  0.4922182160347E-05
 102  0.5514172307120E-05  0.3404783069710E-05  0.4179837542624E-05  0.4954892015538E-05
 103  0.5514016750335E-05  0.3424909998679E-05  0.4191219884078E-05  0.4957529769476E-05
 104  0.5469837448912E-05  0.3436536738674E-05  0.4184463755035E-05  0.4932390771397E-05
 105  0.5426723937259E-05  0.3449377713009E-05  0.4179768438989E-05  0.4910159164968E-05
 106  0.5411946042375E-05  0.3460598724954E-05  0.4182655512172E-05  0.4904712299390E-05
 107  0.5406890596131E-05  0.3473158239976E-05  0.4188527659860E-05  0.4903897079744E-05
 108  0.5373209070594E-05  0.3479859215618E-05  0.4182381703579E-05  0.4884904191541E-05
 109  0.5306331190811E-05  0.3475421150700E-05  0.4158735359869E-05  0.4842049569038E-05
 110  0.5244456761493E-05  0.3474179720768E-05  0.4138621417363E-05  0.4803063113958E-05
 111  0.5210850761954E-05  0.3484363973557E-05  0.4135225017653E-05  0.4786086061748E-05
 112  0.5186387160575E-05  0.3488710550607E-05  0.4131315933932E-05  0.4773921317256E-05
 113  0.5141688565364E-05  0.3472580538774E-05  0.4109970535274E-05  0.4747360531773E-05
 114  0.5076508754520E-05  0.3460508721773E-05  0.4082571172934E-05  0.4704633624094E-05
 115  0.5014466300210E-05  0.3465611708843E-05  0.4065837054190E-05  0.4666062399537E-05
 116  0.4965332524921E-05  0.3472203077459E-05  0.4051278433270E-05  0.4630353789080E-05
 117  0.4912243445859E-05  0.3460840964419E-05  0.4020544816406E-05  0.4580248668394E-05
 118  0.4845619741233E-05  0.3432944698065E-05  0.3979771077120E-05  0.4526597456175E-05
 119  0.4778494786911E-05  0.3415952420912E-05  0.3947856531679E-05  0.4479760642447E-05
 120  0.4721389439398E-05  0.3406902660168E-05  0.3924377660240E-05  0.4441852660312E-05
 121  0.4694264684978E-05  0.3413880770788E-05  0.3922253805886E-05  0.4430626840984E-05
 122  0.4622166644138E-05  0.3384905883932E-05  0.3880791163929E-05  0.4376676443926E-05
 123  0.4549916521595E-05  0.3366391478450E-05  0.3849052772658E-05  0.4331714066866E-05
 124  0.4477404697784E-05  0.3355138126312E-05  0.3821382398937E-05  0.4287626671561E-05
 125  0.4400629658886E-05  0.3339517895467E-05  0.3788567709402E-05  0.4237617523337E-05
 126  0.4326101456613E-05  0.3318210759922E-05  0.3753465527389E-05  0.4188720294857E-05
 127  0.4259635235256E-05  0.3290255831169E-05  0.3718553824873E-05  0.4146851818578E-05
 128  0.4197208282815E-05  0.3263273726443E-05  0.3683444752718E-05  0.4103615778992E-05
 129  0.4130464236180E-05  0.3238239694514E-05  0.3650486718446E-05  0.4062733742378E-05
 130  0.4058754874108E-05  0.3221135228812E-05  0.3621993253664E-05  0.4022851278516E-05
 131  0.3989931631984E-05  0.3202211896343E-05  0.3591017736108E-05  0.3979823575873E-05
 132  0.3929500860330E-05  0.3164197330806E-05  0.3550709217967E-05  0.3937221105128E-05
 133  0.3874614854665E-05  0.3123599512948E-05  0.3507518900364E-05  0.3891438287779E-05
 134  0.3816412792869E-05  0.3092354604955E-05  0.3472555504624E-05  0.3852756404293E-05
 135  0.3752577028932E-05  0.3070371197893E-05  0.3445207748553E-05  0.3820044299212E-05
 136  0.3692335546681E-05  0.3044931506381E-05  0.3415908753851E-05  0.3786886001322E-05
 137  0.3640607420703E-05  0.3013418089703E-05  0.3381171541598E-05  0.3748924993494E-05
 138  0.3586422006247E-05  0.2981435731223E-05  0.3345786932301E-05  0.3710138133379E-05
 139  0.3518919408563E-05  0.2956707938888E-05  0.3314709157388E-05  0.3672710375889E-05
 140  0.3448178150443E-05  0.2935321208414E-05  0.3286876389066E-05  0.3638431569717E-05
 141  0.3393434598424E-05  0.2907586274201E-05  0.3257944344923E-05  0.3608302415644E-05
 142  0.3355137851781E-05  0.2878934603521E-05  0.3226050395782E-05  0.3573166188043E-05
 143  0.3315296118592E-05  0.2846462893310E-05  0.3194804844158E-05  0.3543146795005E-05
 144  0.3262590533032E-05  0.2818044913493E-05  0.3168124944248E-05  0.3518204975004E-05
 145  0.3205490340452E-05  0.2794675979548E-05  0.3145047301917E-05  0.3495418624287E-05
 146  0.3156671592262E-05  0.2769618198955E-05  0.3121077698179E-05  0.3472537197403E-05
 147  0.3114035179924E-05  0.2743948863405E-05  0.3092885471041E-05  0.3441822078677E-05
 148  0.3066473452530E-05  0.2715751444080E-05  0.3061811588353E-05  0.3407871732625E-05
 149  0.3013379421807E-05  0.2689439117880E-05  0.3033416189633E-05  0.3377393261386E-05
 150  0.2963762968563E-05  0.2665772354109E-05  0.3010756292248E-05  0.3355740230386E-05
 151  0.2919496068540E-05  0.2639357512052E-05  0.2988595484211E-05  0.3337833456370E-05
 152  0.2874797614603E-05  0.2610736472167E-05  0.2960308611762E-05  0.3309880751356E-05
 153  0.2829980740028E-05  0.2581661722258E-05  0.2929639884874E-05  0.3277618047490E-05
 154  0.2789588070305E-05  0.2556002293012E-05  0.2904678587671E-05  0.3253354882331E-05
 155  0.2750536057617E-05  0.2533562728386E-05  0.2883025958812E-05  0.3232489189237E-05
 156  0.2707749553282E-05  0.2509179700687E-05  0.2855400358441E-05  0.3201621016195E-05
 157  0.2665600880525E-05  0.2480641912070E-05  0.2822319695678E-05  0.3163997479286E-05
 158  0.2629624029560E-05  0.2453203926270E-05  0.2793587206739E-05  0.3133970487209E-05
 159  0.2595389005687E-05  0.2430627994594E-05  0.2772069911498E-05  0.3113511828402E-05
 160  0.2557197831733E-05  0.2407453819924E-05  0.2751788185492E-05  0.3096122551060E-05
 161  0.2519838866851E-05  0.2384144759099E-05  0.2730824051901E-05  0.3077503344704E-05
 162  0.2487773817735E-05  0.2363774457925E-05  0.2711758569467E-05  0.3059742681008E-05
 163  0.2454508959877E-05  0.2341610567902E-05  0.2691830908548E-05  0.3042051249194E-05
 164  0.2414019945524E-05  0.2314224767754E-05  0.2666416683549E-05  0.3018608599344E-05
 165  0.2373124813311E-05  0.2285226391157E-05  0.2639095945578E-05  0.2992965499999E-05
 166  0.2340976458072E-05  0.2262342765518E-05  0.2616046272320E-05  0.2969749779121E-05
 167  0.2315383789419E-05  0.2244468316326E-05  0.2595430019515E-05  0.2946391722704E-05
 168  0.2287803239893E-05  0.2222156374189E-05  0.2572110566963E-05  0.2922064759738E-05
 169  0.2253878012233E-05  0.2196110112142E-05  0.2546332432885E-05  0.2896554753629E-05
 170  0.2215260078723E-05  0.2171054780175E-05  0.2521242367353E-05  0.2871429954530E-05
 171  0.2176536911852E-05  0.2149002700580E-05  0.2497498399071E-05  0.2845994097563E-05
 172  0.2142808786322E-05  0.2127430534761E-05  0.2475091781972E-05  0.2822753029183E-05
 173  0.2115507231010E-05  0.2106858329047E-05  0.2455025830168E-05  0.2803193331289E-05
 174  0.2090183209579E-05  0.2087652519433E-05  0.2436734526985E-05  0.2785816534536E-05
 175  0.2061155797322E-05  0.2068260405998E-05  0.2417938105141E-05  0.2767615804284E-05
 176  0.2027816131254E-05  0.2048681945385E-05  0.2397780487814E-05  0.2746879030242E-05
 177  0.1994619136867E-05  0.2028036292465E-05  0.2377421109834E-05  0.2726805927203E-05
 178  0.1965767094149E-05  0.2009410727812E-05  0.2357475080784E-05  0.2705539433756E-05
 179  0.1940921695170E-05  0.1990483980384E-05  0.2336909067123E-05  0.2683334153863E-05
 180  0.1915857256004E-05  0.1969475078479E-05  0.2315098192914E-05  0.2660721307348E-05
 181  0.1886689610683E-05  0.1947675539822E-05  0.2293560698519E-05  0.2639445857216E-05
 182  0.1853665177771E-05  0.1925992951791E-05  0.2274365013145E-05  0.2622737074500E-05
 183  0.1821151695726E-05  0.1906262943464E-05  0.2257117313950E-05  0.2607971684436E-05
 184  0.1793776867439E-05  0.1887825099201E-05  0.2239445439323E-05  0.2591065779445E-05
 185  0.1772250699425E-05  0.1870707163886E-05  0.2220461549204E-05  0.2570215934523E-05
 186  0.1753048432914E-05  0.1854190655549E-05  0.2201846969643E-05  0.2549503283738E-05
 187  0.1732064832089E-05  0.1837516707418E-05  0.2184954809463E-05  0.2532392911507E-05
 188  0.1708430786866E-05  0.1820793305832E-05  0.2168807483967E-05  0.2516821662103E-05
 189  0.1684576701139E-05  0.1803677675973E-05  0.2151758423711E-05  0.2499839171448E-05
 190  0.1662502583348E-05  0.1786875136117E-05  0.2133772700403E-05  0.2480670264689E-05
 191  0.1640857776804E-05  0.1771315545512E-05  0.2115944089634E-05  0.2460572633757E-05
 192  0.1616861071870E-05  0.1754776559216E-05  0.2098908946141E-05  0.2443041333067E-05
 193  0.1591225160748E-05  0.1737477161374E-05  0.2082714437725E-05  0.2427951714077E-05
 194  0.1568762182763E-05  0.1720978267238E-05  0.2067105056522E-05  0.2413231845805E-05
 195  0.1551878353140E-05  0.1705350953196E-05  0.2050871724547E-05  0.2396392495898E-05
 196  0.1536142838591E-05  0.1689108264403E-05  0.2032576510208E-05  0.2376044756014E-05
 197  0.1515963059684E-05  0.1671449427101E-05  0.2013061136461E-05  0.2354672845821E-05
 198  0.1492563071806E-05  0.1654734607758E-05  0.1995299508500E-05  0.2335864409242E-05
 199  0.1471602816102E-05  0.1640517210048E-05  0.1980610967347E-05  0.2320704724645E-05
 200  0.1454629484559E-05  0.1627609043842E-05  0.1967219965738E-05  0.2306830887634E-05
 201  0.1437779561717E-05  0.1614386805630E-05  0.1952892811217E-05  0.2291398816805E-05
 202  0.1418282025683E-05  0.1599400789607E-05  0.1937015713716E-05  0.2274630637825E-05
 203  0.1397756597404E-05  0.1583589099822E-05  0.1920417804713E-05  0.2257246509604E-05
 204  0.1378411536497E-05  0.1569048352946E-05  0.1904568471453E-05  0.2240088589959E-05
 205  0.1359744459175E-05  0.1555543059797E-05  0.1890376429602E-05  0.2225209799406E-05
 206  0.1340882033816E-05  0.1543035938783E-05  0.1877334488165E-05  0.2211633037547E-05
 207  0.1322847544719E-05  0.1530480821533E-05  0.1864103571740E-05  0.2197726321946E-05
 208  0.1306283555635E-05  0.1517189007631E-05  0.1849775890796E-05  0.2182362773961E-05
 209  0.1289979393370E-05  0.1503729789513E-05  0.1834627634659E-05  0.2165525479805E-05
 210  0.1273439155313E-05  0.1490933288732E-05  0.1820195688809E-05  0.2149458088885E-05
 211  0.1257579388495E-05  0.1479517109305E-05  0.1807663944448E-05  0.2135810779591E-05
 212  0.1242053174409E-05  0.1468289606866E-05  0.1795914923140E-05  0.2123540239415E-05
 213  0.1225688891295E-05  0.1455296939056E-05  0.1782803189890E-05  0.2110309440723E-05
 214  0.1209422581947E-05  0.1440665276335E-05  0.1768068980321E-05  0.2095472684307E-05
 215  0.1194932720024E-05  0.1425940822392E-05  0.1753225691381E-05  0.2080510560370E-05
 216  0.1181576086227E-05  0.1413368667723E-05  0.1739687694609E-05  0.2066006721495E-05
 217  0.1167556793942E-05  0.1401929317704E-05  0.1728040861973E-05  0.2054152406243E-05
 218  0.1152338369257E-05  0.1389942290146E-05  0.1717558671807E-05  0.2045175053468E-05
 219  0.1136366563069E-05  0.1377864869162E-05  0.1706388577843E-05  0.2034912286524E-05
 220  0.1120527004301E-05  0.1366167566839E-05  0.1694001912133E-05  0.2021836257426E-05
 221  0.1105960201644E-05  0.1356863987476E-05  0.1682136566201E-05  0.2007409144927E-05
 222  0.1092555490166E-05  0.1348445801906E-05  0.1671630824737E-05  0.1994815847567E-05
 223  0.1078784578063E-05  0.1337286268867E-05  0.1660763097434E-05  0.1984239926001E-05
 224  0.1064400425672E-05  0.1324245209830E-05  0.1648404387131E-05  0.1972563564433E-05
 225  0.1051045680328E-05  0.1312707666190E-05  0.1635948618880E-05  0.1959189571571E-05
 226  0.1039171317258E-05  0.1303451863155E-05  0.1624691484616E-05  0.1945931106077E-05
 227  0.1026995426600E-05  0.1294340916323E-05  0.1613953171602E-05  0.1933565426880E-05
 228  0.1013465120713E-05  0.1284179976398E-05  0.1602903365314E-05  0.1921626754229E-05
 229  0.9996830414488E-06  0.1273824255431E-05  0.1591872015207E-05  0.1909919774982E-05
 230  0.9865623965755E-06  0.1264097704684E-05  0.1580994472825E-05  0.1897891240965E-05
 231  0.9733404919126E-06  0.1254293406551E-05  0.1569613494876E-05  0.1884933583200E-05
 232  0.9595425911035E-06  0.1243521671797E-05  0.1557924828656E-05  0.1872327985514E-05
 233  0.9464886129456E-06  0.1232944431927E-05  0.1547237818788E-05  0.1861531205649E-05
 234  0.9355261760142E-06  0.1223880880431E-05  0.1537804275315E-05  0.1851727670200E-05
 235  0.9260355906898E-06  0.1215285547612E-05  0.1528302249686E-05  0.1841318951761E-05
 236  0.9162534765156E-06  0.1206041205026E-05  0.1518074848612E-05  0.1830108492199E-05
 237  0.9051618506749E-06  0.1196236753557E-05  0.1507925985387E-05  0.1819615217217E-05
 238  0.8931203109505E-06  0.1186266181158E-05  0.1498362471327E-05  0.1810458761496E-05
 239  0.8812924973068E-06  0.1176747704838E-05  0.1488880517901E-05  0.1801013330965E-05
 240  0.8704596245676E-06  0.1167729541632E-05  0.1479213885680E-05  0.1790698229728E-05
 241  0.8601743779720E-06  0.1159341446581E-05  0.1469847893186E-05  0.1780354339792E-05
 242  0.8496766081601E-06  0.1151143382790E-05  0.1461165450514E-05  0.1771187518238E-05
 243  0.8393070275414E-06  0.1142856032198E-05  0.1452719448667E-05  0.1762582865137E-05
 244  0.8298113030686E-06  0.1134829337172E-05  0.1443590543853E-05  0.1752351750533E-05
 245  0.8206784768644E-06  0.1126456936386E-05  0.1433565672963E-05  0.1740674409541E-05
 246  0.8105988880628E-06  0.1118106286427E-05  0.1423549716558E-05  0.1728993146688E-05
 247  0.7993471096857E-06  0.1110349951713E-05  0.1414347500536E-05  0.1718345049359E-05
 248  0.7881608062599E-06  0.1102603101429E-05  0.1405819390705E-05  0.1709035679981E-05
 249  0.7781720416505E-06  0.1094606169619E-05  0.1397676070160E-05  0.1700745970701E-05
 250  0.7691790460361E-06  0.1086864029997E-05  0.1389981985258E-05  0.1693099940519E-05
 251  0.7601321916157E-06  0.1079210445250E-05  0.1382467333451E-05  0.1685724221652E-05
 252  0.7503664162021E-06  0.1071572243327E-05  0.1374528732886E-05  0.1677485222445E-05
 253  0.7400116192043E-06  0.1063899823360E-05  0.1366074801961E-05  0.1668249780562E-05
 254  0.7296424040078E-06  0.1055891024249E-05  0.1357589032223E-05  0.1659287040196E-05
 255  0.7200138005445E-06  0.1048495768293E-05  0.1349450744178E-05  0.1650405720062E-05
 256  0.7115971727978E-06  0.1041864264096E-05  0.1341649352721E-05  0.1641434441346E-05
 257  0.7038639880210E-06  0.1035457317513E-05  0.1333987741992E-05  0.1632518166471E-05
 258  0.6956302382507E-06  0.1028631779339E-05  0.1326344988166E-05  0.1624058196993E-05
 259  0.6864516064140E-06  0.1021104919760E-05  0.1318735174055E-05  0.1616365428351E-05
 260  0.6772153999933E-06  0.1014043825247E-05  0.1311074350298E-05  0.1608104875348E-05
 261  0.6691626154880E-06  0.1007850434579E-05  0.1303243564702E-05  0.1598636694824E-05
 262  0.6625524425933E-06  0.1001512855477E-05  0.1295552067057E-05  0.1589591278637E-05
 263  0.6562544016487E-06  0.9949084410587E-06  0.1288411377161E-05  0.1581914313262E-05
 264  0.6488344149616E-06  0.9882314942951E-06  0.1281506121430E-05  0.1574780748564E-05
 265  0.6402075508491E-06  0.9813637901023E-06  0.1274196346088E-05  0.1567028902074E-05
 266  0.6316835694137E-06  0.9748288159255E-06  0.1266765684587E-05  0.1558702553248E-05
 267  0.6240549453468E-06  0.9689310339347E-06  0.1260211379470E-05  0.1551491725006E-05
 268  0.6165481505005E-06  0.9636301156233E-06  0.1254619774751E-05  0.1545609433880E-05
 269  0.6082915794985E-06  0.9583907043048E-06  0.1248791860292E-05  0.1539193016280E-05
 270  0.5998754927259E-06  0.9521921021030E-06  0.1241876497554E-05  0.1531560893006E-05
 271  0.5924694376306E-06  0.9453765008140E-06  0.1234572929479E-05  0.1523769358145E-05
 272  0.5859176012074E-06  0.9390559719390E-06  0.1228039252402E-05  0.1517022532865E-05
 273  0.5788081491658E-06  0.9335045129878E-06  0.1222176916419E-05  0.1510849319850E-05
 274  0.5705641191121E-06  0.9280559466361E-06  0.1215950846885E-05  0.1503845747135E-05
 275  0.5624346205832E-06  0.9224268144801E-06  0.1209090258347E-05  0.1495753702214E-05
 276  0.5557272047940E-06  0.9170619893493E-06  0.1202377387866E-05  0.1487692786382E-05
 277  0.5498046360732E-06  0.9118556343975E-06  0.1196306376800E-05  0.1480757119202E-05
 278  0.5429831570130E-06  0.9064712152718E-06  0.1190511467244E-05  0.1474551719216E-05
 279  0.5351124745055E-06  0.9009831921840E-06  0.1184591112203E-05  0.1468199032222E-05
 280  0.5279374987603E-06  0.8957217480086E-06  0.1178677071489E-05  0.1461632394968E-05
 281  0.5226284666758E-06  0.8906455816237E-06  0.1172976716824E-05  0.1455307852023E-05
 282  0.5181052157389E-06  0.8856634219137E-06  0.1167293070094E-05  0.1448922718274E-05
 283  0.5125598245230E-06  0.8807135121760E-06  0.1161337590577E-05  0.1441961668978E-05
 284  0.5059349678101E-06  0.8760530438218E-06  0.1155316584579E-05  0.1434580125336E-05
 285  0.4997961792673E-06  0.8718654245393E-06  0.1149800354379E-05  0.1427735284218E-05
 286  0.4948663269761E-06  0.8675331583316E-06  0.1144903669257E-05  0.1422274180182E-05
 287  0.4898696564414E-06  0.8624132541607E-06  0.1139987104608E-05  0.1417560955056E-05
 288  0.4833852822410E-06  0.8570456379224E-06  0.1134543182608E-05  0.1412040727293E-05
 289  0.4759265973476E-06  0.8524518956624E-06  0.1128997288976E-05  0.1405542682289E-05
 290  0.4692138137103E-06  0.8483289751957E-06  0.1124089389369E-05  0.1399849803542E-05
 291  0.4638809948607E-06  0.8443109348455E-06  0.1119646525496E-05  0.1394982116147E-05
 292  0.4590270627788E-06  0.8401821062555E-06  0.1114675605047E-05  0.1389169103838E-05
 293  0.4538737923055E-06  0.8355559995802E-06  0.1108843897895E-05  0.1382131796209E-05
 294  0.4486337793514E-06  0.8309129647424E-06  0.1103134895312E-05  0.1375356825882E-05
 295  0.4435099384612E-06  0.8267180776118E-06  0.1098518626527E-05  0.1370319175442E-05
 296  0.4380282448067E-06  0.8228794069928E-06  0.1094537424834E-05  0.1366195442676E-05
 297  0.4319565143888E-06  0.8193419843357E-06  0.1089977351571E-05  0.1360612718806E-05
 298  0.4260311948213E-06  0.8155468800438E-06  0.1084613924772E-05  0.1353680969501E-05
 299  0.4210285608787E-06  0.8112813790088E-06  0.1079440688701E-05  0.1347599998394E-05
 300  0.4165997965403E-06  0.8072203194217E-06  0.1075219468383E-05  0.1343218617344E-05
 301  0.4116856468453E-06  0.8037447405636E-06  0.1071542209380E-05  0.1339339678196E-05
 302  0.4058973185656E-06  0.8007610216570E-06  0.1067459390077E-05  0.1334157758498E-05
 303  0.3999880733803E-06  0.7974868930966E-06  0.1062599156891E-05  0.1327711420685E-05
 304  0.3949296781058E-06  0.7934736748455E-06  0.1057419306907E-05  0.1321364938969E-05
 305  0.3908600169347E-06  0.7894420959549E-06  0.1052533741627E-05  0.1315625387299E-05
 306  0.3870787677032E-06  0.7859129142292E-06  0.1048079552764E-05  0.1310246191299E-05
 307  0.3828059386829E-06  0.7826608882902E-06  0.1043787018916E-05  0.1304913149542E-05
 308  0.3777777248359E-06  0.7792656485722E-06  0.1039403046336E-05  0.1299540444100E-05
 309  0.3723690267738E-06  0.7755022148438E-06  0.1034856075625E-05  0.1294209936406E-05
 310  0.3673198154626E-06  0.7713127797896E-06  0.1030203737799E-05  0.1289094695809E-05
 311  0.3630388969475E-06  0.7673388309099E-06  0.1025641579340E-05  0.1283944327771E-05
 312  0.3590445167826E-06  0.7641894587532E-06  0.1021418195299E-05  0.1278646931845E-05
 313  0.3545062120072E-06  0.7613393874697E-06  0.1017523681140E-05  0.1273707974810E-05
 314  0.3494071354243E-06  0.7583080301344E-06  0.1013624886429E-05  0.1268941742724E-05
 315  0.3445705758102E-06  0.7548773711534E-06  0.1009485157438E-05  0.1264092943723E-05
 316  0.3404534146975E-06  0.7514817925579E-06  0.1005303434540E-05  0.1259125076522E-05
 317  0.3366311967796E-06  0.7487740111494E-06  0.1001387753024E-05  0.1254001494899E-05
 318  0.3326383788307E-06  0.7463140583583E-06  0.9976026847545E-06  0.1248891311151E-05
 319  0.3285590619421E-06  0.7433146336172E-06  0.9934857985114E-06  0.1243656963406E-05
 320  0.3245391748598E-06  0.7396566835262E-06  0.9889268073968E-06  0.1238196931267E-05
 321  0.3204399364088E-06  0.7358838575686E-06  0.9844089859125E-06  0.1232934114256E-05
 322  0.3162802147973E-06  0.7327277171035E-06  0.9804561498412E-06  0.1228184582579E-05
 323  0.3123975385167E-06  0.7305216103056E-06  0.9770436903594E-06  0.1223565770413E-05
 324  0.3088876326627E-06  0.7285403892257E-06  0.9736690439899E-06  0.1218797698754E-05
 325  0.3053823147891E-06  0.7257212271815E-06  0.9698302936148E-06  0.1213939360048E-05
 326  0.3015945882165E-06  0.7222403542377E-06  0.9654365101689E-06  0.1208632666100E-05
 327  0.2976553487966E-06  0.7189120513328E-06  0.9608992860154E-06  0.1202886520698E-05
 328  0.2937863072473E-06  0.7160493660060E-06  0.9567790817780E-06  0.1197508797550E-05
 329  0.2900377062308E-06  0.7133694652145E-06  0.9531879015082E-06  0.1193006337802E-05
 330  0.2864303067107E-06  0.7104812213380E-06  0.9496738281670E-06  0.1188866434996E-05
 331  0.2830096623991E-06  0.7076838257843E-06  0.9458515905503E-06  0.1184019355316E-05
 332  0.2796843907385E-06  0.7050515466271E-06  0.9418925261286E-06  0.1178733505630E-05
 333  0.2762720394411E-06  0.7023998620413E-06  0.9381213815620E-06  0.1173842901083E-05
 334  0.2727425744378E-06  0.6996683663011E-06  0.9344167954125E-06  0.1169165224524E-05
 335  0.2692035210593E-06  0.6967430124529E-06  0.9304431963942E-06  0.1164143380335E-05
 336  0.2656532701561E-06  0.6938645433786E-06  0.9262892226659E-06  0.1158713901953E-05
 337  0.2619801268099E-06  0.6912207790297E-06  0.9224015997301E-06  0.1153582420431E-05
 338  0.2582589758282E-06  0.6888164958803E-06  0.9189442526259E-06  0.1149072009371E-05
 339  0.2548215028761E-06  0.6863190135550E-06  0.9155935717921E-06  0.1144868130029E-05
 340  0.2518632300527E-06  0.6835274235415E-06  0.9120247276140E-06  0.1140522031686E-05
 341  0.2491155929461E-06  0.6807917073237E-06  0.9083076816572E-06  0.1135823655991E-05
 342  0.2461216186257E-06  0.6785357227192E-06  0.9048088873136E-06  0.1131082051908E-05
 343  0.2427987455724E-06  0.6768007030948E-06  0.9017811345249E-06  0.1126761565955E-05
 344  0.2395202799952E-06  0.6750605676237E-06  0.8990158159404E-06  0.1122971064257E-05
 345  0.2365922660278E-06  0.6728971873532E-06  0.8960047693315E-06  0.1119112351310E-05
 346  0.2338475324247E-06  0.6705448446944E-06  0.8925237211788E-06  0.1114502597663E-05
 347  0.2309083625062E-06  0.6682669497992E-06  0.8889140804940E-06  0.1109561211189E-05
 348  0.2277289192376E-06  0.6660967296014E-06  0.8855979855105E-06  0.1105099241420E-05
 349  0.2246456197830E-06  0.6639590687919E-06  0.8824780636776E-06  0.1100997058563E-05
 350  0.2218911501807E-06  0.6616891580188E-06  0.8792099239997E-06  0.1096730689981E-05
 351  0.2193123822351E-06  0.6594214085491E-06  0.8758781784193E-06  0.1092334948289E-05
 352  0.2166753230816E-06  0.6575771473493E-06  0.8729343789206E-06  0.1088291610492E-05
 353  0.2140338289510E-06  0.6563067482339E-06  0.8705337269315E-06  0.1084760705629E-05
 354  0.2116261060369E-06  0.6551596467120E-06  0.8683845538402E-06  0.1081609460968E-05
 355  0.2095000894416E-06  0.6539287565226E-06  0.8663151805708E-06  0.1078701604619E-05
 356  0.2073777847045E-06  0.6528796054752E-06  0.8645381465840E-06  0.1076196687693E-05
 357  0.2049107018765E-06  0.6521022658241E-06  0.8631735548159E-06  0.1074244843808E-05
 358  0.2020508803810E-06  0.6513784383965E-06  0.8619568146747E-06  0.1072535190953E-05
 359  0.1991113158307E-06  0.6506963176858E-06  0.8606360295751E-06  0.1070575741464E-05
 360  0.1964158151257E-06  0.6500700315972E-06  0.8593454037517E-06  0.1068620775906E-05
 361  0.1939947763635E-06  0.6495070320082E-06  0.8583750387370E-06  0.1067243045466E-05
 362  0.1917097707187E-06  0.6491990892805E-06  0.8578590903644E-06  0.1066519091448E-05
 363  0.1894892521841E-06  0.6494410560988E-06  0.8578866357047E-06  0.1066332215311E-05
 364  0.1872568840134E-06  0.6504225994529E-06  0.8584938681936E-06  0.1066565136934E-05
 365  0.1848382338170E-06  0.6514970079672E-06  0.8592959501736E-06  0.1067094892380E-05
 366  0.1822071893675E-06  0.6523033842241E-06  0.8599310128787E-06  0.1067558641533E-05
 367  0.1796481481929E-06  0.6537657210638E-06  0.8615007227173E-06  0.1069235724371E-05
 368  0.1774065674910E-06  0.6575855923730E-06  0.8663122763852E-06  0.1075038960397E-05
 369  0.1753349211598E-06  0.6637019127760E-06  0.8742827066996E-06  0.1084863500623E-05
 370  0.1731527709290E-06  0.6692923417389E-06  0.8816015184403E-06  0.1093910695142E-05
 371  0.1708926097857E-06  0.6731950951836E-06  0.8864746250871E-06  0.1099754154991E-05
 372  0.1687803965250E-06  0.6791560281306E-06  0.8941225079403E-06  0.1109088987750E-05
 373  0.1668189853433E-06  0.6913033281653E-06  0.9107081162018E-06  0.1130112904238E-05
 374  0.1648224195150E-06  0.7068753285398E-06  0.9326249291317E-06  0.1158374529724E-05
 375  0.1627559207480E-06  0.7197486660450E-06  0.9504738173512E-06  0.1181198968657E-05
 376  0.1607033380947E-06  0.7327775644220E-06  0.9679292236749E-06  0.1203080882928E-05
 377  0.1585876793899E-06  0.7596944596319E-06  0.1006751085123E-05  0.1253807710615E-05
 378  0.1563197749264E-06  0.8089123766685E-06  0.1081615478376E-05  0.1354318580084E-05
