#
#  k,  E_varmin,  E - E_var,  E,  E + E_var
# averaged of total time steps of =    8000000
   1  0.6469009938316E-08  0.5519850068325E-08  0.6171215707395E-08  0.6822581346465E-08
   2  0.1068582529596E-05  0.1046616222253E-05  0.1083235896890E-05  0.1119855571527E-05
   3  0.2293576810046E-05  0.2259252928750E-05  0.2315859466320E-05  0.2372466003890E-05
   4  0.1858060089776E-05  0.1833003215589E-05  0.1872770630433E-05  0.1912538045277E-05
   5  0.5928035603982E-06  0.5817499049986E-06  0.5966748696226E-06  0.6115998342467E-06
   6  0.2476951800000E-06  0.2340250754083E-06  0.2447823812968E-06  0.2555396871853E-06
   7  0.9782637066986E-06  0.9412871185530E-06  0.9712891214656E-06  0.1001291124378E-05
   8  0.1456941381801E-05  0.1403969266992E-05  0.1447999908302E-05  0.1492030549612E-05
   9  0.9477572268610E-06  0.9009051609010E-06  0.9425598544148E-06  0.9842145479285E-06
  10  0.2594882935386E-06  0.2371040351954E-06  0.2584279200386E-06  0.2797518048817E-06
  11  0.3208364477571E-06  0.2904381777930E-06  0.3120268411408E-06  0.3336155044885E-06
  12  0.7992061630350E-06  0.7221498879443E-06  0.7699305100350E-06  0.8177111321257E-06
  13  0.1030069015788E-05  0.9293062011717E-06  0.9909516560600E-06  0.1052597110948E-05
  14  0.1149064364375E-05  0.1070859645954E-05  0.1132314429180E-05  0.1193769212406E-05
  15  0.1238714636223E-05  0.1190593778433E-05  0.1249233561775E-05  0.1307873345116E-05
  16  0.9152538083463E-06  0.8639495865518E-06  0.9124101186155E-06  0.9608706506792E-06
  17  0.4585237949820E-06  0.3704275243338E-06  0.4183990023043E-06  0.4663704802747E-06
  18  0.5529149301554E-06  0.4473101589484E-06  0.5045832679385E-06  0.5618563769286E-06
  19  0.9453966169014E-06  0.8518508487196E-06  0.9129292419208E-06  0.9740076351220E-06
  20  0.1006113698616E-05  0.9032327457363E-06  0.9688846293110E-06  0.1034536512886E-05
  21  0.8553053290920E-06  0.7128964400398E-06  0.7885853573337E-06  0.8642742746277E-06
  22  0.7855051905755E-06  0.6114926290793E-06  0.6984637784640E-06  0.7854349278487E-06
  23  0.6543285347764E-06  0.4895232694595E-06  0.5720192352202E-06  0.6545152009809E-06
  24  0.4735628651003E-06  0.3303699181158E-06  0.4007999348884E-06  0.4712299516610E-06
  25  0.5554065236029E-06  0.3963347998080E-06  0.4725445252727E-06  0.5487542507373E-06
  26  0.8281016302655E-06  0.6211736561636E-06  0.7196290642188E-06  0.8180844722740E-06
  27  0.8715724553520E-06  0.6371299070965E-06  0.7452209062784E-06  0.8533119054604E-06
  28  0.6714063233346E-06  0.4419989576112E-06  0.5440088170998E-06  0.6460186765883E-06
  29  0.6195760873530E-06  0.3948918694226E-06  0.4940924213307E-06  0.5932929732387E-06
  30  0.7917620876376E-06  0.5540974504021E-06  0.6623235720090E-06  0.7705496936159E-06
  31  0.8605291839063E-06  0.6134223314602E-06  0.7266340554569E-06  0.8398457794535E-06
  32  0.7346933848268E-06  0.4838910342310E-06  0.5918521844500E-06  0.6998133346690E-06
  33  0.7053413642797E-06  0.4229079794217E-06  0.5391038478101E-06  0.6552997161984E-06
  34  0.8772487287993E-06  0.5499863208121E-06  0.6854858774128E-06  0.8209854340135E-06
  35  0.9794433405729E-06  0.6384742047121E-06  0.7814482649925E-06  0.9244223252730E-06
  36  0.8665309076204E-06  0.5385457162857E-06  0.6747005871894E-06  0.8108554580931E-06
  37  0.7691690158458E-06  0.4296357975197E-06  0.5652122416081E-06  0.7007886856965E-06
  38  0.8828451794792E-06  0.4819995569882E-06  0.6390015609266E-06  0.7960035648650E-06
  39  0.1053504947490E-05  0.5919817772023E-06  0.7727270666847E-06  0.9534723561672E-06
  40  0.1064153654480E-05  0.5918029405693E-06  0.7775269586395E-06  0.9632509767097E-06
  41  0.9773871768931E-06  0.5201526057610E-06  0.6979751756455E-06  0.8757977455301E-06
  42  0.9785237592421E-06  0.5003376917410E-06  0.6822465144361E-06  0.8641553371313E-06
  43  0.1061763476139E-05  0.5243578108700E-06  0.7264273844103E-06  0.9284969579507E-06
  44  0.1096307332135E-05  0.5206942438009E-06  0.7355921707601E-06  0.9504900977193E-06
  45  0.1072490746866E-05  0.5018358858680E-06  0.7122671699045E-06  0.9226984539411E-06
  46  0.1077900528310E-05  0.5073733628625E-06  0.7150384116497E-06  0.9227034604369E-06
  47  0.1131584572211E-05  0.5142648215443E-06  0.7376372909391E-06  0.9610097603340E-06
  48  0.1199671958078E-05  0.5082565059378E-06  0.7606226718379E-06  0.1012988837738E-05
  49  0.1278298489781E-05  0.5463380069308E-06  0.8137921460905E-06  0.1081246285250E-05
  50  0.1353945657911E-05  0.6285209258863E-06  0.8898466035670E-06  0.1151172281248E-05
  51  0.1386582607212E-05  0.6597451167980E-06  0.9176652782372E-06  0.1175585439676E-05
  52  0.1397102252258E-05  0.6160781463008E-06  0.8925498121118E-06  0.1169021477923E-05
  53  0.1455318304346E-05  0.5968153259771E-06  0.9025890900418E-06  0.1208362854107E-05
  54  0.1553050637736E-05  0.6580518287331E-06  0.9763793047313E-06  0.1294706780730E-05
  55  0.1615044765865E-05  0.7247024754103E-06  0.1038368532917E-05  0.1352034590424E-05
  56  0.1630278478523E-05  0.7241231021082E-06  0.1040701187192E-05  0.1357279272277E-05
  57  0.1647055195095E-05  0.6814004502477E-06  0.1018323218847E-05  0.1355245987446E-05
  58  0.1677246491125E-05  0.6587614604610E-06  0.1013339766640E-05  0.1367918072819E-05
  59  0.1719682963732E-05  0.6827959903120E-06  0.1041861203402E-05  0.1400926416492E-05
  60  0.1800252967870E-05  0.7329375507365E-06  0.1101021535046E-05  0.1469105519356E-05
  61  0.1886304156395E-05  0.7482107549049E-06  0.1140163171042E-05  0.1532115587178E-05
  62  0.1885369124665E-05  0.6932917654840E-06  0.1101593570267E-05  0.1509895375050E-05
  63  0.1830551589144E-05  0.6396159847633E-06  0.1043479934317E-05  0.1447343883871E-05
  64  0.1890068130937E-05  0.6888468640224E-06  0.1094016971522E-05  0.1499187079022E-05
  65  0.2075800561212E-05  0.7979305172023E-06  0.1230450113477E-05  0.1662969709753E-05
  66  0.2176558121982E-05  0.8260967417032E-06  0.1284604781014E-05  0.1743112820324E-05
  67  0.2119906580832E-05  0.7776322343158E-06  0.1231155583649E-05  0.1684678932983E-05
  68  0.2108798678428E-05  0.7905668993715E-06  0.1233386977230E-05  0.1676207055088E-05
  69  0.2244279097219E-05  0.8728254267998E-06  0.1333241493121E-05  0.1793657559442E-05
  70  0.2352834619525E-05  0.8887579916273E-06  0.1380039253919E-05  0.1871320516211E-05
  71  0.2345260053520E-05  0.8333704347967E-06  0.1340313928919E-05  0.1847257423041E-05
  72  0.2378163103767E-05  0.8525506643147E-06  0.1364640568644E-05  0.1876730472974E-05
  73  0.2511659686444E-05  0.9519938100314E-06  0.1477623998406E-05  0.2003254186781E-05
  74  0.2579001193047E-05  0.9807417278766E-06  0.1518515806212E-05  0.2056289884547E-05
  75  0.2531733267792E-05  0.9207052670478E-06  0.1456246723913E-05  0.1991788180779E-05
  76  0.2557893567125E-05  0.9195860120365E-06  0.1457769551441E-05  0.1995953090845E-05
  77  0.2723554826331E-05  0.1013886471804E-05  0.1574330365505E-05  0.2134774259206E-05
  78  0.2824378125475E-05  0.1061773461107E-05  0.1640061737207E-05  0.2218350013308E-05
  79  0.2741632224000E-05  0.9999599532735E-06  0.1568657115928E-05  0.2137354278582E-05
  80  0.2660296732123E-05  0.9516691887141E-06  0.1504221344396E-05  0.2056773500078E-05
  81  0.2762681488284E-05  0.1007448179757E-05  0.1572964612903E-05  0.2138481046049E-05
  82  0.2937462670088E-05  0.1084616141508E-05  0.1684948242016E-05  0.2285280342523E-05
  83  0.2981775697010E-05  0.1085840801624E-05  0.1702073306083E-05  0.2318305810543E-05
  84  0.2919175802589E-05  0.1042957881569E-05  0.1651062960045E-05  0.2259168038521E-05
  85  0.2918514983550E-05  0.1041517411863E-05  0.1645841881131E-05  0.2250166350400E-05
  86  0.3006289311370E-05  0.1079602364728E-05  0.1697231226624E-05  0.2314860088520E-05
  87  0.3055199417762E-05  0.1094538880904E-05  0.1723225006550E-05  0.2351911132195E-05
  88  0.3013322181279E-05  0.1076825051869E-05  0.1698267653550E-05  0.2319710255232E-05
  89  0.2970557700715E-05  0.1075102762870E-05  0.1682750302441E-05  0.2290397842011E-05
  90  0.2993526388348E-05  0.1112254955086E-05  0.1712650460713E-05  0.2313045966339E-05
  91  0.3034849721524E-05  0.1152708477285E-05  0.1750342667188E-05  0.2347976857091E-05
  92  0.3034719769006E-05  0.1164207039831E-05  0.1756473287182E-05  0.2348739534533E-05
  93  0.3008031972433E-05  0.1159556678736E-05  0.1744473706291E-05  0.2329390733846E-05
  94  0.2995987237425E-05  0.1167452005692E-05  0.1744684024853E-05  0.2321916044014E-05
  95  0.3004315208188E-05  0.1193319067520E-05  0.1762280879952E-05  0.2331242692384E-05
  96  0.3018534903361E-05  0.1222739111239E-05  0.1785885219550E-05  0.2349031327860E-05
  97  0.3033509054890E-05  0.1249494297769E-05  0.1808568959690E-05  0.2367643621611E-05
  98  0.3046267805115E-05  0.1273815847827E-05  0.1827880893192E-05  0.2381945938556E-05
  99  0.3048323092042E-05  0.1296047761689E-05  0.1841637930519E-05  0.2387228099349E-05
 100  0.3041125052805E-05  0.1315776456699E-05  0.1851199529717E-05  0.2386622602735E-05
 101  0.3040360940694E-05  0.1333232479695E-05  0.1862343086640E-05  0.2391453693585E-05
 102  0.3049506483714E-05  0.1350517912745E-05  0.1876457421071E-05  0.2402396929396E-05
 103  0.3045917176239E-05  0.1367568085966E-05  0.1887166911755E-05  0.2406765737544E-05
 104  0.3015561724446E-05  0.1389557564982E-05  0.1892997336261E-05  0.2396437107541E-05
 105  0.2981521555575E-05  0.1419782313688E-05  0.1902505383534E-05  0.2385228453381E-05
 106  0.2972987132610E-05  0.1450642974445E-05  0.1919233749094E-05  0.2387824523744E-05
 107  0.2976553672681E-05  0.1469216006678E-05  0.1931476589296E-05  0.2393737171914E-05
 108  0.2956708158884E-05  0.1479409831318E-05  0.1930920455764E-05  0.2382431080210E-05
 109  0.2914395932702E-05  0.1498472729284E-05  0.1930447233314E-05  0.2362421737343E-05
 110  0.2883538568316E-05  0.1531163809518E-05  0.1943453878786E-05  0.2355743948054E-05
 111  0.2872973148252E-05  0.1561696944196E-05  0.1960358165900E-05  0.2359019387605E-05
 112  0.2854569528407E-05  0.1575592007401E-05  0.1963944984038E-05  0.2352297960675E-05
 113  0.2817244793740E-05  0.1585681526661E-05  0.1961124698191E-05  0.2336567869720E-05
 114  0.2779520521141E-05  0.1610127954586E-05  0.1967901330661E-05  0.2325674706736E-05
 115  0.2749820571130E-05  0.1640357810370E-05  0.1978806101426E-05  0.2317254392482E-05
 116  0.2715347011510E-05  0.1653964708403E-05  0.1977360316053E-05  0.2300755923703E-05
 117  0.2678853907341E-05  0.1661264885080E-05  0.1971770808830E-05  0.2282276732580E-05
 118  0.2654080104962E-05  0.1677549510472E-05  0.1978072125769E-05  0.2278594741066E-05
 119  0.2634235720489E-05  0.1699616056804E-05  0.1989780001909E-05  0.2279943947014E-05
 120  0.2600839632392E-05  0.1715945982020E-05  0.1990857303887E-05  0.2265768625754E-05
 121  0.2573307323019E-05  0.1732729902949E-05  0.1996742516622E-05  0.2260755130296E-05
 122  0.2534954756703E-05  0.1742027795025E-05  0.1997376862355E-05  0.2252725929685E-05
 123  0.2498451744937E-05  0.1758265512102E-05  0.2003089796611E-05  0.2247914081121E-05
 124  0.2452550273344E-05  0.1768233700035E-05  0.2003959402212E-05  0.2239685104389E-05
 125  0.2405223926972E-05  0.1771967122220E-05  0.2001799116466E-05  0.2231631110712E-05
 126  0.2364511855020E-05  0.1776414697366E-05  0.2000399920092E-05  0.2224385142819E-05
 127  0.2327349482427E-05  0.1780731407269E-05  0.1999925688981E-05  0.2219119970693E-05
 128  0.2291770468188E-05  0.1783531893643E-05  0.2001221501331E-05  0.2218911109018E-05
 129  0.2258080800489E-05  0.1786169655420E-05  0.2005995388189E-05  0.2225821120959E-05
 130  0.2221964410375E-05  0.1790083231955E-05  0.2011152105412E-05  0.2232220978869E-05
 131  0.2183270232840E-05  0.1789130427484E-05  0.2013578169758E-05  0.2238025912031E-05
 132  0.2151175540662E-05  0.1785559137210E-05  0.2015580923635E-05  0.2245602710059E-05
 133  0.2126768499206E-05  0.1785410447208E-05  0.2020890468420E-05  0.2256370489632E-05
 134  0.2099129305929E-05  0.1785368262851E-05  0.2029091782044E-05  0.2272815301237E-05
 135  0.2064448014968E-05  0.1782781407794E-05  0.2036028231932E-05  0.2289275056070E-05
 136  0.2031537127001E-05  0.1776455720039E-05  0.2038786805504E-05  0.2301117890970E-05
 137  0.2005820404832E-05  0.1771276627037E-05  0.2040312969823E-05  0.2309349312608E-05
 138  0.1981550520288E-05  0.1768119544376E-05  0.2045720375902E-05  0.2323321207427E-05
 139  0.1952726398309E-05  0.1763933092808E-05  0.2054504577235E-05  0.2345076061662E-05
 140  0.1920846069324E-05  0.1758151727799E-05  0.2061790579051E-05  0.2365429430302E-05
 141  0.1890997594003E-05  0.1751945704804E-05  0.2067052492484E-05  0.2382159280165E-05
 142  0.1865787947103E-05  0.1750033834233E-05  0.2074663714346E-05  0.2399293594459E-05
 143  0.1843985506321E-05  0.1750263454259E-05  0.2085407546032E-05  0.2420551637805E-05
 144  0.1822893558198E-05  0.1746477245737E-05  0.2094548860771E-05  0.2442620475805E-05
 145  0.1801140232008E-05  0.1740004117030E-05  0.2099398460592E-05  0.2458792804153E-05
 146  0.1778094256065E-05  0.1734196565911E-05  0.2103029751087E-05  0.2471862936264E-05
 147  0.1751908393939E-05  0.1730294813602E-05  0.2109441179257E-05  0.2488587544913E-05
 148  0.1722143147973E-05  0.1725791864521E-05  0.2119307226421E-05  0.2512822588321E-05
 149  0.1693974475704E-05  0.1720745911376E-05  0.2131405402723E-05  0.2542064894070E-05
 150  0.1673269817083E-05  0.1718573995903E-05  0.2143641778348E-05  0.2568709560792E-05
 151  0.1656454157763E-05  0.1717278359738E-05  0.2153211557154E-05  0.2589144754570E-05
 152  0.1635563374248E-05  0.1713816749850E-05  0.2160522167309E-05  0.2607227584769E-05
 153  0.1610590721440E-05  0.1708630148376E-05  0.2170061627865E-05  0.2631493107353E-05
 154  0.1588525872213E-05  0.1706309403805E-05  0.2182990527785E-05  0.2659671651766E-05
 155  0.1570981346338E-05  0.1706308198262E-05  0.2194141320918E-05  0.2681974443575E-05
 156  0.1552804901148E-05  0.1702172720885E-05  0.2200137625848E-05  0.2698102530811E-05
 157  0.1531814375872E-05  0.1695357199419E-05  0.2205662177806E-05  0.2715967156193E-05
 158  0.1511645423371E-05  0.1691887959072E-05  0.2216204796076E-05  0.2740521633080E-05
 159  0.1494825718743E-05  0.1692994264346E-05  0.2230175594556E-05  0.2767356924766E-05
 160  0.1480197191780E-05  0.1693666859768E-05  0.2242139775208E-05  0.2790612690648E-05
 161  0.1465441798806E-05  0.1690919130390E-05  0.2251078635897E-05  0.2811238141404E-05
 162  0.1448254473871E-05  0.1687280341216E-05  0.2260030054132E-05  0.2832779767048E-05
 163  0.1426711086961E-05  0.1684269238469E-05  0.2270685720237E-05  0.2857102202005E-05
 164  0.1403601580936E-05  0.1682441663661E-05  0.2281805214338E-05  0.2881168765016E-05
 165  0.1386420206537E-05  0.1681465247156E-05  0.2292832139519E-05  0.2904199031883E-05
 166  0.1377056569711E-05  0.1682928851915E-05  0.2304688396854E-05  0.2926447941793E-05
 167  0.1366411084321E-05  0.1685185367691E-05  0.2317474028335E-05  0.2949762688978E-05
 168  0.1346486894695E-05  0.1683842682350E-05  0.2330155561793E-05  0.2976468441236E-05
 169  0.1322745183615E-05  0.1680626864295E-05  0.2343131440688E-05  0.3005636017081E-05
 170  0.1305959147602E-05  0.1679116891421E-05  0.2357076559984E-05  0.3035036228547E-05
 171  0.1296674653778E-05  0.1681347729521E-05  0.2371082413172E-05  0.3060817096823E-05
 172  0.1285745882883E-05  0.1684058816561E-05  0.2383559786231E-05  0.3083060755900E-05
 173  0.1267475229023E-05  0.1683193300251E-05  0.2394813708584E-05  0.3106434116917E-05
 174  0.1246051250379E-05  0.1681873044708E-05  0.2406734879323E-05  0.3131596713937E-05
 175  0.1229129349266E-05  0.1683140587246E-05  0.2421289314606E-05  0.3159438041966E-05
 176  0.1217960114404E-05  0.1686125259606E-05  0.2437733154097E-05  0.3189341048589E-05
 177  0.1207001826106E-05  0.1688792603241E-05  0.2452916892650E-05  0.3217041182058E-05
 178  0.1193332675240E-05  0.1689593876856E-05  0.2465747989382E-05  0.3241902101907E-05
 179  0.1179929344387E-05  0.1691528697192E-05  0.2478981051567E-05  0.3266433405941E-05
 180  0.1167925920681E-05  0.1695812707040E-05  0.2494085919540E-05  0.3292359132040E-05
 181  0.1154142496377E-05  0.1697777664758E-05  0.2509656879883E-05  0.3321536095009E-05
 182  0.1138205720998E-05  0.1697926570470E-05  0.2524966753960E-05  0.3352006937449E-05
 183  0.1123813142894E-05  0.1699041409235E-05  0.2540302419553E-05  0.3381563429871E-05
 184  0.1112372816990E-05  0.1701095356337E-05  0.2554426842767E-05  0.3407758329197E-05
 185  0.1102128620534E-05  0.1703762181310E-05  0.2567681799573E-05  0.3431601417836E-05
 186  0.1091936620939E-05  0.1706672168870E-05  0.2583273564645E-05  0.3459874960421E-05
 187  0.1081487354708E-05  0.1709996348858E-05  0.2602011768987E-05  0.3494027189115E-05
 188  0.1070188651115E-05  0.1711832117248E-05  0.2619427788201E-05  0.3527023459154E-05
 189  0.1058287417876E-05  0.1711714656819E-05  0.2632343862587E-05  0.3552973068355E-05
 190  0.1046794423313E-05  0.1713277598483E-05  0.2643798130994E-05  0.3574318663506E-05
 191  0.1035382823304E-05  0.1717493776503E-05  0.2658898824011E-05  0.3600303871520E-05
 192  0.1022263684062E-05  0.1721064157151E-05  0.2677583277928E-05  0.3634102398705E-05
 193  0.1007297269716E-05  0.1722943569948E-05  0.2695695025836E-05  0.3668446481724E-05
 194  0.9939240469882E-06  0.1725222723234E-05  0.2711920553682E-05  0.3698618384129E-05
 195  0.9854009895163E-06  0.1729139484670E-05  0.2728900345752E-05  0.3728661206835E-05
 196  0.9794515457686E-06  0.1733280299773E-05  0.2746948025800E-05  0.3760615751828E-05
 197  0.9706150524885E-06  0.1736367205670E-05  0.2763533187666E-05  0.3790699169661E-05
 198  0.9579614001306E-06  0.1739822531552E-05  0.2778797941081E-05  0.3817773350611E-05
 199  0.9457695136699E-06  0.1745167160573E-05  0.2795872115476E-05  0.3846577070380E-05
 200  0.9368703839541E-06  0.1750766946621E-05  0.2815651823233E-05  0.3880536699846E-05
 201  0.9296326721652E-06  0.1754169752777E-05  0.2836209344293E-05  0.3918248935809E-05
 202  0.9209063191416E-06  0.1756821525752E-05  0.2855104083316E-05  0.3953386640881E-05
 203  0.9094499778051E-06  0.1759851447464E-05  0.2871521780274E-05  0.3983192113083E-05
 204  0.8970368886276E-06  0.1761795435942E-05  0.2887584072903E-05  0.4013372709864E-05
 205  0.8865444964732E-06  0.1764301168554E-05  0.2907002856492E-05  0.4049704544431E-05
 206  0.8784290076411E-06  0.1769840116636E-05  0.2929435181165E-05  0.4089030245694E-05
 207  0.8706438319469E-06  0.1776421214801E-05  0.2950685942157E-05  0.4124950669513E-05
 208  0.8620747794407E-06  0.1781488671316E-05  0.2968651669765E-05  0.4155814668213E-05
 209  0.8533148852968E-06  0.1785514601410E-05  0.2985846396078E-05  0.4186178190746E-05
 210  0.8446449877395E-06  0.1790066371923E-05  0.3005229307702E-05  0.4220392243480E-05
 211  0.8359671461544E-06  0.1796056422255E-05  0.3027487473299E-05  0.4258918524343E-05
 212  0.8277114224692E-06  0.1802293155987E-05  0.3050764786743E-05  0.4299236417498E-05
 213  0.8198470856315E-06  0.1806178238308E-05  0.3072435866793E-05  0.4338693495278E-05
 214  0.8112227518573E-06  0.1808726964359E-05  0.3092361882379E-05  0.4375996800398E-05
 215  0.8012576445650E-06  0.1812847442772E-05  0.3113640255482E-05  0.4414433068192E-05
 216  0.7911755510264E-06  0.1818738026766E-05  0.3137452644473E-05  0.4456167262180E-05
 217  0.7827360906721E-06  0.1824051246173E-05  0.3161208473302E-05  0.4498365700432E-05
 218  0.7761177713707E-06  0.1828509979310E-05  0.3183110108270E-05  0.4537710237229E-05
 219  0.7697105061235E-06  0.1834133589988E-05  0.3204928331954E-05  0.4575723073921E-05
 220  0.7622935931909E-06  0.1839718309044E-05  0.3228076736709E-05  0.4616435164375E-05
 221  0.7545509113847E-06  0.1845243662761E-05  0.3251902596895E-05  0.4658561531028E-05
 222  0.7474840996058E-06  0.1853002691111E-05  0.3276169968644E-05  0.4699337246177E-05
 223  0.7405227233171E-06  0.1862575145860E-05  0.3301723377425E-05  0.4740871608991E-05
 224  0.7328911486159E-06  0.1870494669599E-05  0.3327571086595E-05  0.4784647503592E-05
 225  0.7254385193683E-06  0.1875079010059E-05  0.3352265649609E-05  0.4829452289158E-05
 226  0.7189634810679E-06  0.1879821625107E-05  0.3377144734604E-05  0.4874467844100E-05
 227  0.7123687650979E-06  0.1888128849622E-05  0.3405351156811E-05  0.4922573464000E-05
 228  0.7046158872189E-06  0.1898257133949E-05  0.3436410376151E-05  0.4974563618354E-05
 229  0.6967635463056E-06  0.1907039559196E-05  0.3466419224376E-05  0.5025798889556E-05
 230  0.6899281796149E-06  0.1914096386487E-05  0.3494066683515E-05  0.5074036980542E-05
 231  0.6832161597775E-06  0.1921096898344E-05  0.3523380964181E-05  0.5125665030018E-05
 232  0.6755717769991E-06  0.1930185716350E-05  0.3557394205138E-05  0.5184602693925E-05
 233  0.6677148497816E-06  0.1941176849225E-05  0.3593585474177E-05  0.5245994099129E-05
 234  0.6605082965813E-06  0.1952199338425E-05  0.3628438465059E-05  0.5304677591693E-05
 235  0.6532475325081E-06  0.1962349913980E-05  0.3663273739509E-05  0.5364197565038E-05
 236  0.6454739912725E-06  0.1970135812790E-05  0.3701241348299E-05  0.5432346883807E-05
 237  0.6386913366534E-06  0.1978489716811E-05  0.3742417111405E-05  0.5506344506000E-05
 238  0.6339158677686E-06  0.1991169041367E-05  0.3785174546720E-05  0.5579180052073E-05
 239  0.6293550563581E-06  0.2005244006813E-05  0.3829117586409E-05  0.5652991166006E-05
 240  0.6231441482452E-06  0.2017996130497E-05  0.3873389093527E-05  0.5728782056557E-05
 241  0.6164625826724E-06  0.2032004809540E-05  0.3918992662338E-05  0.5805980515136E-05
 242  0.6111245665561E-06  0.2053283974710E-05  0.3974514342927E-05  0.5895744711144E-05
 243  0.6062185313410E-06  0.2082941367381E-05  0.4047166265817E-05  0.6011391164254E-05
 244  0.5999825513311E-06  0.2111454020369E-05  0.4125598400040E-05  0.6139742779710E-05
 245  0.5929356849128E-06  0.2132764262837E-05  0.4193920363781E-05  0.6255076464725E-05
 246  0.5866034324740E-06  0.2158496846467E-05  0.4266782880665E-05  0.6375068914863E-05
 247  0.5809024384660E-06  0.2202898386605E-05  0.4378675149337E-05  0.6554451912070E-05
 248  0.5748564361725E-06  0.2258539664468E-05  0.4524232025481E-05  0.6789924386494E-05
 249  0.5686808293039E-06  0.2305040620094E-05  0.4658042564029E-05  0.7011044507963E-05
 250  0.5632346668328E-06  0.2345561560716E-05  0.4790739111281E-05  0.7235916661845E-05
 251  0.5581532909063E-06  0.2415792619125E-05  0.5038849956752E-05  0.7661907294378E-05
 252  0.5523293863018E-06  0.2538967395758E-05  0.5494044822098E-05  0.8449122248438E-05
