   0    0.000000000000e+00    0.000000000000e+00    0.000000000000e+00    0.000000000000e+00    0.000000000000e+00    0.000000000000e+00    0.000000000000e+00    0.000000000000e+00
   1    0.000000000000e+00    0.000000000000e+00    0.000000000000e+00    0.000000000000e+00    0.000000000000e+00    0.000000000000e+00    0.000000000000e+00    0.000000000000e+00
   2    0.000000000000e+00    0.000000000000e+00    0.000000000000e+00    0.000000000000e+00    0.000000000000e+00    0.000000000000e+00    0.000000000000e+00    0.000000000000e+00
   3    0.000000000000e+00    0.000000000000e+00    0.000000000000e+00    0.000000000000e+00    0.000000000000e+00    0.000000000000e+00    0.000000000000e+00    0.000000000000e+00
   4    0.000000000000e+00    0.000000000000e+00    0.000000000000e+00    0.000000000000e+00    0.000000000000e+00    0.000000000000e+00    0.000000000000e+00    0.000000000000e+00
   5    3.005476969520e-07    0.000000000000e+00    3.768536487314e-07    0.000000000000e+00   -3.154844080200e-06    0.000000000000e+00   -3.223831754440e-06    0.000000000000e+00
   6    0.000000000000e+00    0.000000000000e+00    0.000000000000e+00    0.000000000000e+00    0.000000000000e+00    0.000000000000e+00    0.000000000000e+00    0.000000000000e+00
   7    0.000000000000e+00    0.000000000000e+00    0.000000000000e+00    0.000000000000e+00    0.000000000000e+00    0.000000000000e+00    0.000000000000e+00    0.000000000000e+00
   8    0.000000000000e+00    0.000000000000e+00    0.000000000000e+00    0.000000000000e+00    0.000000000000e+00    0.000000000000e+00    0.000000000000e+00    0.000000000000e+00
   9    6.399152994163e-07    0.000000000000e+00    7.579042744510e-07    0.000000000000e+00   -2.659867732291e-06    0.000000000000e+00   -2.783575837384e-06    0.000000000000e+00
  10   -1.524308459011e-06    0.000000000000e+00   -1.422356376679e-06    0.000000000000e+00   -2.024549985435e-07    0.000000000000e+00   -3.098441254679e-07    0.000000000000e+00
  11   -1.036587377712e-06    0.000000000000e+00   -9.249814638679e-07    0.000000000000e+00   -9.139184840024e-07    0.000000000000e+00   -1.026136828841e-06    0.000000000000e+00
  12    1.883957679638e-06   -1.360316787213e-06    2.202216592195e-06   -1.243398514816e-06   -7.180846296251e-06    5.716649866372e-06   -7.504756467824e-06    5.597098152066e-06
  13    1.088389467441e-06    6.313661629065e-07    1.257946109945e-06    6.500063136627e-07   -4.328824616096e-06    3.103932385784e-06   -4.508844995144e-06    3.074562300753e-06
  14   -3.696227167893e-06    4.583909685607e-06   -3.739628937183e-06    4.615567831934e-06   -5.419142325991e-06    2.031806980085e-05   -5.401117050496e-06    2.023315391853e-05
  15    9.144043247034e-07   -4.632423156181e-08    1.075710883924e-06    6.028881927023e-08   -6.161741112010e-06    2.596891818030e-06   -6.352689524647e-06    2.489392045391e-06
  16    8.617348044027e-07   -7.326983677558e-07    9.985166116167e-07   -6.026003234183e-07   -6.180455329741e-06    2.921897021224e-06   -6.332089014904e-06    2.796165063046e-06
  17    0.000000000000e+00    0.000000000000e+00    0.000000000000e+00    0.000000000000e+00    0.000000000000e+00    0.000000000000e+00    0.000000000000e+00    0.000000000000e+00
  18    0.000000000000e+00    0.000000000000e+00    0.000000000000e+00    0.000000000000e+00    0.000000000000e+00    0.000000000000e+00    0.000000000000e+00    0.000000000000e+00
  19   -6.060901341698e-06   -3.036961516045e-06   -6.756996299373e-06   -3.060992867177e-06   -3.595870794015e-06    2.531495920266e-05   -2.922653266069e-06    2.531653080950e-05
  20   -9.632132787374e-06   -9.529181284051e-07   -1.036473440763e-05   -8.531024491276e-07   -4.662838819058e-06    2.794599095068e-05   -3.994720373157e-06    2.782140654745e-05
  21   -1.578289629833e-05   -5.380089987739e-06   -1.762712599884e-05   -5.376123226597e-06   -7.588578228024e-06    6.519449379994e-05   -5.833625891682e-06    6.513727566926e-05
  22   -3.226934131817e-05   -6.364966338879e-06   -3.557743184501e-05   -6.358695372910e-06   -6.373220912792e-06    1.031187057379e-04   -3.251481302868e-06    1.029768391163e-04
  23   -2.879454041249e-05   -3.976141670137e-06   -3.207613190170e-05   -3.901708168996e-06   -2.679167209862e-06    8.456168143312e-05    4.648584308597e-07    8.437436190434e-05
  24   -3.635651955847e-05   -8.851851816871e-06   -4.105849075131e-05   -8.861975402397e-06   -1.916604742291e-05    1.189127870020e-04   -1.480985429225e-05    1.187575398944e-04
  25   -7.286910113180e-05   -2.180858791689e-05   -8.143398008542e-05   -2.120198587363e-05   -3.083720002905e-05    2.584710309748e-04   -2.291162672918e-05    2.575722755864e-04
  26   -7.376108260360e-05   -2.282507193740e-05   -8.321578934556e-05   -2.225703974545e-05   -3.875296897604e-05    2.615273988340e-04   -3.009304782609e-05    2.606231719255e-04
  27   -6.758362724213e-05   -1.963493014046e-05   -7.756842387607e-05   -1.915849861689e-05   -4.532328966889e-05    2.512760111131e-04   -3.619649578468e-05    2.504068834241e-04
  28   -6.054210825823e-05   -1.795259595383e-05   -7.118259964045e-05   -1.722247725411e-05   -5.309837797540e-05    2.430000313325e-04   -4.332880780566e-05    2.418632066110e-04
  29   -5.573505404755e-05   -1.634853288124e-05   -6.695569027215e-05   -1.532498026791e-05   -5.901911208639e-05    2.343469386688e-04   -4.869011536357e-05    2.328984846827e-04
  30   -5.422832691693e-05   -1.909366437758e-05   -6.593902799068e-05   -1.800497557269e-05   -6.231347651919e-05    2.300842315890e-04   -5.157354462426e-05    2.285004884470e-04
  31   -5.589882857748e-05   -2.169760409743e-05   -6.806576129748e-05   -2.069856418530e-05   -6.332768680295e-05    2.259807661176e-04   -5.223158586887e-05    2.244127390441e-04
  32   -5.715427323594e-05   -1.947622513399e-05   -6.986212247284e-05   -1.840512413764e-05   -6.536092405440e-05    2.185215707868e-04   -5.380838047131e-05    2.168863866245e-04
  33   -5.982806396787e-05   -1.430808788427e-05   -7.320301665459e-05   -1.298695951846e-05   -6.575780571438e-05    2.090259949910e-04   -5.362743831938e-05    2.071676135529e-04
  34   -5.889066596865e-05   -8.431187779934e-06   -7.305403414648e-05   -6.900876087457e-06   -6.924125045771e-05    1.985138369491e-04   -5.644982957165e-05    1.964219118236e-04
  35   -5.983692244627e-05   -5.907768354518e-06   -7.459879270755e-05   -4.465576694201e-06   -7.099673530320e-05    1.909881393658e-04   -5.774368401035e-05    1.889106497401e-04
  36   -5.535165109904e-05   -4.816180080525e-06   -7.034015288809e-05   -3.532948994689e-06   -7.830811227905e-05    1.846702070907e-04   -6.495162233477e-05    1.826832740335e-04
  37   -5.546563625103e-05   -2.801257778628e-06   -7.108429417713e-05   -1.405160105605e-06   -8.074318611762e-05    1.780043530744e-04   -6.686141568935e-05    1.758449798217e-04
  38   -5.660894385073e-05   -6.861133670100e-07   -7.292256486835e-05    9.957207112166e-07   -8.185540355043e-05    1.724179746816e-04   -6.741286779288e-05    1.699051499600e-04
  39   -6.231813313207e-05   -6.412146831281e-07   -7.939289935166e-05    1.678670514593e-06   -7.851253758417e-05    1.689679629635e-04   -6.347515591187e-05    1.657347893342e-04
  40   -6.158593896544e-05    3.045135599677e-06   -7.939439819893e-05    5.366070126911e-06   -8.220528252423e-05    1.612239429960e-04   -6.655916513409e-05    1.579485979164e-04
  41   -5.508178583113e-05   -2.604126166261e-06   -7.391576218652e-05   -2.642052550073e-07   -9.186690294882e-05    1.622398704058e-04   -7.528519927291e-05    1.589833846083e-04
  42   -6.094873606344e-05   -1.391591808897e-06   -7.993246981641e-05    8.222517067225e-07   -8.912248449633e-05    1.567145518493e-04   -7.247414760059e-05    1.536054187454e-04
  43   -6.590920384042e-05   -1.717080863273e-06   -8.539751434000e-05    8.349035738320e-07   -8.701787737664e-05    1.536139898235e-04   -7.001318590483e-05    1.501456863480e-04
  44   -5.778148624813e-05   -2.246199301226e-06   -7.895396265667e-05   -5.646469958265e-09   -9.807318565436e-05    1.510813017376e-04   -7.956468471093e-05    1.479038473917e-04
  45   -6.193516310304e-05   -4.966813321516e-06   -8.308071846841e-05   -2.845816197805e-06   -9.536495781504e-05    1.442498323740e-04   -7.700506102992e-05    1.412024284946e-04
  46   -6.223051605048e-05   -5.503138254426e-06   -8.422727842117e-05   -3.277336418250e-06   -9.932230022969e-05    1.412044512108e-04   -8.020049426705e-05    1.380934118060e-04
  47   -6.439083517762e-05   -4.808845915250e-06   -8.701545448275e-05   -2.344477934457e-06   -1.011832937365e-04    1.371120451950e-04   -8.154005627148e-05    1.337639259873e-04
  48   -6.609180127271e-05   -2.944973630292e-06   -8.949488983490e-05   -5.705349508389e-07   -1.029030390782e-04    1.324456534348e-04   -8.266170334537e-05    1.291547378059e-04
  49   -6.622786168009e-05   -2.193613909185e-06   -9.053348912857e-05    1.860058063130e-08   -1.058374618879e-04    1.293888490181e-04   -8.487710147165e-05    1.261723373318e-04
  50   -6.703930557705e-05   -2.404852921245e-06   -9.216757462127e-05   -4.224873464409e-07   -1.086059055524e-04    1.274453534279e-04   -8.694834832568e-05    1.244779850822e-04
  51   -6.830225902377e-05   -3.092861334153e-06   -9.438784036320e-05   -7.147770588745e-07   -1.117890933529e-04    1.258674310520e-04   -8.930372860050e-05    1.226981403306e-04
  52   -7.070307037793e-05   -5.938931280980e-06   -9.773208148545e-05   -2.822217993526e-06   -1.144386696978e-04    1.265828614123e-04   -9.115122520598e-05    1.229140325449e-04
  53   -7.054440357024e-05   -8.621570486866e-06   -9.852071525529e-05   -5.240730388323e-06   -1.191734263557e-04    1.272034423891e-04   -9.511659300188e-05    1.234198716702e-04
  54   -7.487897528335e-05   -5.813149073219e-06   -1.032886357279e-04   -2.533916813263e-06   -1.184861757793e-04    1.221158017870e-04   -9.411609062226e-05    1.184692955576e-04
  55   -7.747486233711e-05   -5.682707978849e-06   -1.064850366674e-04   -2.441242259010e-06   -1.191961564473e-04    1.196114826598e-04   -9.428952762391e-05    1.160535175586e-04
  56   -8.104203152470e-05   -7.173248377512e-06   -1.107249554479e-04   -3.617436732384e-06   -1.192973941215e-04    1.186089357361e-04   -9.383553697262e-05    1.149087329395e-04
  57   -8.350362622878e-05   -7.972498679010e-06   -1.140986205428e-04   -4.472589353099e-06   -1.211377384607e-04    1.169314127765e-04   -9.497586870566e-05    1.133641271736e-04
  58   -8.042099943850e-05   -8.570310455980e-06   -1.115328996093e-04   -5.079082711745e-06   -1.286923361477e-04    1.153145421995e-04   -1.021501084324e-04    1.116678831750e-04
  59   -8.912076009437e-05   -1.111636356654e-05   -1.206729430123e-04   -6.890429631312e-06   -1.238780241692e-04    1.157840233645e-04   -9.688863792690e-05    1.112681275117e-04
  60   -9.283107647207e-05   -5.708213393518e-06   -1.249488268513e-04   -2.107005229846e-06   -1.234944356838e-04    1.081390364561e-04   -9.600106568541e-05    1.042964941007e-04
  61   -9.327042062068e-05   -3.822375674645e-06   -1.245051535079e-04   -5.919945920141e-07   -1.252842630493e-04    1.014566296362e-04   -9.881014557322e-05    9.796358790481e-05
  62   -9.545424836688e-05   -7.508303951909e-06   -1.285184116568e-04   -3.450954409345e-06   -1.285379257752e-04    1.064333628165e-04   -1.005453304970e-04    1.021551215672e-04
  63   -1.006206657621e-04   -7.771691343805e-06   -1.337994181085e-04   -4.195611836622e-06   -1.277269911952e-04    1.045003518811e-04   -9.996427979786e-05    1.005852682283e-04
  64   -9.744086128194e-05   -8.912111297832e-06   -1.324504119111e-04   -4.676856406149e-06   -1.345645432593e-04    1.007495302474e-04   -1.051853905665e-04    9.621265780879e-05
  65   -9.831106581260e-05   -1.005990270642e-05   -1.342686446151e-04   -5.876056093257e-06   -1.384474307997e-04    9.997690358432e-05   -1.083243842004e-04    9.567930828780e-05
  66   -1.020490453811e-04   -6.334306817735e-06   -1.382857881254e-04   -2.131475639544e-06   -1.396023872076e-04    9.474211401539e-05   -1.095553598134e-04    9.059797594091e-05
  67   -1.039965645759e-04   -8.021430403460e-06   -1.401277113473e-04   -4.248440291121e-06   -1.413854770362e-04    9.247739217244e-05   -1.118935251725e-04    8.881826215656e-05
  68   -1.047158511938e-04   -7.998687578947e-06   -1.422978384653e-04   -4.202435775369e-06   -1.472820731578e-04    9.405696619069e-05   -1.167793088825e-04    9.060310549103e-05
  69   -1.080835718312e-04   -1.061096827470e-05   -1.467757974751e-04   -6.380061677191e-06   -1.489174901508e-04    9.562483319314e-05   -1.175737052108e-04    9.210114512825e-05
  70   -1.096191554097e-04   -8.767475264904e-06   -1.495388714829e-04   -4.388362867758e-06   -1.520309160696e-04    9.276958007831e-05   -1.196609300678e-04    8.939264080254e-05
  71   -1.131928656832e-04   -9.787559065444e-06   -1.537655043649e-04   -5.429029442894e-06   -1.533869508421e-04    9.261958621209e-05   -1.206131637446e-04    8.928171155276e-05
  72   -1.154831479653e-04   -1.035271361616e-05   -1.566511491546e-04   -6.036334980308e-06   -1.561430690344e-04    9.218036575476e-05   -1.231456408277e-04    8.888814772945e-05
  73   -1.190482362290e-04   -9.810371011554e-06   -1.603493437869e-04   -4.346553851065e-06   -1.565931888763e-04    8.908495510696e-05   -1.237871911144e-04    8.512089698343e-05
  74   -1.218717734446e-04   -1.104923558159e-05   -1.642856514081e-04   -4.943869498675e-06   -1.586467697052e-04    8.977442485048e-05   -1.250117929885e-04    8.585472824052e-05
  75   -1.259345735889e-04   -1.110702942242e-05   -1.691216311883e-04   -4.874077603745e-06   -1.589119347045e-04    8.900903048925e-05   -1.247778127436e-04    8.523001451977e-05
  76   -1.285902981181e-04   -1.097665244743e-05   -1.720586878946e-04   -5.063699973107e-06   -1.604716817383e-04    8.794912719168e-05   -1.264152524527e-04    8.422162500210e-05
  77   -1.315874978900e-04   -1.019222327159e-05   -1.758108119247e-04   -4.625729161489e-06   -1.618929964025e-04    8.632944081910e-05   -1.275627582800e-04    8.269300451502e-05
  78   -1.320238516200e-04   -1.142509972851e-05   -1.771213574102e-04   -5.407927801571e-06   -1.647909521125e-04    8.511706255376e-05   -1.300113653997e-04    8.124623855110e-05
  79   -1.366074866382e-04   -1.216350119648e-05   -1.826886873459e-04   -5.987389158690e-06   -1.658640394453e-04    8.722473285161e-05   -1.305129408138e-04    8.373133459827e-05
  80   -1.376536820317e-04   -1.010377582134e-05   -1.844000362325e-04   -3.685588353619e-06   -1.687913027126e-04    8.405770495301e-05   -1.332776882919e-04    8.074902143562e-05
  81   -1.397006417392e-04   -9.045043043443e-06   -1.870472624432e-04   -2.479359636709e-06   -1.706800248940e-04    8.191391680157e-05   -1.351712271571e-04    7.867907697801e-05
  82   -1.430183619959e-04   -9.949847481039e-06   -1.913421001518e-04   -3.178331780873e-06   -1.717568957247e-04    8.208258805098e-05   -1.359107118333e-04    7.895028829807e-05
  83   -1.440628548153e-04   -1.036482171912e-05   -1.930140861077e-04   -3.479772885839e-06   -1.753611722961e-04    8.216330024879e-05   -1.393227285007e-04    7.926326361485e-05
  84   -1.479757629568e-04   -1.101492489397e-05   -1.972037716769e-04   -3.822912731266e-06   -1.756956626195e-04    8.266845543403e-05   -1.395776198478e-04    7.976665801834e-05
  85   -1.520295772934e-04   -1.133840942202e-05   -2.013215998886e-04   -4.351200914243e-06   -1.752065727487e-04    8.228694059653e-05   -1.393271086272e-04    7.995842315722e-05
  86   -1.563517726026e-04   -1.098748089134e-05   -2.065092412522e-04   -3.699667331603e-06   -1.743702741805e-04    8.091762720142e-05   -1.382388873026e-04    7.868593820604e-05
  87   -1.538224751130e-04   -1.165949106507e-05   -2.051991468761e-04   -4.428591637406e-06   -1.794641284505e-04    7.938333146740e-05   -1.428989635315e-04    7.751859084237e-05
  88   -1.559883821756e-04   -8.835278094921e-06   -2.082101564156e-04   -1.513366328254e-06   -1.809148234315e-04    7.620952965226e-05   -1.441203930881e-04    7.459206972271e-05
  89   -1.584359997651e-04   -8.452831934846e-06   -2.112014772138e-04   -7.218422979349e-07   -1.819959143177e-04    7.509128772654e-05   -1.450893614674e-04    7.325815386139e-05
  90   -1.597966183908e-04   -9.019210665429e-06   -2.131270739483e-04   -1.116760813602e-06   -1.834855356719e-04    7.475346501451e-05   -1.464048837079e-04    7.290366920643e-05
  91   -1.611056941329e-04   -9.571321243129e-06   -2.153789973818e-04   -1.453015556763e-06   -1.852660061559e-04    7.467965770047e-05   -1.476507168263e-04    7.288264896488e-05
  92   -1.637079694774e-04   -1.026855625241e-05   -2.187915670220e-04   -1.650170247558e-06   -1.847968524089e-04    7.348953658948e-05   -1.467681722715e-04    7.175708014984e-05
  93   -1.659284025664e-04   -9.437481821806e-06   -2.216162247350e-04   -1.209530182678e-07   -1.862739445642e-04    7.255131640704e-05   -1.481420913478e-04    7.095226465026e-05
  94   -1.677643595031e-04   -8.353496014024e-06   -2.238332672277e-04    1.288407020184e-06   -1.871390704764e-04    7.046122482279e-05   -1.492471346864e-04    6.916666461620e-05
  95   -1.696469844319e-04   -7.597340299981e-06   -2.262524503749e-04    1.981309196708e-06   -1.881713542389e-04    6.887070776429e-05   -1.504722604295e-04    6.781148113078e-05
  96   -1.713671954349e-04   -7.333143457799e-06   -2.288516261615e-04    2.122468004018e-06   -1.890156418085e-04    6.751895125490e-05   -1.510108559160e-04    6.641489017056e-05
  97   -1.722681336105e-04   -3.937995188608e-06   -2.305709349457e-04    5.647383204632e-06   -1.921507064253e-04    6.516668508993e-05   -1.538003998576e-04    6.410320202122e-05
  98   -1.739761937642e-04   -6.599460448342e-06   -2.332307049073e-04    3.949954134441e-06   -1.928126002895e-04    6.644749373663e-05   -1.539727527415e-04    6.528995436383e-05
  99   -1.760396698955e-04   -8.769504347583e-06   -2.362556842854e-04    2.602260110507e-06   -1.930930302478e-04    6.666574336123e-05   -1.539514632896e-04    6.575604493264e-05
 100   -1.782098261174e-04   -9.118680281972e-06   -2.395826741122e-04    2.104155328198e-06   -1.938887726283e-04    6.600277993130e-05   -1.544545812067e-04    6.583455251530e-05
 101   -1.796717260731e-04   -1.084275390895e-05   -2.420807431918e-04   -1.341736037830e-07   -1.941250957316e-04    6.560384645127e-05   -1.544984697830e-04    6.585042137885e-05
 102   -1.814163115341e-04   -1.050457103702e-05   -2.445098361932e-04    4.640905899578e-07   -1.953665196197e-04    6.458844291046e-05   -1.557408832014e-04    6.449826469179e-05
 103   -1.835521252360e-04   -9.831792340265e-06   -2.473747008480e-04    2.448322675264e-06   -1.979543158086e-04    6.476943235612e-05   -1.579580421094e-04    6.409430352505e-05
 104   -1.868758845376e-04   -1.020305262500e-05   -2.516754611861e-04    3.299610852991e-06   -1.989019801840e-04    6.539247260662e-05   -1.579623931320e-04    6.501925236080e-05
 105   -1.900154020404e-04   -1.042796066031e-05   -2.556242980063e-04    3.411878196857e-06   -1.989191950997e-04    6.491351086879e-05   -1.573373592691e-04    6.552034028573e-05
 106   -1.921118091559e-04   -1.010342111840e-05   -2.582809829619e-04    3.747275741262e-06   -2.001793618547e-04    6.447425403167e-05   -1.586621510796e-04    6.556566950167e-05
 107   -1.941511436598e-04   -9.716393833514e-06   -2.607818460092e-04    4.466113296075e-06   -2.014243946178e-04    6.315998325590e-05   -1.600593823241e-04    6.387854955392e-05
 108   -1.957825006684e-04   -1.058122234099e-05   -2.629513619468e-04    4.213583451929e-06   -2.027261798503e-04    6.213964661583e-05   -1.607109152246e-04    6.260308146011e-05
 109   -1.982911926461e-04   -1.081137179426e-05   -2.660341851879e-04    4.579996584653e-06   -2.050173789030e-04    6.316693907138e-05   -1.620232796995e-04    6.402825238183e-05
 110   -2.009017916862e-04   -1.121755758504e-05   -2.695105504245e-04    4.364842880022e-06   -2.064823638648e-04    6.335473881336e-05   -1.629023463465e-04    6.481380842160e-05
 111   -2.027499431279e-04   -1.286800943490e-05   -2.726134553086e-04    2.777623876682e-06   -2.072136994684e-04    6.188312545419e-05   -1.635690423427e-04    6.347171438392e-05
 112   -2.047829329967e-04   -1.310125935561e-05   -2.757243346423e-04    2.758730261121e-06   -2.093934162986e-04    6.066180139896e-05   -1.657908433117e-04    6.212297739694e-05
 113   -2.068733738270e-04   -1.289775082114e-05   -2.784611133393e-04    3.535250243658e-06   -2.115893876180e-04    5.935168883298e-05   -1.677351829130e-04    6.107462104410e-05
 114   -2.090421767207e-04   -1.358262034046e-05   -2.815096813720e-04    3.561347512004e-06   -2.129467029590e-04    5.863314436283e-05   -1.685504539637e-04    6.085302084102e-05
 115   -2.115047245752e-04   -1.444065946998e-05   -2.854898339137e-04    3.002686526088e-06   -2.137145929737e-04    5.826813503518e-05   -1.684953167569e-04    6.078903243179e-05
 116   -2.141668373952e-04   -1.467805577704e-05   -2.900238032453e-04    2.790250846374e-06   -2.154357061954e-04    5.800203143735e-05   -1.694268285064e-04    6.066244895919e-05
 117   -2.165820042137e-04   -1.506586522737e-05   -2.940254053101e-04    2.742045580817e-06   -2.177733113058e-04    5.720147237298e-05   -1.711189252092e-04    6.016492261551e-05
 118   -2.191592939198e-04   -1.599648749107e-05   -2.979956916533e-04    2.691977442737e-06   -2.198293077527e-04    5.650620369124e-05   -1.726201444399e-04    5.994882667437e-05
 119   -2.214320120402e-04   -1.757517929946e-05   -3.017837007064e-04    2.028903281825e-06   -2.204644551966e-04    5.591149965767e-05   -1.724449684843e-04    5.964325100649e-05
 120   -2.236830914626e-04   -1.747456735757e-05   -3.056385903619e-04    2.377970758971e-06   -2.218431181973e-04    5.577649790212e-05   -1.724496396491e-04    5.988206248730e-05
 121   -2.245384530397e-04   -1.597139817022e-05   -3.070074017160e-04    3.542398644640e-06   -2.228314988315e-04    5.532834620681e-05   -1.727734925225e-04    5.995224637445e-05
 122   -2.262040652568e-04   -1.606566002010e-05   -3.097523003817e-04    3.351688746989e-06   -2.259950706502e-04    5.408343349700e-05   -1.749226794345e-04    5.929903272772e-05
 123   -2.278527390445e-04   -1.791386603145e-05   -3.121580230072e-04    1.409426431564e-06   -2.282755594933e-04    5.283338396112e-05   -1.770197268343e-04    5.866870924365e-05
 124   -2.308341499884e-04   -1.831546433095e-05   -3.162679786328e-04    1.099619112210e-06   -2.308565162821e-04    5.300332122715e-05   -1.793815754354e-04    5.933934517088e-05
 125   -2.323173976038e-04   -1.843273457780e-05   -3.192410513293e-04    1.351600758426e-06   -2.327231050003e-04    5.238088851911e-05   -1.801060861908e-04    5.930020415690e-05
 126   -2.339196362300e-04   -1.778302976163e-05   -3.226469561923e-04    2.611610170788e-06   -2.352630253881e-04    5.169225914869e-05   -1.810340327211e-04    5.921877891524e-05
 127   -2.362624800298e-04   -1.815831456042e-05   -3.261421516072e-04    2.820363988576e-06   -2.380233781878e-04    5.137345578987e-05   -1.830570254242e-04    5.921694901190e-05
 128   -2.385300031165e-04   -1.984389928111e-05   -3.290086460765e-04    1.470901224820e-06   -2.406748972135e-04    5.113583029015e-05   -1.856489689089e-04    5.910219988436e-05
 129   -2.405308332527e-04   -2.129749555024e-05   -3.323401324451e-04    3.697803379055e-07   -2.427066792734e-04    5.097853500047e-05   -1.870377309388e-04    5.909493120271e-05
 130   -2.429703017697e-04   -2.065142689389e-05   -3.375847300049e-04    1.498723236182e-06   -2.451235195622e-04    5.142242298461e-05   -1.877315517049e-04    6.009168646415e-05
 131   -2.445852733217e-04   -2.122081968992e-05   -3.416315885261e-04    1.588937266206e-06   -2.464607241563e-04    5.114738087286e-05   -1.876570604509e-04    6.036895865691e-05
 132   -2.467560989317e-04   -2.209990270785e-05   -3.444628382567e-04    1.585774384694e-06   -2.486255834810e-04    5.085427619633e-05   -1.893302105600e-04    6.000669600326e-05
 133   -2.485285804141e-04   -2.365814361838e-05   -3.462309250608e-04    8.685726697877e-07   -2.507198660169e-04    5.028978193877e-05   -1.912123552756e-04    5.885695645702e-05
 134   -2.507965255063e-04   -2.413651782263e-05   -3.501471364871e-04    9.603028274796e-07   -2.538136614021e-04    5.064465585747e-05   -1.928597484948e-04    5.939530092292e-05
 135   -2.525411255192e-04   -2.396141644567e-05   -3.545631770976e-04    1.289608235311e-06   -2.564432215877e-04    5.116206011735e-05   -1.934091415023e-04    6.108471279731e-05
 136   -2.529800694901e-04   -2.405324812571e-05   -3.563305654097e-04    1.181907464343e-06   -2.581794979051e-04    5.016967406846e-05   -1.932690065587e-04    6.144204962766e-05
 137   -2.555781393312e-04   -2.300109554199e-05   -3.592521534301e-04    2.615379798954e-06   -2.617956488393e-04    4.970077861799e-05   -1.952968450496e-04    6.164645310491e-05
 138   -2.568817581050e-04   -2.437255170662e-05   -3.619866620284e-04    1.711834670459e-06   -2.638990117703e-04    4.843454007641e-05   -1.959329820238e-04    6.085085988161e-05
 139   -2.592631499283e-04   -2.518439941923e-05   -3.670464793686e-04    1.205441435559e-06   -2.663999621291e-04    4.876777893514e-05   -1.970043085748e-04    6.200238567544e-05
 140   -2.606500056572e-04   -2.546198993514e-05   -3.698890795931e-04    1.511029950052e-06   -2.676187141333e-04    4.886348688160e-05   -1.970185403479e-04    6.281589594437e-05
 141   -2.635622513480e-04   -2.382850652793e-05   -3.728357842192e-04    4.399455519888e-06   -2.700697223190e-04    4.931461080560e-05   -1.975889899768e-04    6.310012395261e-05
 142   -2.652265247889e-04   -2.373895767960e-05   -3.754126082640e-04    5.745827820647e-06   -2.721453201957e-04    4.888859621133e-05   -1.972033351194e-04    6.239510548767e-05
 143   -2.671396941878e-04   -2.451860746078e-05   -3.800101112574e-04    5.533320745599e-06   -2.740296476986e-04    4.877648461843e-05   -1.972595491679e-04    6.265802221606e-05
 144   -2.687033556867e-04   -2.518527071516e-05   -3.837322583422e-04    4.613783858076e-06   -2.752967120614e-04    4.907923721476e-05   -1.977072388399e-04    6.331953773042e-05
 145   -2.703494101297e-04   -2.465009129082e-05   -3.857250267174e-04    5.150382548891e-06   -2.768844424281e-04    4.837594678975e-05   -1.988214498851e-04    6.232161831576e-05
 146   -2.708821266424e-04   -2.466679870849e-05   -3.866867045872e-04    6.269425284700e-06   -2.792543091346e-04    4.700869976659e-05   -1.996545324801e-04    6.033134195604e-05
 147   -2.721757045947e-04   -2.460863652232e-05   -3.899928124156e-04    7.384521268250e-06   -2.835653722286e-04    4.722791709355e-05   -2.019158710027e-04    6.069715891499e-05
 148   -2.718008472584e-04   -2.544396193116e-05   -3.918914590031e-04    5.985514235363e-06   -2.848820586223e-04    4.643316060537e-05   -2.017231308855e-04    6.065633715480e-05
 149   -2.737696631812e-04   -2.579671127023e-05   -3.952468396164e-04    4.120077846892e-06   -2.853590121958e-04    4.693773371400e-05   -2.014764177147e-04    6.159961048979e-05
 150   -2.754823653959e-04   -2.652112925716e-05   -3.980915353168e-04    3.045845005545e-06   -2.856992359739e-04    4.606565926224e-05   -2.012441254919e-04    6.047816714272e-05
 151   -2.781044458970e-04   -2.741595744737e-05   -4.028496041428e-04    3.679815790747e-06   -2.887760929298e-04    4.618983803084e-05   -2.031256444752e-04    6.008529453538e-05
 152   -2.789811405819e-04   -2.829076220223e-05   -4.064573149662e-04    4.538974735624e-06   -2.917108358815e-04    4.502259616856e-05   -2.041293773800e-04    5.880800745217e-05
 153   -2.802460803650e-04   -2.859645064746e-05   -4.107120621484e-04    4.479088147491e-06   -2.949788176920e-04    4.546553464024e-05   -2.050344919553e-04    6.000271605444e-05
 154   -2.818093344104e-04   -2.864882844733e-05   -4.153126792517e-04    3.998670308647e-06   -2.964744053315e-04    4.495969551499e-05   -2.043516433332e-04    6.072435644455e-05
 155   -2.833964535967e-04   -2.952914837806e-05   -4.200779949315e-04    3.774085826080e-06   -2.982272126246e-04    4.430535045685e-05   -2.042236010311e-04    6.083138941904e-05
 156   -2.845521958079e-04   -3.051636122109e-05   -4.234334337525e-04    4.436535164132e-06   -3.002992016263e-04    4.288412674214e-05   -2.045532164630e-04    5.941768176854e-05
 157   -2.854234189726e-04   -3.106525036856e-05   -4.250455531292e-04    5.097765097162e-06   -3.032978274859e-04    4.308048301027e-05   -2.052595082205e-04    5.942210555077e-05
 158   -2.861662360374e-04   -3.070155798923e-05   -4.265628522262e-04    5.676563432644e-06   -3.070874954574e-04    4.455028829398e-05   -2.058865211438e-04    6.162180216052e-05
 159   -2.865929563995e-04   -3.181825377396e-05   -4.294730897527e-04    4.310123131290e-06   -3.098453453276e-04    4.543995601125e-05   -2.055125805782e-04    6.422982551157e-05
 160   -2.873673802242e-04   -3.293399640825e-05   -4.339686420280e-04    3.914255557902e-06   -3.121443151031e-04    4.417853415362e-05   -2.053498756140e-04    6.368733011186e-05
 161   -2.893592172768e-04   -3.388656477910e-05   -4.389248206280e-04    4.441319561010e-06   -3.139733744320e-04    4.237682151143e-05   -2.056342636934e-04    6.104321073508e-05
 162   -2.919240214396e-04   -3.361466951901e-05   -4.430824192241e-04    5.747940576839e-06   -3.151931159664e-04    4.233651270624e-05   -2.059770049527e-04    6.013274105499e-05
 163   -2.938504621852e-04   -3.337895395816e-05   -4.465208330657e-04    6.036565537215e-06   -3.161782224197e-04    4.444347723620e-05   -2.055690420093e-04    6.228469283087e-05
 164   -2.944017760456e-04   -3.433644451434e-05   -4.492524312809e-04    4.944719421474e-06   -3.177132748533e-04    4.663451545639e-05   -2.041693514911e-04    6.435889372369e-05
 165   -2.929145121016e-04   -3.539739554981e-05   -4.495681787375e-04    4.743172212329e-06   -3.203625965398e-04    4.496247129282e-05   -2.032303018495e-04    6.142553320387e-05
 166   -2.939809346572e-04   -3.462118183961e-05   -4.521722148638e-04    7.326132617891e-06   -3.227663110010e-04    4.176583752269e-05   -2.034629142145e-04    5.651484389091e-05
 167   -2.967210311908e-04   -3.330474646646e-05   -4.571307217702e-04    1.062087540049e-05   -3.240664373152e-04    3.993104837718e-05   -2.040382241830e-04    5.440367385745e-05
 168   -2.998662239406e-04   -3.365901284269e-05   -4.638997197617e-04    1.167257687484e-05   -3.257259959355e-04    4.143900878262e-05   -2.043667918770e-04    5.714061990147e-05
 169   -3.015501133632e-04   -3.474442928564e-05   -4.696169053204e-04    1.068738492904e-05   -3.285144048277e-04    4.273197555449e-05   -2.038180828094e-04    6.007588672219e-05
 170   -3.021888842341e-04   -3.691796155181e-05   -4.737231938634e-04    8.634810910735e-06   -3.313562483527e-04    4.308008647058e-05   -2.023534179898e-04    6.076569115976e-05
 171   -3.029973013327e-04   -3.772375202971e-05   -4.771214735229e-04    8.557999535697e-06   -3.323522978462e-04    4.167758379481e-05   -2.007306175074e-04    5.927572419751e-05
 172   -3.031896194443e-04   -3.808343899436e-05   -4.797652363777e-04    9.282591236115e-06   -3.335824294481e-04    4.090088259545e-05   -2.008674055105e-04    5.935420631431e-05
 173   -3.038563882001e-04   -3.756037767744e-05   -4.833898274228e-04    1.018909097183e-05   -3.360157425050e-04    4.069183705724e-05   -2.019455714617e-04    6.048431532690e-05
 174   -3.045165503863e-04   -3.680413647089e-05   -4.883176297881e-04    1.077093929780e-05   -3.415674436837e-04    4.076306868228e-05   -2.038060774794e-04    6.150820991024e-05
 175   -3.062564646825e-04   -3.825587555184e-05   -4.948137793690e-04    1.085011626856e-05   -3.448858333286e-04    4.155351052759e-05   -2.020657993853e-04    6.197651964612e-05
 176   -3.061243914999e-04   -4.068095586263e-05   -4.992767935619e-04    1.122808953369e-05   -3.454405814409e-04    4.132733010920e-05   -1.981548412004e-04    6.164459045976e-05
 177   -3.056319837924e-04   -4.179381357972e-05   -5.024810670875e-04    1.220874401042e-05   -3.453395329416e-04    3.972345075454e-05   -1.953168975888e-04    6.061309613870e-05
 178   -3.069240483455e-04   -4.231429920765e-05   -5.071926279925e-04    1.235905892827e-05   -3.487104550004e-04    3.898781869793e-05   -1.952867169166e-04    6.056411803002e-05
 179   -3.082529001404e-04   -4.037341568619e-05   -5.117047112435e-04    1.360717942589e-05   -3.538672171999e-04    3.661771552288e-05   -1.954089821083e-04    5.813745156047e-05
 180   -3.086476936005e-04   -4.110614827368e-05   -5.145656177774e-04    1.193819207401e-05   -3.570895059966e-04    3.794479562202e-05   -1.940455404110e-04    5.761375359725e-05
 181   -3.071450046264e-04   -4.209046892356e-05   -5.156085244380e-04    1.012173288473e-05   -3.570649423636e-04    3.906492565875e-05   -1.915083557833e-04    5.653259358951e-05
 182   -3.047874197364e-04   -4.432431524037e-05   -5.168117349967e-04    8.153201633831e-06   -3.589040425140e-04    3.991827179561e-05   -1.912956649903e-04    5.665338903782e-05
 183   -3.055126289837e-04   -4.656218516175e-05   -5.206402856857e-04    6.580492936337e-06   -3.622668737080e-04    4.038368933834e-05   -1.917903427966e-04    5.903541023144e-05
 184   -3.082340699621e-04   -4.743900353787e-05   -5.266567459330e-04    5.884869096917e-06   -3.662169328891e-04    3.986709270976e-05   -1.909531129058e-04    6.127063534223e-05
 185   -3.102229966316e-04   -4.919880302623e-05   -5.320677300915e-04    3.401358753763e-06   -3.675925254356e-04    4.060411447426e-05   -1.882535143523e-04    6.365065200953e-05
 186   -3.111347905360e-04   -4.930108116241e-05   -5.369108985178e-04    2.962785401905e-06   -3.680826921482e-04    3.949218080379e-05   -1.859707990661e-04    6.254220352275e-05
 187   -3.119212051388e-04   -5.112462167745e-05   -5.405581905507e-04    2.634497604959e-06   -3.688884899020e-04    4.011400596937e-05   -1.841371413320e-04    6.066691639717e-05
 188   -3.116902662441e-04   -5.048633465776e-05   -5.432840553112e-04    4.709708264272e-06   -3.738989762496e-04    3.866609768011e-05   -1.839885808295e-04    5.778593549621e-05
 189   -3.140374319628e-04   -5.185170812183e-05   -5.487091839314e-04    5.414060979092e-06   -3.757031809073e-04    3.785823355429e-05   -1.806081563700e-04    5.798210986541e-05
 190   -3.149971889798e-04   -5.333227090887e-05   -5.544123705477e-04    6.541091352119e-06   -3.762689011637e-04    3.505665517878e-05   -1.762227766449e-04    5.759799751104e-05
 191   -3.123111382592e-04   -5.631259773509e-05   -5.567268235609e-04    6.122943887021e-06   -3.771391347982e-04    3.416581603233e-05   -1.728664501570e-04    5.661953400704e-05
 192   -3.101993934251e-04   -5.829445581185e-05   -5.589819047600e-04    5.796433015348e-06   -3.793258802034e-04    3.583293437259e-05   -1.698185224086e-04    5.547507316805e-05
 193   -3.107460797764e-04   -5.901175245526e-05   -5.646204226650e-04    7.312373327295e-06   -3.823630104307e-04    3.853616362903e-05   -1.668432814768e-04    5.576016701525e-05
 194   -3.118380263913e-04   -6.014921382302e-05   -5.736964521930e-04    9.196498467645e-06   -3.853269445244e-04    3.980680048699e-05   -1.637567911530e-04    5.729181066272e-05
 195   -3.094807034358e-04   -6.249791476876e-05   -5.794555181637e-04    9.730869351188e-06   -3.889313666150e-04    3.825362364296e-05   -1.636196393520e-04    5.760147541878e-05
 196   -3.072293766309e-04   -6.637425394729e-05   -5.828578723595e-04    7.156421361287e-06   -3.902359458152e-04    3.809446207015e-05   -1.622061972739e-04    5.934072760283e-05
 197   -3.050753148273e-04   -6.586390372831e-05   -5.858183139935e-04    9.371305168315e-06   -3.931253741030e-04    3.634754830273e-05   -1.593518682057e-04    5.899067036808e-05
 198   -3.055680717807e-04   -6.603371002711e-05   -5.922912387177e-04    1.125217477238e-05   -3.969274985138e-04    3.676713822642e-05   -1.549298031023e-04    6.143477367004e-05
 199   -3.056924033444e-04   -6.861276779091e-05   -5.994414095767e-04    1.120383421949e-05   -4.011922574136e-04    3.778038080782e-05   -1.508607238065e-04    6.222240335774e-05
 200   -3.033785906155e-04   -6.970929825911e-05   -6.049564690329e-04    1.180530034617e-05   -4.038407350890e-04    3.697340071085e-05   -1.457427861169e-04    5.901497206651e-05
 201   -2.990920329466e-04   -7.443176582456e-05   -6.090208771639e-04    5.357804184314e-06   -4.054839664605e-04    3.973787897849e-05   -1.408484677086e-04    6.197362381499e-05
 202   -2.960468700621e-04   -7.499968342017e-05   -6.150377448648e-04    2.219966290795e-06   -4.082705709152e-04    3.897150600096e-05   -1.384375646012e-04    6.313355697785e-05
 203   -2.959331613965e-04   -7.652791100554e-05   -6.254332838580e-04   -6.171288191581e-08   -4.107577260584e-04    3.777549136430e-05   -1.341739553027e-04    6.232425948838e-05
 204   -2.923375286628e-04   -8.179633732652e-05   -6.282654358074e-04   -3.252348506066e-06   -4.158395749982e-04    3.883032331942e-05   -1.327327045146e-04    6.098205267335e-05
 205   -2.911501214840e-04   -7.900982745923e-05   -6.294103804976e-04    3.727005832843e-06   -4.167260194663e-04    3.319613097119e-05   -1.262504811166e-04    5.266096559353e-05
 206   -2.908898459282e-04   -7.802440813975e-05   -6.347466842271e-04    5.039168627263e-06   -4.163967969362e-04    3.083476622123e-05   -1.157063379651e-04    5.304266960593e-05
 207   -2.888849994633e-04   -8.101476851152e-05   -6.409585475922e-04    1.214025587615e-06   -4.194942594040e-04    3.303321864223e-05   -1.120327870012e-04    5.855840572622e-05
 208   -2.830840239767e-04   -8.471940964228e-05   -6.462991004810e-04   -3.182481805197e-06   -4.273996746633e-04    3.432380253798e-05   -1.142558830907e-04    6.029422365827e-05
 209   -2.796238404699e-04   -8.974926458905e-05   -6.510969251394e-04   -5.985452389723e-06   -4.330222436693e-04    3.528063825797e-05   -1.144088382716e-04    5.893429624848e-05
 210   -2.852861071005e-04   -9.007306653075e-05   -6.615796010010e-04    1.217267367792e-06   -4.292940429877e-04    3.229930007365e-05   -1.016928799800e-04    5.184414476389e-05
 211   -2.816868363880e-04   -9.242584928870e-05   -6.648338749073e-04    2.750762405412e-06   -4.337027494330e-04    3.282574471086e-05   -9.375539957546e-05    5.429819793790e-05
 212   -2.828521828633e-04   -9.059729200089e-05   -6.731855683029e-04    5.275422608975e-06   -4.318145511206e-04    2.833270809788e-05   -8.611923112767e-05    5.438466905616e-05
 213   -2.752577420324e-04   -9.599426266504e-05   -6.785615696572e-04    7.457052788595e-07   -4.364730266389e-04    2.827656680893e-05   -8.486994920531e-05    5.687230805052e-05
 214   -2.676420845091e-04   -1.024151788442e-04   -6.859162240289e-04   -1.003709371616e-06   -4.401863843668e-04    2.710206899792e-05   -7.842010381864e-05    5.307559695211e-05
 215   -2.650950918905e-04   -1.023424847517e-04   -6.882825982757e-04   -1.387649945173e-06   -4.393564595375e-04    2.313283039257e-05   -7.144707342377e-05    5.039486131864e-05
 216   -2.593058452476e-04   -9.966671495931e-05   -6.963241030462e-04    2.147703071387e-06   -4.430989210960e-04    2.140610376955e-05   -6.105696229497e-05    4.864239235758e-05
 217   -2.533875231165e-04   -1.020024647005e-04   -7.038418552838e-04   -2.806298482483e-07   -4.478295159061e-04    2.369434150751e-05   -5.623398101307e-05    5.330759813660e-05
 218   -2.493652282283e-04   -1.070701255230e-04   -7.101212977432e-04   -2.563616135376e-06   -4.529577272478e-04    2.303019755345e-05   -5.500909173861e-05    5.473120472743e-05
 219   -2.458058588672e-04   -1.101734305848e-04   -7.144411792979e-04   -2.218886038463e-06   -4.592317854986e-04    1.758860707923e-05   -5.079302354716e-05    5.149568823981e-05
 220   -2.461360127199e-04   -1.091985395760e-04   -7.240562117659e-04    7.592224733344e-07   -4.620184190571e-04    1.284117934119e-05   -3.838050542981e-05    4.797695874004e-05
 221   -2.385412808508e-04   -1.116019120673e-04   -7.307145278901e-04    1.207887407872e-06   -4.701142897829e-04    1.607838748896e-05   -2.960189158330e-05    4.865688242717e-05
 222   -2.391311136307e-04   -1.137819999713e-04   -7.395769353025e-04    2.264333261337e-06   -4.714628448710e-04    1.627070014365e-05   -2.410124943708e-05    4.622025880963e-05
 223   -2.379081706749e-04   -1.170369068859e-04   -7.418789900839e-04    5.197736072660e-07   -4.781543393619e-04    1.249478100362e-05   -2.872945151466e-05    4.541095040622e-05
 224   -2.408238651697e-04   -1.225107407663e-04   -7.635905640200e-04    1.307582351728e-06   -4.783432232216e-04    1.191741648654e-05   -8.896719918994e-06    4.232158244122e-05
 225   -2.399222430540e-04   -1.204791478813e-04   -7.761759334244e-04    5.447114745039e-06   -4.767721402459e-04    9.071296517504e-06    8.385854926019e-06    3.668851059047e-05
 226   -2.287612733198e-04   -1.201126433443e-04   -7.746335468255e-04    1.149553099822e-06   -4.798412264790e-04    9.881605365081e-06    1.358264489681e-05    3.943734918721e-05
 227   -2.148457570001e-04   -1.248761109309e-04   -7.756866398267e-04   -1.466360913582e-06   -4.859906330239e-04    1.224939296662e-05    1.755039193085e-05    4.233980871504e-05
 228   -2.023212146014e-04   -1.372009137413e-04   -7.875652518123e-04   -6.479750027211e-06   -4.921736544929e-04    1.814843017200e-05    2.962250800920e-05    4.865298615186e-05
 229   -1.921791699715e-04   -1.392510894220e-04   -7.951816660352e-04   -9.715631676954e-06   -4.958669305779e-04    1.380453977617e-05    4.128052751184e-05    5.179706568015e-05
 230   -1.851552660810e-04   -1.445333764423e-04   -8.054560748860e-04   -1.202337080031e-05   -4.946961998940e-04    1.589624844200e-05    6.099147503846e-05    5.263665661914e-05
 231   -1.789638772607e-04   -1.492705778219e-04   -8.144284947775e-04   -1.056479868566e-05   -4.946339176968e-04    1.873420842458e-05    7.651370833628e-05    5.225549830357e-05
 232   -1.739468571031e-04   -1.546212006360e-04   -8.280075271614e-04   -7.466051101801e-06   -4.974144976586e-04    2.153714194719e-05    8.720100595383e-05    5.371315637603e-05
 233   -1.681360008661e-04   -1.591934415046e-04   -8.350674179383e-04   -6.784924607928e-06   -5.022104596719e-04    2.034331009781e-05    8.669668022776e-05    5.394364052336e-05
 234   -1.674695813563e-04   -1.632690982660e-04   -8.595724357292e-04   -7.673203981540e-06   -4.974399344064e-04    1.639952643018e-05    1.114901169785e-04    4.942813757225e-05
 235   -1.528410939500e-04   -1.701397704892e-04   -8.655841811560e-04   -1.105392220779e-05   -5.027820589021e-04    1.452465039620e-05    1.284175086766e-04    4.552183236228e-05
 236   -1.322801399510e-04   -1.829564571381e-04   -8.790983702056e-04   -1.023092227115e-05   -5.163541645743e-04    2.172706081183e-05    1.513173920102e-04    4.245678428560e-05
 237   -1.285444304813e-04   -1.751261734171e-04   -8.846796699800e-04   -2.398338665444e-06   -5.174700054340e-04    1.353193965770e-05    1.551059976919e-04    3.635516259237e-05
 238   -1.277958654100e-04   -1.664962182986e-04   -9.015816031024e-04    1.164383138530e-05   -5.144582828507e-04    8.092833013507e-06    1.677770778770e-04    2.699019387364e-05
 239   -1.095011684811e-04   -1.721252192510e-04   -9.118761518039e-04    1.656556742091e-05   -5.216102581471e-04    1.433361558156e-05    1.882716023829e-04    2.840337583621e-05
 240   -9.705508273328e-05   -1.707185874693e-04   -9.112178813666e-04    2.009165655181e-05   -5.195873673074e-04    1.010281084746e-05    2.084067091346e-04    3.076356370002e-05
 241   -7.948387792567e-05   -1.747775677359e-04   -9.127553785220e-04    1.984400114452e-05   -5.249631940387e-04    1.059786336555e-05    2.235628489871e-04    3.118261520285e-05
 242   -6.667221896350e-05   -1.710879296297e-04   -9.210371063091e-04    2.156920345442e-05   -5.296763265505e-04    2.133012060312e-07    2.320120693184e-04    2.240225876449e-05
 243   -5.546051761485e-05   -1.718820421956e-04   -9.279876830988e-04    1.871221684269e-05   -5.323399673216e-04   -1.137543222285e-05    2.402125683147e-04    1.797038021323e-05
 244   -3.108755845460e-05   -1.919915957842e-04   -9.433815721422e-04    1.388825148751e-05   -5.467982846312e-04   -4.219386937621e-06    2.673740091268e-04    2.149401007046e-05
 245   -8.433034054178e-06   -1.970471203094e-04   -9.470793884248e-04    9.258468708140e-06   -5.611511878669e-04   -3.967965312768e-06    2.830083249137e-04    2.786601726257e-05
 246   -4.660584636440e-06   -1.945594558492e-04   -9.614906739444e-04    1.201937720907e-05   -5.569551722147e-04   -6.794756700401e-06    2.974650997203e-04    2.160086114600e-05
 247    9.279916412197e-06   -2.125242899638e-04   -9.820157429203e-04   -2.049006155858e-07   -5.610139924102e-04    2.059608277705e-06    3.114615392406e-04    2.545506868046e-05
 248    3.315107096569e-05   -2.314433513675e-04   -1.000763266347e-03   -5.147519914317e-06   -5.743009969592e-04    3.839501914626e-06    3.306370927021e-04    2.864356792998e-05
 249    4.498804628383e-05   -2.445042191539e-04   -1.022010110319e-03   -2.881928821807e-06   -5.789118004031e-04    4.623315362551e-06    3.634490130935e-04    3.434710379224e-05
 250    6.035472324584e-05   -2.432926703477e-04   -1.030887709931e-03    7.809623639332e-06   -5.899848183617e-04    1.591245677446e-06    3.854215610772e-04    3.108827877440e-05
 251    7.562611426692e-05   -2.586174232420e-04   -1.054645050317e-03   -1.366838546346e-06   -5.998088163324e-04    1.498626625107e-05    4.128105356358e-04    3.769467002712e-05
 252    8.605388575234e-05   -2.649581001606e-04   -1.056649023667e-03   -1.088065437216e-05   -6.015158141963e-04    1.280988271901e-05    4.118254582863e-04    3.921623283532e-05
 253    1.035491877701e-04   -2.778179477900e-04   -1.067525241524e-03   -1.917949157360e-05   -6.057287682779e-04    1.477639762015e-05    4.266865435056e-04    4.379552410683e-05
 254    1.234846713487e-04   -2.861571265385e-04   -1.082711620256e-03   -1.363413321087e-05   -6.124632782303e-04    1.296621394431e-05    4.536144260783e-04    3.706108691404e-05
 255    1.388583914377e-04   -2.879225066863e-04   -1.098052016459e-03   -7.826910405129e-06   -6.159879849292e-04    3.858551281155e-06    4.805510398000e-04    2.599753315735e-05
 256    1.518258213764e-04   -3.012951638084e-04   -1.123781665228e-03   -8.987178262032e-06   -6.157548632473e-04    4.571853423840e-06    5.149655626155e-04    1.878510738607e-05
 257    1.665324234637e-04   -3.059605369344e-04   -1.133754500188e-03   -3.384570391063e-06   -6.154133589007e-04   -1.990078544623e-06    5.354036111385e-04    9.830711860559e-06
 258    2.010849711951e-04   -3.329196479172e-04   -1.151175238192e-03   -1.147914917965e-05   -6.323026027530e-04    1.710346441541e-05    5.682463524863e-04    2.069756556011e-05
 259    2.129149506800e-04   -3.309557214379e-04   -1.166440546513e-03   -1.132114994107e-05   -6.247078417800e-04    7.619229108968e-06    5.990711506456e-04    2.131530527549e-05
 260    2.496480883565e-04   -3.429468488321e-04   -1.185704488307e-03   -1.545170925965e-05   -6.415922543965e-04    8.485219041177e-06    6.318279192783e-04    1.953466562554e-05
 261    2.846413990483e-04   -3.633924643509e-04   -1.205312553793e-03   -1.489539135946e-05   -6.619885098189e-04    1.823533239076e-05    6.639175699092e-04    1.426605285815e-05
 262    2.972403599415e-04   -3.639565838967e-04   -1.215916359797e-03   -8.532800165995e-06   -6.610002019443e-04    1.193864409288e-05    6.882649613544e-04    9.825319466472e-06
 263    3.196978068445e-04   -3.752471529879e-04   -1.228774315678e-03   -5.326033715392e-06   -6.642656517215e-04    1.659590634517e-05    7.148268632591e-04    1.175679881271e-05
 264    3.542095364537e-04   -3.811808128376e-04   -1.248938497156e-03   -5.682980827260e-06   -6.709105800837e-04    1.015342058963e-05    7.511814474128e-04    1.029198938340e-05
 265    3.856302355416e-04   -3.997144231107e-04   -1.267319428734e-03   -1.350443835690e-05   -6.738959928043e-04    1.325133325736e-05    7.890493143350e-04    1.318738395639e-05
 266    4.147292638663e-04   -4.156889335718e-04   -1.288914470933e-03   -1.210735536006e-05   -6.851574871689e-04    1.791373324522e-05    8.279563626274e-04    1.323138985754e-05
 267    4.399457538966e-04   -4.224915464874e-04   -1.310142804869e-03   -2.317930466234e-06   -6.948226946406e-04    1.337458434136e-05    8.595015387982e-04    8.411747330683e-06
 268    4.794396227226e-04   -4.431543929968e-04   -1.342928851955e-03   -3.044204731850e-06   -7.090636645444e-04    1.540532684885e-05    8.996094111353e-04    4.017657829536e-06
 269    5.101490532979e-04   -4.541208909359e-04   -1.368886791170e-03   -9.231264812115e-06   -7.074581226334e-04    6.021935405442e-06    9.369824547321e-04   -2.082815626636e-06
 270    5.492425407283e-04   -4.712229128927e-04   -1.397908898070e-03   -1.065580181603e-05   -7.207966991700e-04    1.127936866396e-05    9.825135348365e-04   -1.978930413316e-06
 271    5.760614294559e-04   -4.819726746064e-04   -1.409467193298e-03   -8.554296471175e-08   -7.317817071453e-04    1.750423143676e-05    1.009968458675e-03    2.589530140540e-06
 272    6.177118630148e-04   -4.995595081709e-04   -1.437426079065e-03    1.290728232561e-05   -7.509244023822e-04    1.963004615391e-05    1.051156083122e-03   -2.819278051902e-06
 273    6.565626244992e-04   -5.209011724219e-04   -1.463847351260e-03    4.487200840231e-06   -7.512067677453e-04    1.217215140059e-05    1.096747117117e-03   -7.310194632737e-06
 274    6.699969526380e-04   -5.285619990900e-04   -1.486389897764e-03   -3.574337142709e-06   -7.244159933180e-04   -3.987147010776e-06    1.147105009295e-03   -1.358372537652e-05
 275    7.164234993979e-04   -5.424917908385e-04   -1.509958994575e-03   -2.059151938738e-06   -7.431977428496e-04    6.889687938383e-06    1.202635350637e-03   -7.155069852161e-06
 276    7.424259674735e-04   -5.467575974762e-04   -1.528460648842e-03    1.934762440214e-05   -7.515018223785e-04    1.790910391719e-05    1.242051483132e-03   -1.085602434614e-05
 277    7.789225201122e-04   -5.459194653668e-04   -1.559319789521e-03    3.346844823682e-05   -7.571058231406e-04    5.767110451416e-06    1.287811668590e-03   -1.999471533054e-05
 278    8.403683314100e-04   -5.848533473909e-04   -1.580873271450e-03    1.479027741880e-05   -7.668122416362e-04    1.918045200000e-05    1.337340101600e-03   -2.488499376341e-05
 279    8.973284857348e-04   -6.065919296816e-04   -1.604724326171e-03    1.079117373592e-05   -7.758673746139e-04    1.280942615267e-05    1.397664542310e-03   -3.396031752345e-05
 280    9.316714713350e-04   -6.021646549925e-04   -1.608750666492e-03    2.174845758418e-05   -7.797695579939e-04   -1.862082740445e-06    1.435385667719e-03   -3.637901681941e-05
 281    9.747080039233e-04   -6.113724084571e-04   -1.658113556914e-03    3.604169251048e-05   -7.990882149898e-04    7.316241408262e-06    1.501135993749e-03   -3.444209505687e-05
 282    1.024637487717e-03   -6.287311553024e-04   -1.703065354377e-03    3.740525062312e-05   -8.230961975642e-04    1.059565147443e-05    1.550994929858e-03   -3.442223533057e-05
 283    1.052769133821e-03   -6.490197265521e-04   -1.729001756757e-03    2.317386133655e-05   -8.217931026593e-04   -2.661286998773e-06    1.589893130586e-03   -3.679218207253e-05
 284    1.123347668909e-03   -6.917931605130e-04   -1.743296277709e-03    6.505824330816e-06   -8.593957754783e-04   -3.610790827224e-06    1.633272040635e-03   -4.063480082550e-05
 285    1.190010807477e-03   -7.312337402254e-04   -1.769061898813e-03   -5.841013148711e-07   -8.863777038641e-04    2.677344809854e-06    1.699503161944e-03   -4.358486694400e-05
 286    1.224469975568e-03   -7.452662102878e-04   -1.799124060199e-03    3.549511802703e-06   -8.759520715103e-04    5.432214493339e-06    1.772376941517e-03   -4.502476076595e-05
 287    1.253981608897e-03   -7.608938612975e-04   -1.835204893723e-03    5.816808084091e-07   -8.620906737633e-04    1.752585558279e-05    1.850470667705e-03   -3.124736758764e-05
 288    1.316064968705e-03   -7.875828305259e-04   -1.869714003988e-03    3.429555363255e-06   -8.807375561446e-04    2.802156268444e-05    1.922711962834e-03   -2.721975397435e-05
 289    1.404231879860e-03   -8.198663708754e-04   -1.887720427476e-03    1.242973303306e-05   -9.237094200216e-04    2.228786615888e-05    1.974046928808e-03   -4.401940532262e-05
 290    1.458028913476e-03   -8.413038449362e-04   -1.910375431180e-03    2.378369026701e-05   -9.338368545286e-04    6.244868018257e-06    2.028571907431e-03   -7.249354530359e-05
 291    1.505630905740e-03   -8.556388202123e-04   -1.937473425642e-03    3.029072286154e-05   -9.449181961827e-04    2.936731789305e-06    2.094249241054e-03   -9.151296399068e-05
 292    1.556549686939e-03   -8.549409103580e-04   -1.958384411409e-03    4.008980613435e-05   -9.573666611686e-04   -2.724033492996e-06    2.159714000300e-03   -1.008754479699e-04
 293    1.650582998991e-03   -8.832046296448e-04   -1.979575958103e-03    3.699984154082e-05   -9.925500489771e-04    4.023075234727e-06    2.225917298347e-03   -9.430006321054e-05
 294    1.726104645059e-03   -9.147727396339e-04   -2.009960124269e-03    4.062335938215e-05   -9.974659187719e-04   -5.806480203319e-06    2.289547119290e-03   -9.983398194890e-05
 295    1.797535689548e-03   -9.440854191780e-04   -2.049967413768e-03    4.924890163238e-05   -1.007396494970e-03   -1.367891582049e-05    2.361708553508e-03   -1.060794384102e-04
 296    1.873261178844e-03   -9.698707144707e-04   -2.078909892589e-03    6.124308129074e-05   -1.037475187331e-03   -8.476390576106e-06    2.435734961182e-03   -1.077686392819e-04
 297    1.935994951054e-03   -9.811923373491e-04   -2.093469491228e-03    6.352782656904e-05   -1.051790895872e-03   -1.336699097010e-05    2.514019375667e-03   -1.025492383633e-04
 298    2.029085764661e-03   -1.010788604617e-03   -2.114347880706e-03    5.491232514032e-05   -1.083574257791e-03   -1.044596228894e-05    2.594889141619e-03   -9.979342576116e-05
 299    2.102262573317e-03   -1.038617687300e-03   -2.150618005544e-03    5.209019218455e-05   -1.091465936042e-03   -1.578790033818e-05    2.666214248165e-03   -1.059522692231e-04
 300    2.161839976907e-03   -1.062405644916e-03   -2.195219742134e-03    6.384555308614e-05   -1.093343133107e-03   -1.934267311299e-05    2.740083960816e-03   -1.134970807470e-04
 301    2.221107482910e-03   -1.094088540412e-03   -2.235281048343e-03    7.986972923391e-05   -1.104957540520e-03   -5.715350653190e-06    2.826898824424e-03   -1.091613230528e-04
 302    2.299858024344e-03   -1.138589112088e-03   -2.278097672388e-03    9.218976629199e-05   -1.138999010436e-03    1.632932435314e-05    2.926826244220e-03   -1.048933772836e-04
 303    2.363597974181e-03   -1.174460514449e-03   -2.325730863959e-03    9.935538400896e-05   -1.158098340966e-03    9.102131116379e-06    3.015943802893e-03   -1.195781951537e-04
 304    2.436396200210e-03   -1.212024712004e-03   -2.374847885221e-03    9.856302494882e-05   -1.175147714093e-03   -8.558880836063e-06    3.098354907706e-03   -1.387150114169e-04
 305    2.510201418772e-03   -1.253224676475e-03   -2.417290583253e-03    1.043615193339e-04   -1.185948378406e-03   -6.365354693116e-06    3.187308087945e-03   -1.435071171727e-04
 306    2.585395006463e-03   -1.282425131649e-03   -2.464491408318e-03    1.245783205377e-04   -1.201265724376e-03    5.606107151834e-06    3.286860650405e-03   -1.447817194276e-04
 307    2.655385527760e-03   -1.307946862653e-03   -2.523624571040e-03    1.309080544161e-04   -1.216038712300e-03   -2.442553977744e-06    3.385909367353e-03   -1.561063691042e-04
 308    2.726858714595e-03   -1.338858855888e-03   -2.573974896222e-03    1.235164818354e-04   -1.228168373927e-03   -4.125016130274e-05    3.474708879367e-03   -1.842827768996e-04
 309    2.831045538187e-03   -1.397595391609e-03   -2.593874232844e-03    1.041866489686e-04   -1.257562660612e-03   -6.303392001428e-05    3.559423144907e-03   -1.928741403390e-04
 310    2.955548698083e-03   -1.464702771045e-03   -2.613197779283e-03    1.064094685717e-04   -1.307429745793e-03   -4.212484782329e-05    3.650395432487e-03   -1.850415865192e-04
 311    3.042970085517e-03   -1.500257756561e-03   -2.674093702808e-03    1.128530493588e-04   -1.322497962974e-03   -2.442592085572e-05    3.758887527511e-03   -1.738844002830e-04
 312    3.121226793155e-03   -1.520222984254e-03   -2.760907402262e-03    1.026815516525e-04   -1.326625468209e-03   -3.688870856422e-05    3.880910109729e-03   -1.776555727702e-04
 313    3.195874858648e-03   -1.556596835144e-03   -2.810246311128e-03    8.646456262795e-05   -1.319570117630e-03   -6.388485053321e-05    3.998184110969e-03   -1.947138953255e-04
 314    3.305382095277e-03   -1.622569048777e-03   -2.815656829625e-03    9.764065907802e-05   -1.349625876173e-03   -5.972402141197e-05    4.107906017452e-03   -2.191822277382e-04
 315    3.396921791136e-03   -1.686212955974e-03   -2.825913252309e-03    1.310754305450e-04   -1.370352925733e-03   -2.913983189501e-05    4.209863953292e-03   -2.336027973797e-04
 316    3.491837531328e-03   -1.730982912704e-03   -2.883892506361e-03    1.562090183143e-04   -1.392930862494e-03   -1.279322532355e-05    4.316888749599e-03   -2.425863640383e-04
 317    3.578415140510e-03   -1.770411501639e-03   -2.963860984892e-03    1.533769682283e-04   -1.392118167132e-03   -2.990340362885e-05    4.428505897522e-03   -2.496493689250e-04
 318    3.681568894535e-03   -1.815314637497e-03   -3.014611080289e-03    1.444417866878e-04   -1.395966392010e-03   -6.097875666455e-05    4.539113491774e-03   -2.676006406546e-04
 319    3.802749095485e-03   -1.867310726084e-03   -3.040665993467e-03    1.524258113932e-04   -1.423076028004e-03   -6.626259710174e-05    4.649765323848e-03   -2.863574773073e-04
 320    3.927948884666e-03   -1.908055390231e-03   -3.072563791648e-03    1.769117661752e-04   -1.466276007704e-03   -5.506223169505e-05    4.761447198689e-03   -3.019954019692e-04
 321    4.019778221846e-03   -1.942669274285e-03   -3.118879860267e-03    1.844921207521e-04   -1.481451676227e-03   -6.119540194049e-05    4.864819813520e-03   -3.118327294942e-04
 322    4.129684064537e-03   -2.009022980928e-03   -3.192859003320e-03    1.686600153334e-04   -1.516824704595e-03   -6.776821828680e-05    4.980134777725e-03   -3.199404745828e-04
 323    4.216222558171e-03   -2.080073114485e-03   -3.266221377999e-03    1.577094226377e-04   -1.534361159429e-03   -8.277141751023e-05    5.101250484586e-03   -3.329294268042e-04
 324    4.322159569710e-03   -2.142956946045e-03   -3.318856237456e-03    1.668810582487e-04   -1.561530400068e-03   -8.170883666025e-05    5.230895709246e-03   -3.426562470850e-04
 325    4.445462953299e-03   -2.190770348534e-03   -3.341422881931e-03    1.698488340480e-04   -1.585499150679e-03   -6.174878944876e-05    5.361343733966e-03   -3.343088901602e-04
 326    4.568019416183e-03   -2.229540143162e-03   -3.349987789989e-03    1.664795418037e-04   -1.599750015885e-03   -5.142207373865e-05    5.484489724040e-03   -3.367966273800e-04
 327    4.697630647570e-03   -2.293839817867e-03   -3.381642047316e-03    1.579137897352e-04   -1.629211474210e-03   -5.290282933856e-05    5.601803772151e-03   -3.587508981582e-04
 328    4.818900953978e-03   -2.371010836214e-03   -3.444265574217e-03    1.458986225771e-04   -1.673170831054e-03   -7.114766049199e-05    5.710757337511e-03   -3.832733782474e-04
 329    4.941770806909e-03   -2.434205962345e-03   -3.501971717924e-03    1.356112043140e-04   -1.714544137940e-03   -8.810462895781e-05    5.815845914185e-03   -3.967323573306e-04
 330    5.057442467660e-03   -2.472983673215e-03   -3.545818384737e-03    1.327163045062e-04   -1.730674412102e-03   -9.461599984206e-05    5.936902482063e-03   -4.103440151084e-04
 331    5.186355207115e-03   -2.522052265704e-03   -3.582522971556e-03    1.426133676432e-04   -1.748265000060e-03   -8.610522490926e-05    6.067278329283e-03   -4.358952573966e-04
 332    5.299097858369e-03   -2.570297569036e-03   -3.643081057817e-03    1.660004199948e-04   -1.762499916367e-03   -1.053982123267e-04    6.201237905771e-03   -4.715637769550e-04
 333    5.412552505732e-03   -2.640537917614e-03   -3.714293008670e-03    1.715873950161e-04   -1.791268819943e-03   -1.143746121670e-04    6.333373952657e-03   -4.816143482458e-04
 334    5.535265896469e-03   -2.696521347389e-03   -3.761315718293e-03    1.706501498120e-04   -1.826652325690e-03   -1.139524101745e-04    6.461988203228e-03   -4.743776808027e-04
 335    5.654509179294e-03   -2.738841343671e-03   -3.770246170461e-03    1.660223060753e-04   -1.837814808823e-03   -1.117302817875e-04    6.583075504750e-03   -4.724819737021e-04
 336    5.813128314912e-03   -2.794723492116e-03   -3.789099631831e-03    1.742730673868e-04   -1.871866174042e-03   -1.145507121691e-04    6.713140755892e-03   -4.963493556716e-04
 337    5.948334466666e-03   -2.860189881176e-03   -3.844100050628e-03    1.922812080011e-04   -1.886600744911e-03   -1.356514403597e-04    6.859879009426e-03   -5.276881856844e-04
 338    6.075567565858e-03   -2.929879585281e-03   -3.907048609108e-03    2.082784048980e-04   -1.908014062792e-03   -1.504646206740e-04    7.019693497568e-03   -5.521363345906e-04
 339    6.171199958771e-03   -2.975210081786e-03   -3.942051902413e-03    2.240555913886e-04   -1.919592963532e-03   -1.676075771684e-04    7.161407265812e-03   -5.732674617320e-04
 340    6.296975072473e-03   -3.018331946805e-03   -3.963679075241e-03    2.523944131099e-04   -1.967950258404e-03   -1.648683537496e-04    7.289459463209e-03   -6.065483903512e-04
 341    6.424197927117e-03   -3.086806042120e-03   -4.006497096270e-03    2.857701620087e-04   -2.005937742069e-03   -1.448458206141e-04    7.431992795318e-03   -6.483019096777e-04
 342    6.567672826350e-03   -3.190630814061e-03   -4.071877803653e-03    2.988967171405e-04   -2.050104783848e-03   -1.141451284639e-04    7.597291376442e-03   -6.820309208706e-04
 343    6.681718397886e-03   -3.305118763819e-03   -4.106307867914e-03    2.685188665055e-04   -2.066733548418e-03   -8.846478158375e-05    7.733774837106e-03   -6.904336041771e-04
 344    6.835408043116e-03   -3.389009973034e-03   -4.111815243959e-03    2.485210134182e-04   -2.132137771696e-03   -8.747175888857e-05    7.830423302948e-03   -7.005039951764e-04
 345    6.955424789339e-03   -3.448995063081e-03   -4.133696202189e-03    2.661532198545e-04   -2.172265667468e-03   -1.078787609003e-04    7.928377017379e-03   -7.286794134416e-04
 346    7.074469700456e-03   -3.524882718921e-03   -4.208881407976e-03    2.905846922658e-04   -2.204269636422e-03   -1.302106247749e-04    8.075025863945e-03   -7.774592377245e-04
 347    7.184832822531e-03   -3.626780584455e-03   -4.299749620259e-03    2.582775487099e-04   -2.207263605669e-03   -1.465282111894e-04    8.238626644015e-03   -8.087427704595e-04
 348    7.374515291303e-03   -3.725591581315e-03   -4.354799166322e-03    1.895762106869e-04   -2.263584872708e-03   -1.542213867651e-04    8.356946520507e-03   -8.185729384422e-04
 349    7.540536578745e-03   -3.772780764848e-03   -4.365187138319e-03    1.512075832579e-04   -2.298267558217e-03   -1.724956382532e-04    8.428464643657e-03   -8.315552258864e-04
 350    7.664554286748e-03   -3.809368237853e-03   -4.399990662932e-03    1.762289321050e-04   -2.333535579965e-03   -1.695310784271e-04    8.537721820176e-03   -8.760149357840e-04
 351    7.744408678263e-03   -3.870598739013e-03   -4.470746032894e-03    2.208363148384e-04   -2.358387457207e-03   -1.448709226679e-04    8.704535663128e-03   -9.332115296274e-04
 352    7.817827165127e-03   -3.960525617003e-03   -4.560193512589e-03    2.435007772874e-04   -2.369327237830e-03   -1.307324855588e-04    8.877207525074e-03   -9.759088279679e-04
 353    7.913478650153e-03   -4.056007135659e-03   -4.632167052478e-03    2.423404075671e-04   -2.369811525568e-03   -1.518307835795e-04    9.003102779388e-03   -9.980440372601e-04
 354    8.034178055823e-03   -4.147762432694e-03   -4.684029147029e-03    2.494767541066e-04   -2.386050764471e-03   -1.794226991478e-04    9.108441881835e-03   -1.024316065013e-03
 355    8.139635436237e-03   -4.240463022143e-03   -4.706340376288e-03    2.590969670564e-04   -2.403968712315e-03   -1.771567331161e-04    9.225570596755e-03   -1.060762093402e-03
 356    8.262039162219e-03   -4.322608001530e-03   -4.716478753835e-03    2.682465128601e-04   -2.463733078912e-03   -1.605042343726e-04    9.350016713142e-03   -1.102576730773e-03
 357    8.372067473829e-03   -4.390140064061e-03   -4.731562919915e-03    2.848720178008e-04   -2.506386721507e-03   -1.766568602761e-04    9.451588615775e-03   -1.147553557530e-03
 358    8.485152386129e-03   -4.469666630030e-03   -4.768623970449e-03    3.131658304483e-04   -2.537859603763e-03   -2.170441002818e-04    9.547067806125e-03   -1.193784293719e-03
 359    8.583076298237e-03   -4.555851686746e-03   -4.794368520379e-03    3.304461715743e-04   -2.556448336691e-03   -2.439069212414e-04    9.639244526625e-03   -1.230736495927e-03
 360    8.689973503351e-03   -4.632244817913e-03   -4.824131261557e-03    3.175188612659e-04   -2.608780749142e-03   -2.389874280198e-04    9.746370837092e-03   -1.253414666280e-03
 361    8.790839463472e-03   -4.688076674938e-03   -4.875389393419e-03    2.923175634351e-04   -2.673467155546e-03   -2.322825894225e-04    9.842929430306e-03   -1.264260266908e-03
 362    8.869579993188e-03   -4.723986610770e-03   -4.957261495292e-03    2.924513246398e-04   -2.701693912968e-03   -2.655179705471e-04    9.932679124177e-03   -1.284896512516e-03
 363    8.943093009293e-03   -4.805120639503e-03   -5.027434322983e-03    3.225626423955e-04   -2.695296192542e-03   -2.842802787200e-04    1.004274748266e-02   -1.321922522038e-03
 364    9.049301035702e-03   -4.912230651826e-03   -5.060419440269e-03    3.593992441893e-04   -2.710695378482e-03   -2.785598044284e-04    1.017599273473e-02   -1.380339730531e-03
 365    9.168391115963e-03   -4.994535818696e-03   -5.071955733001e-03    3.644373209681e-04   -2.757196081802e-03   -2.815109619405e-04    1.029313635081e-02   -1.429637311958e-03
 366    9.285429492593e-03   -5.015086848289e-03   -5.107186734676e-03    3.581592754927e-04   -2.832302358001e-03   -3.277629730292e-04    1.038059778512e-02   -1.461899140850e-03
 367    9.350957348943e-03   -5.039924755692e-03   -5.177914630622e-03    3.588476683944e-04   -2.868963871151e-03   -3.518818994053e-04    1.047771610320e-02   -1.469871611334e-03
 368    9.384795092046e-03   -5.107265431434e-03   -5.246350541711e-03    3.709808515850e-04   -2.866920083761e-03   -3.374225052539e-04    1.059208717197e-02   -1.491561532021e-03
 369    9.445583447814e-03   -5.207304377109e-03   -5.280463956296e-03    3.708981676027e-04   -2.870313357562e-03   -3.147581883240e-04    1.067897304893e-02   -1.541265752167e-03
 370    9.548562578857e-03   -5.266671068966e-03   -5.307458806783e-03    3.806574968621e-04   -2.914150943980e-03   -3.397769178264e-04    1.073208544403e-02   -1.615901361220e-03
 371    9.605534374714e-03   -5.293156951666e-03   -5.362906027585e-03    4.147200379521e-04   -2.948113484308e-03   -3.826783504337e-04    1.079302746803e-02   -1.668914570473e-03
 372    9.619297459722e-03   -5.390388425440e-03   -5.445824470371e-03    4.440047778189e-04   -2.974484814331e-03   -3.495037381072e-04    1.089388132095e-02   -1.665887772106e-03
 373    9.608019143343e-03   -5.577779840678e-03   -5.519078578800e-03    4.298684943933e-04   -2.980976598337e-03   -2.731309505180e-04    1.098838821054e-02   -1.646838034503e-03
 374    9.663328528404e-03   -5.764111410826e-03   -5.547760985792e-03    3.769705945160e-04   -3.032678971067e-03   -2.592020900920e-04    1.101651787758e-02   -1.674113911577e-03
 375    9.752265177667e-03   -5.852156318724e-03   -5.549944937229e-03    3.455816186033e-04   -3.090990707278e-03   -3.417033003643e-04    1.101569458842e-02   -1.768594840541e-03
 376    9.808225557208e-03   -5.888674408197e-03   -5.581429693848e-03    3.612628788687e-04   -3.125543938950e-03   -4.088119312655e-04    1.104543823749e-02   -1.860483549535e-03
 377    9.799034334719e-03   -5.943370983005e-03   -5.659595597535e-03    3.858684503939e-04   -3.115545492619e-03   -3.773614589591e-04    1.111207343638e-02   -1.885790145025e-03
 378    9.775599464774e-03   -6.011023186147e-03   -5.757864098996e-03    4.044507513754e-04   -3.135393606499e-03   -3.103693597950e-04    1.117163337767e-02   -1.884574652649e-03
