#
#  k,  E_varmin,  E - E_var,  E,  E + E_var
# averaged of total time steps of =    8000000
   1  0.6430087491215E-08  0.5647466120780E-08  0.6429462250997E-08  0.7211458381215E-08
   2  0.1070611031166E-05  0.1029608553581E-05  0.1070754207472E-05  0.1111899861362E-05
   3  0.2295548128488E-05  0.2233171788252E-05  0.2296274206049E-05  0.2359376623847E-05
   4  0.1858273228660E-05  0.1815105973123E-05  0.1859322056839E-05  0.1903538140554E-05
   5  0.5921780209709E-06  0.5766874774881E-06  0.5931762522541E-06  0.6096650270202E-06
   6  0.2480255253806E-06  0.2354419199559E-06  0.2478702527117E-06  0.2602985854675E-06
   7  0.9793781683041E-06  0.9432222530836E-06  0.9790938676603E-06  0.1014965482237E-05
   8  0.1457557153079E-05  0.1405990975134E-05  0.1457844282063E-05  0.1509697588993E-05
   9  0.9475244243307E-06  0.9000266100020E-06  0.9483181868056E-06  0.9966097636091E-06
  10  0.2593148550518E-06  0.2349507808668E-06  0.2594917973779E-06  0.2840328138891E-06
  11  0.3210113569190E-06  0.2967422026093E-06  0.3208373986626E-06  0.3449325947159E-06
  12  0.7992972722634E-06  0.7509216628401E-06  0.8000489562237E-06  0.8491762496073E-06
  13  0.1029668841906E-05  0.9688922477107E-06  0.1031416568433E-05  0.1093940889156E-05
  14  0.1148289918914E-05  0.1078068843010E-05  0.1150871073406E-05  0.1223673303801E-05
  15  0.1237994718827E-05  0.1170342764166E-05  0.1241480709950E-05  0.1312618655734E-05
  16  0.9151800271646E-06  0.8603834606874E-06  0.9189673227726E-06  0.9775511848578E-06
  17  0.4587530411223E-06  0.4170900656719E-06  0.4613156661626E-06  0.5055412666533E-06
  18  0.5524145651874E-06  0.4981171901706E-06  0.5530397016743E-06  0.6079622131781E-06
  19  0.9443280616815E-06  0.8746728405033E-06  0.9452747432242E-06  0.1015876645945E-05
  20  0.1006191155613E-05  0.9346439196159E-06  0.1009917634290E-05  0.1085191348964E-05
  21  0.8566571251665E-06  0.7885701490611E-06  0.8610737513729E-06  0.9335773536847E-06
  22  0.7858448264704E-06  0.7110404091123E-06  0.7869901688169E-06  0.8629399285216E-06
  23  0.6526684200878E-06  0.5778828409123E-06  0.6516915951709E-06  0.7255003494295E-06
  24  0.4719656143933E-06  0.4089911808916E-06  0.4741655757528E-06  0.5393399706141E-06
  25  0.5555320821567E-06  0.4898779115899E-06  0.5611063434221E-06  0.6323347752543E-06
  26  0.8286894650290E-06  0.7425006476784E-06  0.8330991451970E-06  0.9236976427156E-06
  27  0.8708912412924E-06  0.7808974614986E-06  0.8728598178975E-06  0.9648221742964E-06
  28  0.6698815403936E-06  0.5929456772752E-06  0.6716850735579E-06  0.7504244698405E-06
  29  0.6184417741266E-06  0.5370174977361E-06  0.6210729205925E-06  0.7051283434490E-06
  30  0.7912506920559E-06  0.6890309187518E-06  0.7948535963965E-06  0.9006762740412E-06
  31  0.8601760857632E-06  0.7544142502848E-06  0.8647323685688E-06  0.9750504868528E-06
  32  0.7341819800119E-06  0.6456575145906E-06  0.7386086789925E-06  0.8315598433944E-06
  33  0.7044977561618E-06  0.6184459933994E-06  0.7082931323957E-06  0.7981402713921E-06
  34  0.8760414800502E-06  0.7731416935673E-06  0.8810833734127E-06  0.9890250532582E-06
  35  0.9780901048376E-06  0.8662442395168E-06  0.9855678005665E-06  0.1104891361616E-05
  36  0.8655311294702E-06  0.7599265608308E-06  0.8738948857728E-06  0.9878632107149E-06
  37  0.7687717080434E-06  0.6663006807997E-06  0.7755833704712E-06  0.8848660601427E-06
  38  0.8822882598804E-06  0.7677847113753E-06  0.8866153235372E-06  0.1005445935699E-05
  39  0.1051852512516E-05  0.9268342744170E-06  0.1054738226806E-05  0.1182642179195E-05
  40  0.1062320922902E-05  0.9361728009635E-06  0.1065328877882E-05  0.1194484954801E-05
  41  0.9775561024223E-06  0.8552081038739E-06  0.9813790405353E-06  0.1107549977197E-05
  42  0.9807349776557E-06  0.8561632586334E-06  0.9849070958713E-06  0.1113650933109E-05
  43  0.1063197901188E-05  0.9323063158432E-06  0.1066490314844E-05  0.1200674313844E-05
  44  0.1095037841975E-05  0.9579756051823E-06  0.1096574347534E-05  0.1235173089886E-05
  45  0.1069973357233E-05  0.9326135578859E-06  0.1070595744317E-05  0.1208577930748E-05
  46  0.1076590670746E-05  0.9391519647772E-06  0.1078730491758E-05  0.1218309018739E-05
  47  0.1131857813639E-05  0.9941089127120E-06  0.1136816163035E-05  0.1279523413358E-05
  48  0.1200226479378E-05  0.1049905872445E-05  0.1205414335635E-05  0.1360922798824E-05
  49  0.1278079736939E-05  0.1109676224593E-05  0.1279078346293E-05  0.1448480467992E-05
  50  0.1352777526472E-05  0.1173238190307E-05  0.1349218307988E-05  0.1525198425668E-05
  51  0.1385166503827E-05  0.1207935881267E-05  0.1382561014119E-05  0.1557186146971E-05
  52  0.1396841353606E-05  0.1226542292961E-05  0.1400916962671E-05  0.1575291632382E-05
  53  0.1456810558993E-05  0.1278028931200E-05  0.1467053052518E-05  0.1656077173836E-05
  54  0.1554555384175E-05  0.1365881947010E-05  0.1565214637503E-05  0.1764547327995E-05
  55  0.1613989528475E-05  0.1421984527098E-05  0.1621783714372E-05  0.1821582901646E-05
  56  0.1626695373837E-05  0.1437324069568E-05  0.1635589395436E-05  0.1833854721305E-05
  57  0.1644020668679E-05  0.1457836363472E-05  0.1660026952125E-05  0.1862217540778E-05
  58  0.1677121759434E-05  0.1487068154306E-05  0.1699010483678E-05  0.1910952813050E-05
  59  0.1721198925160E-05  0.1524248939390E-05  0.1740141575483E-05  0.1956034211577E-05
  60  0.1800474094344E-05  0.1592366944088E-05  0.1810783021527E-05  0.2029199098965E-05
  61  0.1884497427359E-05  0.1668514443817E-05  0.1891162757989E-05  0.2113811072161E-05
  62  0.1883282623425E-05  0.1672058802077E-05  0.1894558494277E-05  0.2117058186477E-05
  63  0.1829308995727E-05  0.1619526280754E-05  0.1843949604340E-05  0.2068372927926E-05
  64  0.1888675827752E-05  0.1663884865281E-05  0.1896788475668E-05  0.2129692086055E-05
  65  0.2073241432580E-05  0.1822090069265E-05  0.2070381968515E-05  0.2318673867765E-05
  66  0.2173875960860E-05  0.1914555917793E-05  0.2168254670169E-05  0.2421953422545E-05
  67  0.2118967495187E-05  0.1876794908530E-05  0.2122027870730E-05  0.2367260832931E-05
  68  0.2109636261576E-05  0.1878626459167E-05  0.2123575674595E-05  0.2368524890024E-05
  69  0.2245238583271E-05  0.2005239808551E-05  0.2262259443808E-05  0.2519279079066E-05
  70  0.2353264333783E-05  0.2100051362727E-05  0.2364494331950E-05  0.2628937301173E-05
  71  0.2346416942442E-05  0.2083215956786E-05  0.2350287943061E-05  0.2617359929336E-05
  72  0.2380876039923E-05  0.2108450097781E-05  0.2384805248916E-05  0.2661160400052E-05
  73  0.2514567135206E-05  0.2237869441135E-05  0.2527687109422E-05  0.2817504777709E-05
  74  0.2579989925727E-05  0.2307028991832E-05  0.2601012344600E-05  0.2894995697368E-05
  75  0.2530267593034E-05  0.2259015329645E-05  0.2544876838543E-05  0.2830738347441E-05
  76  0.2555261374158E-05  0.2271648396792E-05  0.2552077765352E-05  0.2832507133913E-05
  77  0.2721305134753E-05  0.2417712998603E-05  0.2708813331197E-05  0.2999913663790E-05
  78  0.2822846500636E-05  0.2520933374847E-05  0.2820558221254E-05  0.3120183067662E-05
  79  0.2739802756116E-05  0.2454094907543E-05  0.2751573619256E-05  0.3049052330969E-05
  80  0.2657043643183E-05  0.2371274088724E-05  0.2665638967844E-05  0.2960003846963E-05
  81  0.2757919477769E-05  0.2449851565431E-05  0.2751019877118E-05  0.3052188188805E-05
  82  0.2931782029190E-05  0.2600576283101E-05  0.2919319041345E-05  0.3238061799588E-05
  83  0.2975481384068E-05  0.2646991456164E-05  0.2970829987572E-05  0.3294668518981E-05
  84  0.2912485245754E-05  0.2588927903880E-05  0.2909527500846E-05  0.3230127097813E-05
  85  0.2912313235287E-05  0.2574687763437E-05  0.2896907609600E-05  0.3219127455762E-05
  86  0.3001319047102E-05  0.2646267862094E-05  0.2977521183389E-05  0.3308774504683E-05
  87  0.3050449775757E-05  0.2699001694307E-05  0.3037935117930E-05  0.3376868541552E-05
  88  0.3006502579613E-05  0.2676592576801E-05  0.3014525221341E-05  0.3352457865881E-05
  89  0.2960799347833E-05  0.2644485644594E-05  0.2980131572706E-05  0.3315777500819E-05
  90  0.2982571427406E-05  0.2668121642955E-05  0.3003480767817E-05  0.3338839892679E-05
  91  0.3024651567829E-05  0.2716415754859E-05  0.3048236559718E-05  0.3380057364576E-05
  92  0.3024719986416E-05  0.2725160305309E-05  0.3052698114742E-05  0.3380235924176E-05
  93  0.2996242376135E-05  0.2694180561977E-05  0.3022504903948E-05  0.3350829245918E-05
  94  0.2982762421368E-05  0.2671852590747E-05  0.3002883899855E-05  0.3333915208964E-05
  95  0.2992822481626E-05  0.2682793951485E-05  0.3013197831893E-05  0.3343601712301E-05
  96  0.3010964685297E-05  0.2706554126224E-05  0.3038200114976E-05  0.3369846103727E-05
  97  0.3028086392770E-05  0.2720699262813E-05  0.3055357977015E-05  0.3390016691217E-05
  98  0.3039203681940E-05  0.2720891988811E-05  0.3055164537391E-05  0.3389437085972E-05
  99  0.3038055689637E-05  0.2712177177267E-05  0.3046160400721E-05  0.3380143624175E-05
 100  0.3029709770625E-05  0.2708865088108E-05  0.3043961419262E-05  0.3379057750416E-05
 101  0.3030434085769E-05  0.2716866807159E-05  0.3051565467735E-05  0.3386264128311E-05
 102  0.3041410246368E-05  0.2719812048858E-05  0.3053241073150E-05  0.3386670097441E-05
 103  0.3038406585111E-05  0.2699120875315E-05  0.3033298467255E-05  0.3367476059195E-05
 104  0.3008400517584E-05  0.2669017347101E-05  0.3000984817719E-05  0.3332952288337E-05
 105  0.2975209613469E-05  0.2652925351362E-05  0.2982357645943E-05  0.3311789940524E-05
 106  0.2967047406844E-05  0.2658816238268E-05  0.2985709105283E-05  0.3312601972298E-05
 107  0.2970499272714E-05  0.2661495202507E-05  0.2986801096037E-05  0.3312106989567E-05
 108  0.2951259164157E-05  0.2638605523492E-05  0.2962487813368E-05  0.3286370103244E-05
 109  0.2910052748938E-05  0.2604752266704E-05  0.2925010307940E-05  0.3245268349177E-05
 110  0.2878789498141E-05  0.2583747991758E-05  0.2901186559339E-05  0.3218625126920E-05
 111  0.2866508210998E-05  0.2576010310180E-05  0.2889885222817E-05  0.3203760135454E-05
 112  0.2847787178486E-05  0.2555324040331E-05  0.2867224702216E-05  0.3179125364101E-05
 113  0.2811946752957E-05  0.2523029855736E-05  0.2831083442644E-05  0.3139137029552E-05
 114  0.2774343429716E-05  0.2496420576839E-05  0.2798905077737E-05  0.3101389578635E-05
 115  0.2742236896157E-05  0.2474191720779E-05  0.2771533476011E-05  0.3068875231242E-05
 116  0.2706275087597E-05  0.2441271004242E-05  0.2733708001675E-05  0.3026144999108E-05
 117  0.2672193596587E-05  0.2401463191981E-05  0.2691688757049E-05  0.2981914322116E-05
 118  0.2651593372512E-05  0.2373325658136E-05  0.2661489940974E-05  0.2949654223813E-05
 119  0.2633607308627E-05  0.2353784043960E-05  0.2635899015477E-05  0.2918013986995E-05
 120  0.2598771043352E-05  0.2321072151597E-05  0.2597523663467E-05  0.2873975175338E-05
 121  0.2569162312709E-05  0.2295747639606E-05  0.2567963251778E-05  0.2840178863949E-05
 122  0.2530340267958E-05  0.2264178947951E-05  0.2530739493095E-05  0.2797300038239E-05
 123  0.2494490969732E-05  0.2235468611233E-05  0.2496961917427E-05  0.2758455223620E-05
 124  0.2448808110839E-05  0.2200389689188E-05  0.2456525857670E-05  0.2712662026153E-05
 125  0.2401231555934E-05  0.2163554026695E-05  0.2416536937764E-05  0.2669519848832E-05
 126  0.2361048628285E-05  0.2130602499091E-05  0.2380368125522E-05  0.2630133751953E-05
 127  0.2326233148432E-05  0.2095760940568E-05  0.2342031922751E-05  0.2588302904933E-05
 128  0.2293460462038E-05  0.2064182095880E-05  0.2303760728508E-05  0.2543339361137E-05
 129  0.2260943993966E-05  0.2038303351941E-05  0.2273201008167E-05  0.2508098664393E-05
 130  0.2223918380554E-05  0.2010127966481E-05  0.2244881526503E-05  0.2479635086525E-05
 131  0.2183857815471E-05  0.1977678623189E-05  0.2209829974166E-05  0.2441981325143E-05
 132  0.2151286772158E-05  0.1942543574646E-05  0.2172398814208E-05  0.2402254053769E-05
 133  0.2127418313344E-05  0.1915827088448E-05  0.2140346837216E-05  0.2364866585984E-05
 134  0.2100847911196E-05  0.1895303029981E-05  0.2112275643026E-05  0.2329248256071E-05
 135  0.2066963618014E-05  0.1869233752116E-05  0.2083131852652E-05  0.2297029953189E-05
 136  0.2033460703557E-05  0.1840763797459E-05  0.2052041194130E-05  0.2263318590801E-05
 137  0.2005668315120E-05  0.1811854908134E-05  0.2020193216224E-05  0.2228531524313E-05
 138  0.1979547187830E-05  0.1785559098248E-05  0.1989528639663E-05  0.2193498181079E-05
 139  0.1950429728816E-05  0.1762853930698E-05  0.1961524631112E-05  0.2160195331525E-05
 140  0.1919203010605E-05  0.1738885699950E-05  0.1935203913026E-05  0.2131522126103E-05
 141  0.1889721251186E-05  0.1714347751886E-05  0.1907984391098E-05  0.2101621030310E-05
 142  0.1864879089122E-05  0.1690332117527E-05  0.1880120000823E-05  0.2069907884119E-05
 143  0.1843730946627E-05  0.1667861025311E-05  0.1854350277646E-05  0.2040839529981E-05
 144  0.1822487037600E-05  0.1646139666890E-05  0.1830793352212E-05  0.2015447037535E-05
 145  0.1799116892846E-05  0.1623441948190E-05  0.1806898214712E-05  0.1990354481235E-05
 146  0.1774744250178E-05  0.1600583242100E-05  0.1781808841968E-05  0.1963034441836E-05
 147  0.1749209484895E-05  0.1578554434277E-05  0.1756576844203E-05  0.1934599254128E-05
 148  0.1720847740580E-05  0.1556062203751E-05  0.1731172518168E-05  0.1906282832584E-05
 149  0.1692667047061E-05  0.1532667066467E-05  0.1705687522611E-05  0.1878707978755E-05
 150  0.1670986828470E-05  0.1511309854585E-05  0.1682447183530E-05  0.1853584512476E-05
 151  0.1654038084685E-05  0.1494493914213E-05  0.1662409260431E-05  0.1830324606649E-05
 152  0.1633938319777E-05  0.1478803059630E-05  0.1643003400801E-05  0.1807203741971E-05
 153  0.1609604309761E-05  0.1460876115251E-05  0.1621926697706E-05  0.1782977280160E-05
 154  0.1587860760058E-05  0.1441049705850E-05  0.1600325533016E-05  0.1759601360181E-05
 155  0.1570714479898E-05  0.1421514253648E-05  0.1579903400806E-05  0.1738292547964E-05
 156  0.1552586594580E-05  0.1405572171137E-05  0.1560144987601E-05  0.1714717804065E-05
 157  0.1530872421760E-05  0.1388648993952E-05  0.1540232448717E-05  0.1691815903482E-05
 158  0.1510041462280E-05  0.1370851604504E-05  0.1520747647004E-05  0.1670643689503E-05
 159  0.1493543782321E-05  0.1353302523967E-05  0.1501825341757E-05  0.1650348159547E-05
 160  0.1479650121811E-05  0.1334462538262E-05  0.1482368376307E-05  0.1630274214352E-05
 161  0.1464928251507E-05  0.1317000299108E-05  0.1462557436251E-05  0.1608114573394E-05
 162  0.1447325979361E-05  0.1300348937075E-05  0.1444076003870E-05  0.1587803070665E-05
 163  0.1426028804229E-05  0.1285353133889E-05  0.1426479393397E-05  0.1567605652905E-05
 164  0.1403854750631E-05  0.1269480284693E-05  0.1407446469067E-05  0.1545412653441E-05
 165  0.1387106302905E-05  0.1251481079012E-05  0.1387794999319E-05  0.1524108919625E-05
 166  0.1377159317102E-05  0.1236274061560E-05  0.1371131115816E-05  0.1505988170071E-05
 167  0.1365777779147E-05  0.1224228269117E-05  0.1357368080742E-05  0.1490507892366E-05
 168  0.1345868264543E-05  0.1211944344610E-05  0.1342466125902E-05  0.1472987907194E-05
 169  0.1322676789529E-05  0.1197171717249E-05  0.1325381481994E-05  0.1453591246738E-05
 170  0.1306030374038E-05  0.1183005558279E-05  0.1309138152999E-05  0.1435270747718E-05
 171  0.1296299385687E-05  0.1170394981093E-05  0.1295181717371E-05  0.1419968453648E-05
 172  0.1285374118591E-05  0.1157705217573E-05  0.1281437217051E-05  0.1405169216529E-05
 173  0.1268167805740E-05  0.1143913943258E-05  0.1265833039290E-05  0.1387752135323E-05
 174  0.1247696888510E-05  0.1129078645589E-05  0.1249095702078E-05  0.1369112758567E-05
 175  0.1230230459293E-05  0.1115982187250E-05  0.1234093624856E-05  0.1352205062462E-05
 176  0.1217585870804E-05  0.1105333916878E-05  0.1221810506132E-05  0.1338287095386E-05
 177  0.1205860147219E-05  0.1094275328944E-05  0.1209278565145E-05  0.1324281801346E-05
 178  0.1192450562858E-05  0.1081496421277E-05  0.1194550106181E-05  0.1307603791085E-05
 179  0.1179313388203E-05  0.1068553097469E-05  0.1180149354612E-05  0.1291745611756E-05
 180  0.1167127707995E-05  0.1056965747926E-05  0.1167838275287E-05  0.1278710802648E-05
 181  0.1153347775094E-05  0.1046141270434E-05  0.1155491276104E-05  0.1264841281775E-05
 182  0.1137999098746E-05  0.1034210165112E-05  0.1142322800541E-05  0.1250435435970E-05
 183  0.1124154276446E-05  0.1023067716912E-05  0.1130425644878E-05  0.1237783572845E-05
 184  0.1112519569209E-05  0.1013363643716E-05  0.1119631761917E-05  0.1225899880118E-05
 185  0.1101691440653E-05  0.1002602101844E-05  0.1107466264287E-05  0.1212330426730E-05
 186  0.1091417223477E-05  0.9910122189786E-06  0.1093975034805E-05  0.1196937850632E-05
 187  0.1081301378970E-05  0.9805341505326E-06  0.1081336093948E-05  0.1182138037362E-05
 188  0.1069837348145E-05  0.9705373986450E-06  0.1069922489625E-05  0.1169307580604E-05
 189  0.1057245621793E-05  0.9598899063958E-06  0.1058412530745E-05  0.1156935155095E-05
 190  0.1045638108606E-05  0.9488611538731E-06  0.1046367505967E-05  0.1143873858061E-05
 191  0.1034979095193E-05  0.9379921679794E-06  0.1034477258755E-05  0.1130962349531E-05
 192  0.1022298400093E-05  0.9279675237140E-06  0.1023004996680E-05  0.1118042469646E-05
 193  0.1006643934123E-05  0.9179507021279E-06  0.1011617145145E-05  0.1105283588161E-05
 194  0.9922382902085E-06  0.9081456349235E-06  0.1000570763482E-05  0.1092995892040E-05
 195  0.9835071764819E-06  0.8989394082403E-06  0.9903236631884E-06  0.1081707918137E-05
 196  0.9781860308548E-06  0.8888242566335E-06  0.9800789625583E-06  0.1071333668483E-05
 197  0.9698583624655E-06  0.8785860678923E-06  0.9689848400580E-06  0.1059383612224E-05
 198  0.9569082558156E-06  0.8700525343061E-06  0.9581093839587E-06  0.1046166233611E-05
 199  0.9439770900641E-06  0.8622213958035E-06  0.9485430611399E-06  0.1034864726476E-05
 200  0.9348584710018E-06  0.8537192313303E-06  0.9393150707120E-06  0.1024910910094E-05
 201  0.9282490894757E-06  0.8446997606029E-06  0.9296028886947E-06  0.1014506016786E-05
 202  0.9201822826228E-06  0.8358462280217E-06  0.9200733951374E-06  0.1004300562253E-05
 203  0.9085075312785E-06  0.8274360480773E-06  0.9106934994087E-06  0.9939509507400E-06
 204  0.8952614358112E-06  0.8185992643342E-06  0.9005643651528E-06  0.9825294659713E-06
 205  0.8844596333744E-06  0.8091937488850E-06  0.8903187500145E-06  0.9714437511440E-06
 206  0.8770285661660E-06  0.8008684030088E-06  0.8813258201884E-06  0.9617832373680E-06
 207  0.8700307064956E-06  0.7935257997173E-06  0.8731289278659E-06  0.9527320560144E-06
 208  0.8613287295624E-06  0.7851140627535E-06  0.8642680547593E-06  0.9434220467650E-06
 209  0.8518793736426E-06  0.7764058684332E-06  0.8547521125841E-06  0.9330983567350E-06
 210  0.8432181431557E-06  0.7691749470999E-06  0.8458199838847E-06  0.9224650206695E-06
 211  0.8354953338612E-06  0.7621367716578E-06  0.8377461030316E-06  0.9133554344053E-06
 212  0.8279892653865E-06  0.7541310916871E-06  0.8293154229868E-06  0.9044997542866E-06
 213  0.8198043976253E-06  0.7457328127448E-06  0.8198489462517E-06  0.8939650797587E-06
 214  0.8103172115927E-06  0.7375571085103E-06  0.8105077708258E-06  0.8834584331413E-06
 215  0.7999406161649E-06  0.7308290283636E-06  0.8024870289411E-06  0.8741450295186E-06
 216  0.7901082969029E-06  0.7240528027026E-06  0.7950898096646E-06  0.8661268166265E-06
 217  0.7820645751078E-06  0.7158504470266E-06  0.7870658443102E-06  0.8582812415938E-06
 218  0.7755201327707E-06  0.7077555381946E-06  0.7784808301821E-06  0.8492061221696E-06
 219  0.7688274065839E-06  0.7006765848027E-06  0.7700417739541E-06  0.8394069631055E-06
 220  0.7610209127798E-06  0.6940632571525E-06  0.7619984067255E-06  0.8299335562985E-06
 221  0.7530814041575E-06  0.6871352963162E-06  0.7543721280432E-06  0.8216089597701E-06
 222  0.7461560543009E-06  0.6801926329308E-06  0.7470034304490E-06  0.8138142279672E-06
 223  0.7395250504727E-06  0.6737219556418E-06  0.7394420035904E-06  0.8051620515391E-06
 224  0.7320515408513E-06  0.6669941121063E-06  0.7318229250391E-06  0.7966517379718E-06
 225  0.7244461719159E-06  0.6607010480769E-06  0.7250515655037E-06  0.7894020829304E-06
 226  0.7178694694036E-06  0.6557387526028E-06  0.7190846937578E-06  0.7824306349127E-06
 227  0.7116401656728E-06  0.6503377782360E-06  0.7124703779563E-06  0.7746029776765E-06
 228  0.7045105875137E-06  0.6434484718399E-06  0.7045539993418E-06  0.7656595268437E-06
 229  0.6968324836393E-06  0.6355322074989E-06  0.6966280698533E-06  0.7577239322076E-06
 230  0.6893803182625E-06  0.6285833284871E-06  0.6899132753674E-06  0.7512432222477E-06
 231  0.6817473553771E-06  0.6233878692446E-06  0.6838409292490E-06  0.7442939892533E-06
 232  0.6736858118968E-06  0.6177576990098E-06  0.6772063151510E-06  0.7366549312922E-06
 233  0.6662140702217E-06  0.6112940976112E-06  0.6699367874655E-06  0.7285794773199E-06
 234  0.6597582604798E-06  0.6051281113169E-06  0.6628407319957E-06  0.7205533526744E-06
 235  0.6529500136729E-06  0.5988668939969E-06  0.6561952588570E-06  0.7135236237171E-06
 236  0.6450652442368E-06  0.5930322372154E-06  0.6495533971015E-06  0.7060745569875E-06
 237  0.6379187809838E-06  0.5869888449209E-06  0.6427600698945E-06  0.6985312948682E-06
 238  0.6330539111514E-06  0.5806157398629E-06  0.6360826036194E-06  0.6915494673758E-06
 239  0.6288485296302E-06  0.5751224465088E-06  0.6295817190951E-06  0.6840409916815E-06
 240  0.6230643440355E-06  0.5697501126501E-06  0.6233411518975E-06  0.6769321911449E-06
 241  0.6164634668488E-06  0.5645958126853E-06  0.6177275585110E-06  0.6708593043367E-06
 242  0.6109431287339E-06  0.5597048719094E-06  0.6124597411615E-06  0.6652146104135E-06
 243  0.6059456504628E-06  0.5539491887453E-06  0.6064660080394E-06  0.6589828273335E-06
 244  0.5997727790107E-06  0.5476632841083E-06  0.5995361939812E-06  0.6514091038540E-06
 245  0.5927681575125E-06  0.5416991893972E-06  0.5927804847843E-06  0.6438617801713E-06
 246  0.5864320780810E-06  0.5363637564226E-06  0.5868415448654E-06  0.6373193333082E-06
 247  0.5807316460677E-06  0.5312595913296E-06  0.5810938029385E-06  0.6309280145474E-06
 248  0.5745643067581E-06  0.5257986090920E-06  0.5749820385331E-06  0.6241654679742E-06
 249  0.5680611730656E-06  0.5203352775924E-06  0.5689725473596E-06  0.6176098171268E-06
 250  0.5623315091976E-06  0.5156611421266E-06  0.5635953703934E-06  0.6115295986602E-06
 251  0.5573234871990E-06  0.5107984555978E-06  0.5583830255485E-06  0.6059675954992E-06
 252  0.5518529990531E-06  0.5052462953035E-06  0.5526127825858E-06  0.5999792698681E-06
 253  0.5456087528181E-06  0.4996911570868E-06  0.5466318822873E-06  0.5935726074879E-06
 254  0.5392507506932E-06  0.4950069921353E-06  0.5412680262822E-06  0.5875290604291E-06
 255  0.5328056959105E-06  0.4909887673139E-06  0.5362837821792E-06  0.5815787970444E-06
 256  0.5260779091027E-06  0.4859764229532E-06  0.5308707530195E-06  0.5757650830857E-06
 257  0.5200358713735E-06  0.4804055221826E-06  0.5251421433607E-06  0.5698787645388E-06
 258  0.5155611851955E-06  0.4753873514214E-06  0.5196741355414E-06  0.5639609196613E-06
 259  0.5117062979441E-06  0.4708318452745E-06  0.5143505667708E-06  0.5578692882671E-06
 260  0.5071713236743E-06  0.4661033960456E-06  0.5088677422039E-06  0.5516320883621E-06
 261  0.5023893683247E-06  0.4612251795734E-06  0.5035325924363E-06  0.5458400052992E-06
 262  0.4982961721416E-06  0.4567676509126E-06  0.4986381396532E-06  0.5405086283939E-06
 263  0.4942797099998E-06  0.4524893156750E-06  0.4938564482094E-06  0.5352235807438E-06
 264  0.4891534831096E-06  0.4477239529055E-06  0.4888090336187E-06  0.5298941143320E-06
 265  0.4832606708568E-06  0.4426901770653E-06  0.4836898449740E-06  0.5246895128828E-06
 266  0.4779183572250E-06  0.4382334187237E-06  0.4789072615677E-06  0.5195811044116E-06
 267  0.4732707575798E-06  0.4343624055340E-06  0.4743417592865E-06  0.5143211130390E-06
 268  0.4682848739365E-06  0.4303061687345E-06  0.4694544650080E-06  0.5086027612815E-06
 269  0.4627189326948E-06  0.4257058690855E-06  0.4641930267644E-06  0.5026801844433E-06
 270  0.4575206452850E-06  0.4209183661420E-06  0.4591304993726E-06  0.4973426326031E-06
 271  0.4531356363971E-06  0.4164863017563E-06  0.4545288929956E-06  0.4925714842349E-06
 272  0.4488331277439E-06  0.4123951475267E-06  0.4499991899554E-06  0.4876032323840E-06
 273  0.4440602797865E-06  0.4080899392898E-06  0.4452307623209E-06  0.4823715853520E-06
 274  0.4393783376941E-06  0.4036356435549E-06  0.4404096805302E-06  0.4771837175054E-06
 275  0.4355245098673E-06  0.3996251767890E-06  0.4358469060640E-06  0.4720686353389E-06
 276  0.4321290125236E-06  0.3959080939876E-06  0.4315807848962E-06  0.4672534758048E-06
 277  0.4280968702792E-06  0.3921216402574E-06  0.4273908643787E-06  0.4626600885001E-06
 278  0.4232090657126E-06  0.3881808345927E-06  0.4230661004452E-06  0.4579513662977E-06
 279  0.4184749543391E-06  0.3841370514923E-06  0.4186128802136E-06  0.4530887089349E-06
 280  0.4144681338674E-06  0.3797079102889E-06  0.4141358330758E-06  0.4485637558627E-06
 281  0.4103575750148E-06  0.3754620210591E-06  0.4096863551895E-06  0.4439106893200E-06
 282  0.4054194979161E-06  0.3716771928310E-06  0.4053262466831E-06  0.4389753005352E-06
 283  0.4004464143185E-06  0.3678927656437E-06  0.4010646949264E-06  0.4342366242091E-06
 284  0.3964581121092E-06  0.3639462650167E-06  0.3967395604339E-06  0.4295328558511E-06
 285  0.3928879383999E-06  0.3596700694106E-06  0.3922794813931E-06  0.4248888933756E-06
 286  0.3885088204652E-06  0.3555654700050E-06  0.3879408391329E-06  0.4203162082608E-06
 287  0.3836189285307E-06  0.3519530678873E-06  0.3839703985591E-06  0.4159877292310E-06
 288  0.3796523352500E-06  0.3485928737296E-06  0.3802140038348E-06  0.4118351339400E-06
 289  0.3767091755974E-06  0.3451720141207E-06  0.3763011390047E-06  0.4074302638886E-06
 290  0.3732486871334E-06  0.3413666610594E-06  0.3721188909367E-06  0.4028711208139E-06
 291  0.3686004832963E-06  0.3375445009398E-06  0.3679815782179E-06  0.3984186554960E-06
 292  0.3640171277643E-06  0.3342938205428E-06  0.3642501481635E-06  0.3942064757842E-06
 293  0.3605626707022E-06  0.3312583727379E-06  0.3608122618655E-06  0.3903661509931E-06
 294  0.3575061036050E-06  0.3278302274647E-06  0.3571735699900E-06  0.3865169125153E-06
 295  0.3536048638475E-06  0.3239100942477E-06  0.3531101173452E-06  0.3823101404427E-06
 296  0.3487896142951E-06  0.3200705363069E-06  0.3489119838134E-06  0.3777534313199E-06
 297  0.3439306292550E-06  0.3167166159531E-06  0.3449492727533E-06  0.3731819295535E-06
 298  0.3397534560454E-06  0.3134341077003E-06  0.3412996155940E-06  0.3691651234877E-06
 299  0.3363524909069E-06  0.3102002668250E-06  0.3377989489578E-06  0.3653976310906E-06
 300  0.3332552785213E-06  0.3069082950210E-06  0.3342638666115E-06  0.3616194382020E-06
 301  0.3298051296000E-06  0.3035806282366E-06  0.3306496417714E-06  0.3577186553063E-06
 302  0.3257704334519E-06  0.3002334972255E-06  0.3270046026978E-06  0.3537757081701E-06
 303  0.3216830412488E-06  0.2969083759787E-06  0.3233614755353E-06  0.3498145750918E-06
 304  0.3183811832885E-06  0.2937203815907E-06  0.3198130961393E-06  0.3459058106880E-06
 305  0.3159766022083E-06  0.2906708869380E-06  0.3164868101124E-06  0.3423027332867E-06
 306  0.3134547532834E-06  0.2878173067455E-06  0.3132382043246E-06  0.3386591019037E-06
 307  0.3098342767016E-06  0.2846063181509E-06  0.3097254162070E-06  0.3348445142631E-06
 308  0.3055582650281E-06  0.2810925161092E-06  0.3059719740586E-06  0.3308514320080E-06
 309  0.3019043968158E-06  0.2778094880069E-06  0.3024045643855E-06  0.3269996407640E-06
 310  0.2991154058118E-06  0.2748179311356E-06  0.2991815560058E-06  0.3235451808760E-06
 311  0.2961633946199E-06  0.2720087366714E-06  0.2959703625987E-06  0.3199319885260E-06
 312  0.2924484897108E-06  0.2690044090269E-06  0.2925526584860E-06  0.3161009079450E-06
 313  0.2885968377263E-06  0.2659633801925E-06  0.2891685180733E-06  0.3123736559540E-06
 314  0.2852354042322E-06  0.2630653166142E-06  0.2860493363066E-06  0.3090333559989E-06
 315  0.2820743673321E-06  0.2601155345130E-06  0.2830516582804E-06  0.3059877820478E-06
 316  0.2787280743890E-06  0.2571691111552E-06  0.2799885247860E-06  0.3028079384167E-06
 317  0.2754565400030E-06  0.2544753275253E-06  0.2769074624114E-06  0.2993395972974E-06
 318  0.2725312646982E-06  0.2518902309247E-06  0.2738392585049E-06  0.2957882860850E-06
 319  0.2697033973871E-06  0.2489969497677E-06  0.2707044045370E-06  0.2924118593062E-06
 320  0.2667292743236E-06  0.2459005380713E-06  0.2675806552509E-06  0.2892607724304E-06
 321  0.2637446882792E-06  0.2430475404229E-06  0.2646406421389E-06  0.2862337438549E-06
 322  0.2608783339658E-06  0.2405203037757E-06  0.2618208946549E-06  0.2831214855341E-06
 323  0.2580048825947E-06  0.2380191493068E-06  0.2589097352310E-06  0.2798003211553E-06
 324  0.2550191520332E-06  0.2352305029058E-06  0.2558736193701E-06  0.2765167358345E-06
 325  0.2520888392196E-06  0.2323494786788E-06  0.2528469333175E-06  0.2733443879562E-06
 326  0.2494720834534E-06  0.2296348908124E-06  0.2499173985944E-06  0.2701999063765E-06
 327  0.2470832359553E-06  0.2271026213931E-06  0.2470783836888E-06  0.2670541459845E-06
 328  0.2444734226302E-06  0.2246531120378E-06  0.2443063569115E-06  0.2639596017852E-06
 329  0.2414428100595E-06  0.2222541213391E-06  0.2415925956898E-06  0.2609310700406E-06
 330  0.2383545713963E-06  0.2197737438775E-06  0.2389141463778E-06  0.2580545488782E-06
 331  0.2355881212293E-06  0.2171830417421E-06  0.2362190214923E-06  0.2552550012426E-06
 332  0.2331109828840E-06  0.2146031519895E-06  0.2334827723724E-06  0.2523623927552E-06
 333  0.2307722288430E-06  0.2121338107201E-06  0.2307549712140E-06  0.2493761317080E-06
 334  0.2284737095309E-06  0.2098591089369E-06  0.2281003226121E-06  0.2463415362873E-06
 335  0.2259661142484E-06  0.2074764557047E-06  0.2255105057683E-06  0.2435445558319E-06
 336  0.2230971883848E-06  0.2049632837797E-06  0.2229165920848E-06  0.2408699003900E-06
 337  0.2202463267902E-06  0.2025199934767E-06  0.2202897947742E-06  0.2380595960718E-06
 338  0.2178763982262E-06  0.2001498322634E-06  0.2176999504161E-06  0.2352500685687E-06
 339  0.2157642343535E-06  0.1979127827901E-06  0.2152474454444E-06  0.2325821080987E-06
 340  0.2132890881948E-06  0.1957248460342E-06  0.2129116762644E-06  0.2300985064946E-06
 341  0.2103683177632E-06  0.1934801199143E-06  0.2105348818691E-06  0.2275896438239E-06
 342  0.2075677757379E-06  0.1911699305986E-06  0.2080386665181E-06  0.2249074024376E-06
 343  0.2053292301166E-06  0.1888626501825E-06  0.2055530421070E-06  0.2222434340316E-06
 344  0.2034511789023E-06  0.1866649237500E-06  0.2032032730682E-06  0.2197416223864E-06
 345  0.2013721805145E-06  0.1845313642860E-06  0.2008995800134E-06  0.2172677957407E-06
 346  0.1988109834572E-06  0.1823585517608E-06  0.1985116462081E-06  0.2146647406554E-06
 347  0.1960543525861E-06  0.1802013195460E-06  0.1961345122460E-06  0.2120677049460E-06
 348  0.1935930390684E-06  0.1782457473328E-06  0.1939498397694E-06  0.2096539322060E-06
 349  0.1915385941590E-06  0.1763741735730E-06  0.1918723428941E-06  0.2073705122152E-06
 350  0.1895515083279E-06  0.1742729507567E-06  0.1896206700291E-06  0.2049683893015E-06
 351  0.1873263944812E-06  0.1719439605563E-06  0.1871829646906E-06  0.2024219688250E-06
 352  0.1849393313297E-06  0.1698334746617E-06  0.1848765758798E-06  0.1999196770978E-06
 353  0.1826592235257E-06  0.1680104606216E-06  0.1828268813532E-06  0.1976433020849E-06
 354  0.1806078551415E-06  0.1660895881116E-06  0.1807788916408E-06  0.1954681951700E-06
 355  0.1786889937031E-06  0.1641182744739E-06  0.1785731566907E-06  0.1930280389076E-06
 356  0.1767052954188E-06  0.1621635703420E-06  0.1763800876009E-06  0.1905966048597E-06
 357  0.1745446548379E-06  0.1602668429973E-06  0.1743426186245E-06  0.1884183942518E-06
 358  0.1723162935103E-06  0.1584371435414E-06  0.1723648381989E-06  0.1862925328564E-06
 359  0.1702154567567E-06  0.1565267167315E-06  0.1703292027435E-06  0.1841316887555E-06
 360  0.1682727950871E-06  0.1546032793158E-06  0.1682753648007E-06  0.1819474502857E-06
 361  0.1663391167663E-06  0.1527873496537E-06  0.1663088679037E-06  0.1798303861537E-06
 362  0.1642808507236E-06  0.1511096235060E-06  0.1644465663004E-06  0.1777835090949E-06
 363  0.1621513345881E-06  0.1494278848016E-06  0.1626260997035E-06  0.1758243146054E-06
 364  0.1601680974045E-06  0.1477148374176E-06  0.1608183791181E-06  0.1739219208187E-06
 365  0.1584502181320E-06  0.1460978724961E-06  0.1590174565510E-06  0.1719370406058E-06
 366  0.1568011423135E-06  0.1444284532686E-06  0.1571570002872E-06  0.1698855473058E-06
 367  0.1549372584807E-06  0.1426145054690E-06  0.1551977669315E-06  0.1677810283940E-06
 368  0.1529048601182E-06  0.1407788323767E-06  0.1532543454589E-06  0.1657298585411E-06
 369  0.1510260621214E-06  0.1390767789491E-06  0.1514599465821E-06  0.1638431142151E-06
 370  0.1494227627686E-06  0.1375200286888E-06  0.1497639744144E-06  0.1620079201401E-06
 371  0.1478420479707E-06  0.1359290366620E-06  0.1480272078751E-06  0.1601253790882E-06
 372  0.1460513364203E-06  0.1342738125669E-06  0.1462474732407E-06  0.1582211339146E-06
 373  0.1442046242584E-06  0.1326895218676E-06  0.1445329989886E-06  0.1563764761096E-06
 374  0.1426109118906E-06  0.1312265977116E-06  0.1429009027314E-06  0.1545752077511E-06
 375  0.1412405303541E-06  0.1297340881482E-06  0.1412647962939E-06  0.1527955044396E-06
 376  0.1397307952485E-06  0.1281761248749E-06  0.1396054319426E-06  0.1510347390103E-06
 377  0.1379123550147E-06  0.1266829497315E-06  0.1379913865804E-06  0.1492998234293E-06
 378  0.1360706707811E-06  0.1252908565892E-06  0.1364274452097E-06  0.1475640338301E-06
 379  0.1345538185087E-06  0.1238774647211E-06  0.1348439136144E-06  0.1458103625077E-06
 380  0.1333210012494E-06  0.1224079304269E-06  0.1332470357751E-06  0.1440861411233E-06
 381  0.1320455723069E-06  0.1209595498681E-06  0.1317137939502E-06  0.1424680380322E-06
 382  0.1305380027739E-06  0.1195474529940E-06  0.1302388368906E-06  0.1409302207871E-06
 383  0.1288923205765E-06  0.1181735660117E-06  0.1287568004135E-06  0.1393400348152E-06
 384  0.1272403158646E-06  0.1168132621766E-06  0.1272605722807E-06  0.1377078823847E-06
 385  0.1255819562948E-06  0.1154406309436E-06  0.1257594873230E-06  0.1360783437023E-06
 386  0.1239526217416E-06  0.1140616682422E-06  0.1242432368584E-06  0.1344248054746E-06
 387  0.1225012984286E-06  0.1127410275197E-06  0.1227643838900E-06  0.1327877402603E-06
 388  0.1212436047620E-06  0.1114665181236E-06  0.1213965392863E-06  0.1313265604490E-06
 389  0.1199931881652E-06  0.1101942159605E-06  0.1201025875766E-06  0.1300109591928E-06
 390  0.1186647543058E-06  0.1089353546275E-06  0.1187872136021E-06  0.1286390725767E-06
 391  0.1173690836583E-06  0.1077352139541E-06  0.1174375928489E-06  0.1271399717438E-06
 392  0.1161415077963E-06  0.1065838984477E-06  0.1161151912445E-06  0.1256464840414E-06
 393  0.1148738930855E-06  0.1054403628165E-06  0.1148589367833E-06  0.1242775107500E-06
 394  0.1135552876495E-06  0.1042884097064E-06  0.1136364736591E-06  0.1229845376119E-06
 395  0.1123296793433E-06  0.1031072924623E-06  0.1123802736998E-06  0.1216532549372E-06
 396  0.1112492938361E-06  0.1019024333694E-06  0.1110760218591E-06  0.1202496103487E-06
 397  0.1101425014561E-06  0.1007257638785E-06  0.1097884818985E-06  0.1188511999185E-06
 398  0.1088198313314E-06  0.9960727466371E-07  0.1085516224607E-06  0.1174959702578E-06
 399  0.1073121368897E-06  0.9842543180641E-07  0.1072799543423E-06  0.1161344768783E-06
 400  0.1060044470155E-06  0.9728100634970E-07  0.1060754544841E-06  0.1148699026185E-06
 401  0.1047038500799E-06  0.9597461855332E-07  0.1046843054495E-06  0.1133939923457E-06
 402  0.1039647351428E-06  0.9520413994007E-07  0.1038501886653E-06  0.1124962373906E-06
 403  0.1028286490158E-06  0.9420502237512E-07  0.1027346918830E-06  0.1112643613909E-06
 404  0.1017190726946E-06  0.9327150879902E-07  0.1016557821714E-06  0.1100400555439E-06
 405  0.1006726058200E-06  0.9228933785223E-07  0.1005751447619E-06  0.1088609516716E-06
 406  0.9959148845623E-07  0.9122974653742E-07  0.9947250114539E-07  0.1077152557533E-06
 407  0.9844866740804E-07  0.9016884527923E-07  0.9836873309902E-07  0.1065686209188E-06
 408  0.9739624244535E-07  0.8919851863274E-07  0.9733756247989E-07  0.1054766063270E-06
 409  0.9651266552049E-07  0.8835616633430E-07  0.9640534919258E-07  0.1044545320509E-06
 410  0.9562479309279E-07  0.8750446321373E-07  0.9546784197265E-07  0.1034312207316E-06
 411  0.9457661470190E-07  0.8652594739396E-07  0.9444481409774E-07  0.1023636808015E-06
 412  0.9346804427331E-07  0.8556377588198E-07  0.9342107201876E-07  0.1012783681555E-06
 413  0.9244662910686E-07  0.8472675184679E-07  0.9249187436568E-07  0.1002569968846E-06
 414  0.9149839016758E-07  0.8396376475054E-07  0.9161654380111E-07  0.9926932285169E-07
 415  0.9057606815141E-07  0.8315783285514E-07  0.9072678700907E-07  0.9829574116299E-07
 416  0.8969701114829E-07  0.8231314532294E-07  0.8982141327417E-07  0.9732968122539E-07
 417  0.8884916289132E-07  0.8145327662100E-07  0.8891691987079E-07  0.9638056312057E-07
 418  0.8796899923427E-07  0.8057648211075E-07  0.8802213825335E-07  0.9546779439595E-07
 419  0.8702905298048E-07  0.7976634760157E-07  0.8715128244299E-07  0.9453621728441E-07
 420  0.8608253008594E-07  0.7900432086718E-07  0.8631117494285E-07  0.9361802901852E-07
 421  0.8522573995969E-07  0.7826350205918E-07  0.8549800981508E-07  0.9273251757099E-07
 422  0.8449095426171E-07  0.7751512488711E-07  0.8469356195099E-07  0.9187199901488E-07
 423  0.8378551779728E-07  0.7674326868320E-07  0.8387780620802E-07  0.9101234373284E-07
 424  0.8298952267693E-07  0.7601556874249E-07  0.8307681395882E-07  0.9013805917515E-07
 425  0.8208931827299E-07  0.7534555106188E-07  0.8232690837772E-07  0.8930826569356E-07
 426  0.8119115234933E-07  0.7468355699212E-07  0.8159175991330E-07  0.8849996283448E-07
 427  0.8042685415334E-07  0.7396092271978E-07  0.8082427269122E-07  0.8768762266266E-07
 428  0.7979485585717E-07  0.7319078531352E-07  0.8004396360865E-07  0.8689714190378E-07
 429  0.7912525199991E-07  0.7244900440724E-07  0.7926467340381E-07  0.8608034240039E-07
 430  0.7833234003763E-07  0.7173018291784E-07  0.7847930634732E-07  0.8522842977679E-07
 431  0.7757217646748E-07  0.7109142580512E-07  0.7774201696130E-07  0.8439260811747E-07
 432  0.7695901178950E-07  0.7051555491214E-07  0.7709499540473E-07  0.8367443589733E-07
 433  0.7633128389327E-07  0.6991120281706E-07  0.7645094437495E-07  0.8299068593284E-07
 434  0.7552675039784E-07  0.6923077433433E-07  0.7571489800052E-07  0.8219902166671E-07
 435  0.7467414912416E-07  0.6850884316348E-07  0.7494669847402E-07  0.8138455378457E-07
 436  0.7396628541866E-07  0.6785123783323E-07  0.7424661145584E-07  0.8064198507845E-07
 437  0.7334535453723E-07  0.6722114123162E-07  0.7358277885908E-07  0.7994441648653E-07
 438  0.7267038641476E-07  0.6657771136940E-07  0.7288674915413E-07  0.7919578693887E-07
 439  0.7200690782058E-07  0.6596048027760E-07  0.7220513565237E-07  0.7844979102713E-07
 440  0.7148212490855E-07  0.6540003868578E-07  0.7159882258407E-07  0.7779760648235E-07
 441  0.7100809842981E-07  0.6483424554457E-07  0.7100307991243E-07  0.7717191428028E-07
 442  0.7039888816904E-07  0.6418150699397E-07  0.7033191310985E-07  0.7648231922573E-07
 443  0.6965041606576E-07  0.6351520878740E-07  0.6962332680936E-07  0.7573144483132E-07
 444  0.6891146535879E-07  0.6291979224308E-07  0.6897161310656E-07  0.7502343397004E-07
 445  0.6826367349111E-07  0.6239767002852E-07  0.6839353837276E-07  0.7438940671700E-07
 446  0.6765731494841E-07  0.6189113633118E-07  0.6782093981549E-07  0.7375074329980E-07
 447  0.6702077024522E-07  0.6130362121074E-07  0.6718992294936E-07  0.7307622468799E-07
 448  0.6635331779107E-07  0.6066065449307E-07  0.6652068662843E-07  0.7238071876380E-07
 449  0.6569883200428E-07  0.6005658060574E-07  0.6589458591306E-07  0.7173259122037E-07
 450  0.6507514444390E-07  0.5954101097988E-07  0.6533841394131E-07  0.7113581690274E-07
 451  0.6448717278697E-07  0.5905057044832E-07  0.6478910125024E-07  0.7052763205216E-07
 452  0.6397638084177E-07  0.5850160900677E-07  0.6420064647798E-07  0.6989968394919E-07
 453  0.6355602257274E-07  0.5794116927115E-07  0.6360117282454E-07  0.6926117637792E-07
 454  0.6310812866936E-07  0.5740382721427E-07  0.6301583986604E-07  0.6862785251781E-07
 455  0.6247851489335E-07  0.5686392829681E-07  0.6242982005517E-07  0.6799571181353E-07
 456  0.6170120845139E-07  0.5632589351449E-07  0.6184714331747E-07  0.6736839312044E-07
 457  0.6100717196368E-07  0.5580363848187E-07  0.6130159802583E-07  0.6679955756979E-07
 458  0.6054413636980E-07  0.5532229007423E-07  0.6079144344201E-07  0.6626059680978E-07
 459  0.6017972385876E-07  0.5484160923762E-07  0.6026709971595E-07  0.6569259019428E-07
 460  0.5967806984234E-07  0.5431232135150E-07  0.5970009347784E-07  0.6508786560418E-07
 461  0.5901133340475E-07  0.5378245396732E-07  0.5911766821990E-07  0.6445288247248E-07
 462  0.5837489740003E-07  0.5328568091066E-07  0.5855589402345E-07  0.6382610713623E-07
 463  0.5790320284045E-07  0.5279787644504E-07  0.5801658339971E-07  0.6323529035437E-07
 464  0.5749215824181E-07  0.5230225482106E-07  0.5748395420404E-07  0.6266565358702E-07
 465  0.5696069914682E-07  0.5181126099937E-07  0.5695821897550E-07  0.6210517695162E-07
 466  0.5630423435836E-07  0.5133531276722E-07  0.5645319542256E-07  0.6157107807790E-07
 467  0.5568146067907E-07  0.5086494061613E-07  0.5596476250324E-07  0.6106458439034E-07
 468  0.5517719767402E-07  0.5038096727018E-07  0.5545844948245E-07  0.6053593169472E-07
 469  0.5471290766780E-07  0.4987023329571E-07  0.5491207491541E-07  0.5995391653511E-07
 470  0.5420984741393E-07  0.4936110779750E-07  0.5435882585147E-07  0.5935654390544E-07
 471  0.5370389486098E-07  0.4888564249049E-07  0.5384719344652E-07  0.5880874440255E-07
 472  0.5324431596312E-07  0.4843604080476E-07  0.5337275300425E-07  0.5830946520374E-07
 473  0.5279236321129E-07  0.4799116688899E-07  0.5289753557748E-07  0.5780390426597E-07
 474  0.5229876258852E-07  0.4753915109743E-07  0.5241451200729E-07  0.5728987291714E-07
 475  0.5180767363331E-07  0.4709893064077E-07  0.5194515694079E-07  0.5679138324081E-07
 476  0.5139234375263E-07  0.4667466646950E-07  0.5149013548487E-07  0.5630560450024E-07
 477  0.5102785952927E-07  0.4623785709732E-07  0.5102868555399E-07  0.5581951401065E-07
 478  0.5062512105131E-07  0.4580222153358E-07  0.5056798445569E-07  0.5533374737779E-07
 479  0.5016931908151E-07  0.4541186120560E-07  0.5014720502483E-07  0.5488254884406E-07
 480  0.4971492705592E-07  0.4506202325936E-07  0.4976585310649E-07  0.5446968295361E-07
 481  0.4926632871577E-07  0.4468966411838E-07  0.4936276596406E-07  0.5403586780974E-07
 482  0.4878509289848E-07  0.4425337265756E-07  0.4890900875954E-07  0.5356464486152E-07
 483  0.4829321173614E-07  0.4380494322476E-07  0.4845624779896E-07  0.5310755237317E-07
 484  0.4786048622360E-07  0.4340890669184E-07  0.4805192389389E-07  0.5269494109594E-07
 485  0.4750193130243E-07  0.4305501257377E-07  0.4767874889807E-07  0.5230248522236E-07
 486  0.4716264889743E-07  0.4271080128084E-07  0.4730685025000E-07  0.5190289921916E-07
 487  0.4679628637955E-07  0.4236770788206E-07  0.4693695060464E-07  0.5150619332722E-07
 488  0.4641680389271E-07  0.4202616031464E-07  0.4657684072295E-07  0.5112752113126E-07
 489  0.4608511898294E-07  0.4169125069443E-07  0.4623632794538E-07  0.5078140519634E-07
 490  0.4584337143430E-07  0.4139420592318E-07  0.4593596802130E-07  0.5047773011941E-07
 491  0.4563913894883E-07  0.4113543685801E-07  0.4566373770236E-07  0.5019203854671E-07
 492  0.4536350663717E-07  0.4083899747296E-07  0.4536555534033E-07  0.4989211320771E-07
 493  0.4501092824293E-07  0.4051349389702E-07  0.4504621728468E-07  0.4957894067234E-07
 494  0.4470654984264E-07  0.4026410725670E-07  0.4479926614720E-07  0.4933442503771E-07
 495  0.4450223568920E-07  0.4011220023744E-07  0.4464840526320E-07  0.4918461028896E-07
 496  0.4429473270009E-07  0.3994720403986E-07  0.4448412819146E-07  0.4902105234307E-07
 497  0.4403825556806E-07  0.3972225930799E-07  0.4426576797004E-07  0.4880927663208E-07
 498  0.4386723205097E-07  0.3956657531790E-07  0.4413623025707E-07  0.4870588519624E-07
 499  0.4390468207054E-07  0.3959290797496E-07  0.4421059924052E-07  0.4882829050608E-07
 500  0.4406012805820E-07  0.3969231290635E-07  0.4436140779901E-07  0.4903050269166E-07
 501  0.4414514030782E-07  0.3967233368123E-07  0.4438247002740E-07  0.4909260637358E-07
 502  0.4419470491019E-07  0.3959769311066E-07  0.4435899990422E-07  0.4912030669777E-07
 503  0.4452245987936E-07  0.3981054854490E-07  0.4467211306745E-07  0.4953367759000E-07
 504  0.4478489235286E-07  0.3999398835452E-07  0.4498886152582E-07  0.4998373469713E-07
