#
#  k,  E_varmin,  E - E_var,  E,  E + E_var
# averaged of total time steps of =    8000000
   1  0.6469009938316E-08  0.5662455083291E-08  0.6447276457612E-08  0.7232097831933E-08
   2  0.1068582529596E-05  0.1029376143358E-05  0.1070179889961E-05  0.1110983636564E-05
   3  0.2293576810046E-05  0.2233181553485E-05  0.2295917565196E-05  0.2358653576907E-05
   4  0.1858060089776E-05  0.1815220031578E-05  0.1859496342554E-05  0.1903772653530E-05
   5  0.5928035603982E-06  0.5767671268447E-06  0.5934117192193E-06  0.6100563115938E-06
   6  0.2476951800000E-06  0.2353501572744E-06  0.2478126712125E-06  0.2602751851507E-06
   7  0.9782637066986E-06  0.9432610105631E-06  0.9790040717390E-06  0.1014747132915E-05
   8  0.1456941381801E-05  0.1406281405606E-05  0.1457996465177E-05  0.1509711524749E-05
   9  0.9477572268610E-06  0.9000961805093E-06  0.9485017397061E-06  0.9969072989029E-06
  10  0.2594882935386E-06  0.2348533647134E-06  0.2595196929167E-06  0.2841860211200E-06
  11  0.3208364477571E-06  0.2967530264649E-06  0.3208581489712E-06  0.3449632714776E-06
  12  0.7992061630350E-06  0.7512180624275E-06  0.8001131223558E-06  0.8490081822841E-06
  13  0.1030069015788E-05  0.9688171660694E-06  0.1031358904085E-05  0.1093900642101E-05
  14  0.1149064364375E-05  0.1077553924272E-05  0.1150522507163E-05  0.1223491090054E-05
  15  0.1238714636223E-05  0.1169770899335E-05  0.1241064745001E-05  0.1312358590666E-05
  16  0.9152538083463E-06  0.8603180843410E-06  0.9187394640696E-06  0.9771608437983E-06
  17  0.4585237949820E-06  0.4171683797162E-06  0.4611109122371E-06  0.5050534447580E-06
  18  0.5529149301554E-06  0.4977350274106E-06  0.5527336563948E-06  0.6077322853790E-06
  19  0.9453966169014E-06  0.8740747462391E-06  0.9449867266831E-06  0.1015898707127E-05
  20  0.1006113698616E-05  0.9344517138670E-06  0.1009556126228E-05  0.1084660538589E-05
  21  0.8553053290920E-06  0.7881150514148E-06  0.8605146094586E-06  0.9329141675024E-06
  22  0.7855051905755E-06  0.7103666084332E-06  0.7864950560231E-06  0.8626235036131E-06
  23  0.6543285347764E-06  0.5775539543379E-06  0.6515210330269E-06  0.7254881117159E-06
  24  0.4735628651003E-06  0.4088015928944E-06  0.4740365997112E-06  0.5392716065280E-06
  25  0.5554065236029E-06  0.4894863899350E-06  0.5606212135744E-06  0.6317560372138E-06
  26  0.8281016302655E-06  0.7420018042197E-06  0.8324501471472E-06  0.9228984900747E-06
  27  0.8715724553520E-06  0.7804971057527E-06  0.8724887387701E-06  0.9644803717876E-06
  28  0.6714063233346E-06  0.5926892384262E-06  0.6716535719858E-06  0.7506179055453E-06
  29  0.6195760873530E-06  0.5366340253982E-06  0.6210233955995E-06  0.7054127658009E-06
  30  0.7917620876376E-06  0.6887370812645E-06  0.7944728264415E-06  0.9002085716184E-06
  31  0.8605291839063E-06  0.7541804529502E-06  0.8641586962077E-06  0.9741369394652E-06
  32  0.7346933848268E-06  0.6454443483254E-06  0.7382334407942E-06  0.8310225332631E-06
  33  0.7053413642797E-06  0.6181715801233E-06  0.7081750233905E-06  0.7981784666577E-06
  34  0.8772487287993E-06  0.7729404909728E-06  0.8809187642607E-06  0.9888970375486E-06
  35  0.9794433405729E-06  0.8660952700810E-06  0.9851574363450E-06  0.1104219602609E-05
  36  0.8665309076204E-06  0.7593842185847E-06  0.8732684142058E-06  0.9871526098269E-06
  37  0.7691690158458E-06  0.6661338614847E-06  0.7748383412265E-06  0.8835428209684E-06
  38  0.8828451794792E-06  0.7678842965060E-06  0.8861268293706E-06  0.1004369362235E-05
  39  0.1053504947490E-05  0.9273316264453E-06  0.1055222349347E-05  0.1183113072248E-05
  40  0.1064153654480E-05  0.9366298382116E-06  0.1066845358040E-05  0.1197060877868E-05
  41  0.9773871768931E-06  0.8555497357973E-06  0.9826657806006E-06  0.1109781825404E-05
  42  0.9785237592421E-06  0.8562636842600E-06  0.9849469843719E-06  0.1113630284484E-05
  43  0.1061763476139E-05  0.9328968080018E-06  0.1066354105483E-05  0.1199811402963E-05
  44  0.1096307332135E-05  0.9594882060498E-06  0.1098031756310E-05  0.1236575306570E-05
  45  0.1072490746866E-05  0.9345596804117E-06  0.1073126089649E-05  0.1211692498886E-05
  46  0.1077900528310E-05  0.9405033569927E-06  0.1079924641013E-05  0.1219345925034E-05
  47  0.1131584572211E-05  0.9942545939311E-06  0.1135970068986E-05  0.1277685544040E-05
  48  0.1199671958078E-05  0.1050583075925E-05  0.1204745278331E-05  0.1358907480736E-05
  49  0.1278298489781E-05  0.1111573033484E-05  0.1280664961331E-05  0.1449756889178E-05
  50  0.1353945657911E-05  0.1175872760866E-05  0.1352333130164E-05  0.1528793499462E-05
  51  0.1386582607212E-05  0.1209955493943E-05  0.1385045134814E-05  0.1560134775685E-05
  52  0.1397102252258E-05  0.1227638011921E-05  0.1402008338828E-05  0.1576378665735E-05
  53  0.1455318304346E-05  0.1279382275572E-05  0.1467664500984E-05  0.1655946726396E-05
  54  0.1553050637736E-05  0.1367555938298E-05  0.1566231186806E-05  0.1764906435313E-05
  55  0.1615044765865E-05  0.1423772778956E-05  0.1623317142204E-05  0.1822861505452E-05
  56  0.1630278478523E-05  0.1439045187101E-05  0.1637395346801E-05  0.1835745506501E-05
  57  0.1647055195095E-05  0.1460069604064E-05  0.1661635017323E-05  0.1863200430583E-05
  58  0.1677246491125E-05  0.1489281242882E-05  0.1700007420002E-05  0.1910733597122E-05
  59  0.1719682963732E-05  0.1526127860765E-05  0.1741133830209E-05  0.1956139799654E-05
  60  0.1800252967870E-05  0.1595033325605E-05  0.1813174519583E-05  0.2031315713560E-05
  61  0.1886304156395E-05  0.1672321805424E-05  0.1894996707986E-05  0.2117671610549E-05
  62  0.1885369124665E-05  0.1675362086411E-05  0.1897770269726E-05  0.2120178453042E-05
  63  0.1830551589144E-05  0.1620952181899E-05  0.1845232304960E-05  0.2069512428021E-05
  64  0.1890068130937E-05  0.1664750887837E-05  0.1898067959045E-05  0.2131385030253E-05
  65  0.2075800561212E-05  0.1825547510471E-05  0.2074356112645E-05  0.2323164714819E-05
  66  0.2176558121982E-05  0.1920702468492E-05  0.2174227108072E-05  0.2427751747652E-05
  67  0.2119906580832E-05  0.1881526489671E-05  0.2126836635908E-05  0.2372146782145E-05
  68  0.2108798678428E-05  0.1881824577182E-05  0.2126495649423E-05  0.2371166721664E-05
  69  0.2244279097219E-05  0.2009154051303E-05  0.2265819380696E-05  0.2522484710090E-05
  70  0.2352834619525E-05  0.2105554059240E-05  0.2369759790868E-05  0.2633965522496E-05
  71  0.2345260053520E-05  0.2088161828452E-05  0.2354650464193E-05  0.2621139099934E-05
  72  0.2378163103767E-05  0.2110497930121E-05  0.2386226107432E-05  0.2661954284743E-05
  73  0.2511659686444E-05  0.2239566422818E-05  0.2528251889226E-05  0.2816937355634E-05
  74  0.2579001193047E-05  0.2311270343413E-05  0.2603758573261E-05  0.2896246803108E-05
  75  0.2531733267792E-05  0.2263011697879E-05  0.2549117963074E-05  0.2835224228270E-05
  76  0.2557893567125E-05  0.2272342590934E-05  0.2554664036057E-05  0.2836985481180E-05
  77  0.2723554826331E-05  0.2416528793829E-05  0.2708914918861E-05  0.3001301043892E-05
  78  0.2824378125475E-05  0.2520402685880E-05  0.2820462995905E-05  0.3120523305930E-05
  79  0.2741632224000E-05  0.2455429428805E-05  0.2752891094071E-05  0.3050352759338E-05
  80  0.2660296732123E-05  0.2372884330786E-05  0.2667051123897E-05  0.2961217917008E-05
  81  0.2762681488284E-05  0.2449891807918E-05  0.2750635663241E-05  0.3051379518564E-05
  82  0.2937462670088E-05  0.2600341654392E-05  0.2917713224855E-05  0.3235084795318E-05
  83  0.2981775697010E-05  0.2648380659426E-05  0.2970313558545E-05  0.3292246457664E-05
  84  0.2919175802589E-05  0.2591671859418E-05  0.2910909573082E-05  0.3230147286746E-05
  85  0.2918514983550E-05  0.2576615588740E-05  0.2898383143085E-05  0.3220150697431E-05
  86  0.3006289311370E-05  0.2646584528710E-05  0.2977232672287E-05  0.3307880815863E-05
  87  0.3055199417762E-05  0.2699178475626E-05  0.3036638282461E-05  0.3374098089295E-05
  88  0.3013322181279E-05  0.2679415999629E-05  0.3014723126924E-05  0.3350030254220E-05
  89  0.2970557700715E-05  0.2649608224674E-05  0.2982880439287E-05  0.3316152653901E-05
  90  0.2993526388348E-05  0.2673477557460E-05  0.3007313825865E-05  0.3341150094270E-05
  91  0.3034849721524E-05  0.2720477432749E-05  0.3051626016101E-05  0.3382774599454E-05
  92  0.3034719769006E-05  0.2728769907935E-05  0.3056334940068E-05  0.3383899972201E-05
  93  0.3008031972433E-05  0.2699418742825E-05  0.3027869093174E-05  0.3356319443523E-05
  94  0.2995987237425E-05  0.2678099605188E-05  0.3009283312988E-05  0.3340467020789E-05
  95  0.3004315208188E-05  0.2687509183559E-05  0.3018192071812E-05  0.3348874960065E-05
  96  0.3018534903361E-05  0.2708804949337E-05  0.3040917468543E-05  0.3373029987749E-05
  97  0.3033509054890E-05  0.2722901096859E-05  0.3057678688108E-05  0.3392456279357E-05
  98  0.3046267805115E-05  0.2724667864884E-05  0.3059211828280E-05  0.3393755791675E-05
  99  0.3048323092042E-05  0.2717393907997E-05  0.3051768561382E-05  0.3386143214767E-05
 100  0.3041125052805E-05  0.2713679349058E-05  0.3049244067678E-05  0.3384808786299E-05
 101  0.3040360940694E-05  0.2720309621451E-05  0.3055391148379E-05  0.3390472675307E-05
 102  0.3049506483714E-05  0.2722479537243E-05  0.3056323727270E-05  0.3390167917296E-05
 103  0.3045917176239E-05  0.2702366969288E-05  0.3036934104549E-05  0.3371501239810E-05
 104  0.3015561724446E-05  0.2672655710072E-05  0.3005116203328E-05  0.3337576696583E-05
 105  0.2981521555575E-05  0.2654806303047E-05  0.2985847982623E-05  0.3316889662200E-05
 106  0.2972987132610E-05  0.2659447404243E-05  0.2988143733243E-05  0.3316840062243E-05
 107  0.2976553672681E-05  0.2662317235350E-05  0.2988699480619E-05  0.3315081725889E-05
 108  0.2956708158884E-05  0.2639841597843E-05  0.2963994064494E-05  0.3288146531146E-05
 109  0.2914395932702E-05  0.2605728684895E-05  0.2925254822690E-05  0.3244780960484E-05
 110  0.2883538568316E-05  0.2582983313875E-05  0.2899586590277E-05  0.3216189866680E-05
 111  0.2872973148252E-05  0.2573497368922E-05  0.2887301534483E-05  0.3201105700045E-05
 112  0.2854569528407E-05  0.2553356466872E-05  0.2865410174435E-05  0.3177463881998E-05
 113  0.2817244793740E-05  0.2523038412470E-05  0.2831004708793E-05  0.3138971005116E-05
 114  0.2779520521141E-05  0.2497432954521E-05  0.2800080733092E-05  0.3102728511662E-05
 115  0.2749820571130E-05  0.2475357383497E-05  0.2772713783268E-05  0.3070070183040E-05
 116  0.2715347011510E-05  0.2441545569631E-05  0.2734234551209E-05  0.3026923532788E-05
 117  0.2678853907341E-05  0.2401296854035E-05  0.2691668691378E-05  0.2982040528721E-05
 118  0.2654080104962E-05  0.2373945035958E-05  0.2661046161314E-05  0.2948147286670E-05
 119  0.2634235720489E-05  0.2353667139401E-05  0.2634964771013E-05  0.2916262402624E-05
 120  0.2600839632392E-05  0.2320623142862E-05  0.2596459275879E-05  0.2872295408895E-05
 121  0.2573307323019E-05  0.2295605694332E-05  0.2567370606491E-05  0.2839135518649E-05
 122  0.2534954756703E-05  0.2264165410203E-05  0.2530570403452E-05  0.2796975396700E-05
 123  0.2498451744937E-05  0.2235468666798E-05  0.2496634901591E-05  0.2757801136384E-05
 124  0.2452550273344E-05  0.2199839266964E-05  0.2455481277323E-05  0.2711123287683E-05
 125  0.2405223926972E-05  0.2161956270705E-05  0.2414834501303E-05  0.2667712731901E-05
 126  0.2364511855020E-05  0.2128612426847E-05  0.2378695800534E-05  0.2628779174221E-05
 127  0.2327349482427E-05  0.2094866456287E-05  0.2340857874431E-05  0.2586849292576E-05
 128  0.2291770468188E-05  0.2062916810020E-05  0.2302777867366E-05  0.2542638924711E-05
 129  0.2258080800489E-05  0.2036157563094E-05  0.2271730521960E-05  0.2507303480826E-05
 130  0.2221964410375E-05  0.2007747984798E-05  0.2242541474456E-05  0.2477334964115E-05
 131  0.2183270232840E-05  0.1974909786127E-05  0.2206954408947E-05  0.2438999031766E-05
 132  0.2151175540662E-05  0.1940141827456E-05  0.2169862306919E-05  0.2399582786382E-05
 133  0.2126768499206E-05  0.1914420172095E-05  0.2138836340616E-05  0.2363252509137E-05
 134  0.2099129305929E-05  0.1894716918768E-05  0.2111724383099E-05  0.2328731847430E-05
 135  0.2064448014968E-05  0.1869047554268E-05  0.2082908558794E-05  0.2296769563320E-05
 136  0.2031537127001E-05  0.1840363114663E-05  0.2051795046536E-05  0.2263226978409E-05
 137  0.2005820404832E-05  0.1811672891680E-05  0.2020164201349E-05  0.2228655511018E-05
 138  0.1981550520288E-05  0.1785749996776E-05  0.1990065651844E-05  0.2194381306913E-05
 139  0.1952726398309E-05  0.1763038619391E-05  0.1962480968320E-05  0.2161923317248E-05
 140  0.1920846069324E-05  0.1739053714464E-05  0.1935993891188E-05  0.2132934067912E-05
 141  0.1890997594003E-05  0.1713952919787E-05  0.1908032155949E-05  0.2102111392111E-05
 142  0.1865787947103E-05  0.1689089734176E-05  0.1879266195219E-05  0.2069442656262E-05
 143  0.1843985506321E-05  0.1666705594163E-05  0.1853122185723E-05  0.2039538777282E-05
 144  0.1822893558198E-05  0.1645900731351E-05  0.1830143003073E-05  0.2014385274796E-05
 145  0.1801140232008E-05  0.1623925813060E-05  0.1807370912509E-05  0.1990816011958E-05
 146  0.1778094256065E-05  0.1601147732158E-05  0.1782837026954E-05  0.1964526321751E-05
 147  0.1751908393939E-05  0.1578850891654E-05  0.1757103787050E-05  0.1935356682446E-05
 148  0.1722143147973E-05  0.1556087707696E-05  0.1730906931591E-05  0.1905726155487E-05
 149  0.1693974475704E-05  0.1533072773296E-05  0.1705297482738E-05  0.1877522192179E-05
 150  0.1673269817083E-05  0.1511970067505E-05  0.1682349494905E-05  0.1852728922304E-05
 151  0.1656454157763E-05  0.1494601538605E-05  0.1662216701466E-05  0.1829831864326E-05
 152  0.1635563374248E-05  0.1478672856909E-05  0.1642401859989E-05  0.1806130863070E-05
 153  0.1610590721440E-05  0.1460890833321E-05  0.1621375683053E-05  0.1781860532784E-05
 154  0.1588525872213E-05  0.1441510949969E-05  0.1600516244397E-05  0.1759521538826E-05
 155  0.1570981346338E-05  0.1422259857726E-05  0.1580820355782E-05  0.1739380853838E-05
 156  0.1552804901148E-05  0.1406175449048E-05  0.1561148472913E-05  0.1716121496778E-05
 157  0.1531814375872E-05  0.1389492383999E-05  0.1540900925197E-05  0.1692309466394E-05
 158  0.1511645423371E-05  0.1371767687714E-05  0.1521235169915E-05  0.1670702652116E-05
 159  0.1494825718743E-05  0.1354279570431E-05  0.1502499904134E-05  0.1650720237836E-05
 160  0.1480197191780E-05  0.1336020759127E-05  0.1483380866284E-05  0.1630740973440E-05
 161  0.1465441798806E-05  0.1318824321970E-05  0.1463809413897E-05  0.1608794505825E-05
 162  0.1448254473871E-05  0.1302200278197E-05  0.1445332474179E-05  0.1588464670161E-05
 163  0.1426711086961E-05  0.1286599891217E-05  0.1427435724928E-05  0.1568271558639E-05
 164  0.1403601580936E-05  0.1269950902086E-05  0.1407926737374E-05  0.1545902572662E-05
 165  0.1386420206537E-05  0.1251757985227E-05  0.1387932794588E-05  0.1524107603948E-05
 166  0.1377056569711E-05  0.1236679634169E-05  0.1371178108328E-05  0.1505676582487E-05
 167  0.1366411084321E-05  0.1224711610659E-05  0.1357435962322E-05  0.1490160313985E-05
 168  0.1346486894695E-05  0.1212240437533E-05  0.1342557445009E-05  0.1472874452486E-05
 169  0.1322745183615E-05  0.1197368427526E-05  0.1325536620228E-05  0.1453704812930E-05
 170  0.1305959147602E-05  0.1183192546914E-05  0.1309412657386E-05  0.1435632767858E-05
 171  0.1296674653778E-05  0.1170715454273E-05  0.1295495872143E-05  0.1420276290014E-05
 172  0.1285745882883E-05  0.1157994841540E-05  0.1281555041897E-05  0.1405115242254E-05
 173  0.1267475229023E-05  0.1143927186812E-05  0.1265654737682E-05  0.1387382288551E-05
 174  0.1246051250379E-05  0.1128726204473E-05  0.1248892035931E-05  0.1369057867389E-05
 175  0.1229129349266E-05  0.1115598369360E-05  0.1234167765593E-05  0.1352737161825E-05
 176  0.1217960114404E-05  0.1105220969639E-05  0.1222026763351E-05  0.1338832557063E-05
 177  0.1207001826106E-05  0.1094240595893E-05  0.1209294512006E-05  0.1324348428118E-05
 178  0.1193332675240E-05  0.1081397180003E-05  0.1194395143741E-05  0.1307393107478E-05
 179  0.1179929344387E-05  0.1068472683583E-05  0.1180153795939E-05  0.1291834908295E-05
 180  0.1167925920681E-05  0.1056871338685E-05  0.1168108890385E-05  0.1279346442085E-05
 181  0.1154142496377E-05  0.1045988618811E-05  0.1155809002280E-05  0.1265629385748E-05
 182  0.1138205720998E-05  0.1033997290667E-05  0.1142483146624E-05  0.1250969002581E-05
 183  0.1123813142894E-05  0.1022891101260E-05  0.1130457905170E-05  0.1238024709081E-05
 184  0.1112372816990E-05  0.1013590457695E-05  0.1119722869713E-05  0.1225855281730E-05
 185  0.1102128620534E-05  0.1003040674571E-05  0.1107776626808E-05  0.1212512579046E-05
 186  0.1091936620939E-05  0.9914418057639E-06  0.1094485337291E-05  0.1197528868817E-05
 187  0.1081487354708E-05  0.9808325692708E-06  0.1081913247073E-05  0.1182993924875E-05
 188  0.1070188651115E-05  0.9709900347583E-06  0.1070500074754E-05  0.1170010114750E-05
 189  0.1058287417876E-05  0.9608192018012E-06  0.1059013307447E-05  0.1157207413092E-05
 190  0.1046794423313E-05  0.9497367828925E-06  0.1046980863931E-05  0.1144224944969E-05
 191  0.1035382823304E-05  0.9384937314397E-06  0.1035015363984E-05  0.1131536996528E-05
 192  0.1022263684062E-05  0.9283489979914E-06  0.1023354034836E-05  0.1118359071680E-05
 193  0.1007297269716E-05  0.9183108061215E-06  0.1011763797586E-05  0.1105216789050E-05
 194  0.9939240469882E-06  0.9085184708773E-06  0.1000708489184E-05  0.1092898507490E-05
 195  0.9854009895163E-06  0.8992746337400E-06  0.9906451756575E-06  0.1082015717575E-05
 196  0.9794515457686E-06  0.8889785190703E-06  0.9804681170588E-06  0.1071957715047E-05
 197  0.9706150524885E-06  0.8786051877863E-06  0.9692391684837E-06  0.1059873149181E-05
 198  0.9579614001306E-06  0.8703294114455E-06  0.9583891314981E-06  0.1046448851551E-05
 199  0.9457695136699E-06  0.8628477021034E-06  0.9491177789530E-06  0.1035387855803E-05
 200  0.9368703839541E-06  0.8543553688104E-06  0.9399723993116E-06  0.1025589429813E-05
 201  0.9296326721652E-06  0.8451509685989E-06  0.9298891232990E-06  0.1014627277999E-05
 202  0.9209063191416E-06  0.8359600391043E-06  0.9200391813111E-06  0.1004118323518E-05
 203  0.9094499778051E-06  0.8274989437907E-06  0.9108470962296E-06  0.9941952486686E-06
 204  0.8970368886276E-06  0.8190491649571E-06  0.9011232873070E-06  0.9831974096569E-06
 205  0.8865444964732E-06  0.8097315279772E-06  0.8909384909598E-06  0.9721454539423E-06
 206  0.8784290076411E-06  0.8010426506597E-06  0.8816129139955E-06  0.9621831773313E-06
 207  0.8706438319469E-06  0.7934979319530E-06  0.8731307425821E-06  0.9527635532111E-06
 208  0.8620747794407E-06  0.7852317567155E-06  0.8643187829876E-06  0.9434058092597E-06
 209  0.8533148852968E-06  0.7767609462787E-06  0.8549809862285E-06  0.9332010261783E-06
 210  0.8446449877395E-06  0.7695815530122E-06  0.8460378666122E-06  0.9224941802122E-06
 211  0.8359671461544E-06  0.7623056099911E-06  0.8378058702761E-06  0.9133061305611E-06
 212  0.8277114224692E-06  0.7542090104313E-06  0.8293375728189E-06  0.9044661352065E-06
 213  0.8198470856315E-06  0.7460303009327E-06  0.8200321800474E-06  0.8940340591620E-06
 214  0.8112227518573E-06  0.7380299012814E-06  0.8108952914945E-06  0.8837606817075E-06
 215  0.8012576445650E-06  0.7314237209551E-06  0.8029434115643E-06  0.8744631021734E-06
 216  0.7911755510264E-06  0.7245319471007E-06  0.7954267598085E-06  0.8663215725163E-06
 217  0.7827360906721E-06  0.7160634700574E-06  0.7872477538519E-06  0.8584320376464E-06
 218  0.7761177713707E-06  0.7079153574106E-06  0.7786804157008E-06  0.8494454739909E-06
 219  0.7697105061235E-06  0.7009178612495E-06  0.7703574440105E-06  0.8397970267716E-06
 220  0.7622935931909E-06  0.6943565826348E-06  0.7622534145454E-06  0.8301502464561E-06
 221  0.7545509113847E-06  0.6873129932993E-06  0.7544020081608E-06  0.8214910230223E-06
 222  0.7474840996058E-06  0.6802881736238E-06  0.7469655443028E-06  0.8136429149818E-06
 223  0.7405227233171E-06  0.6738766979188E-06  0.7395973108115E-06  0.8053179237041E-06
 224  0.7328911486159E-06  0.6671414220798E-06  0.7321573546591E-06  0.7971732872384E-06
 225  0.7254385193683E-06  0.6607814396022E-06  0.7253246560763E-06  0.7898678725504E-06
 226  0.7189634810679E-06  0.6557665561448E-06  0.7191641875393E-06  0.7825618189337E-06
 227  0.7123687650979E-06  0.6503420697470E-06  0.7124680028352E-06  0.7745939359235E-06
 228  0.7046158872189E-06  0.6435152620261E-06  0.7046614272177E-06  0.7658075924092E-06
 229  0.6967635463056E-06  0.6357773985276E-06  0.6969267204237E-06  0.7580760423199E-06
 230  0.6899281796149E-06  0.6289919232955E-06  0.6903703483892E-06  0.7517487734828E-06
 231  0.6832161597775E-06  0.6239830820335E-06  0.6843979486291E-06  0.7448128152247E-06
 232  0.6755717769991E-06  0.6183829398550E-06  0.6777878556115E-06  0.7371927713680E-06
 233  0.6677148497816E-06  0.6116850325391E-06  0.6704418298567E-06  0.7291986271743E-06
 234  0.6605082965813E-06  0.6053972344436E-06  0.6632213252781E-06  0.7210454161126E-06
 235  0.6532475325081E-06  0.5991635117480E-06  0.6564802127795E-06  0.7137969138111E-06
 236  0.6454739912725E-06  0.5931729335783E-06  0.6497442578533E-06  0.7063155821282E-06
 237  0.6386913366534E-06  0.5869948838022E-06  0.6428297072799E-06  0.6986645307575E-06
 238  0.6339158677686E-06  0.5805640929084E-06  0.6361152134572E-06  0.6916663340060E-06
 239  0.6293550563581E-06  0.5751138633866E-06  0.6297422596286E-06  0.6843706558707E-06
 240  0.6231441482452E-06  0.5698962166026E-06  0.6236480943916E-06  0.6773999721807E-06
 241  0.6164625826724E-06  0.5648343373232E-06  0.6180137529419E-06  0.6711931685605E-06
 242  0.6111245665561E-06  0.5598701480714E-06  0.6126101970135E-06  0.6653502459556E-06
 243  0.6062185313410E-06  0.5541198605685E-06  0.6065537177701E-06  0.6589875749717E-06
 244  0.5999825513311E-06  0.5478525393040E-06  0.5996716972499E-06  0.6514908551958E-06
 245  0.5929356849128E-06  0.5418480707283E-06  0.5929551800486E-06  0.6440622893688E-06
 246  0.5866034324740E-06  0.5365540654193E-06  0.5869926822898E-06  0.6374312991604E-06
 247  0.5809024384660E-06  0.5314960882063E-06  0.5812315796662E-06  0.6309670711260E-06
 248  0.5748564361725E-06  0.5260316450808E-06  0.5751672510387E-06  0.6243028569967E-06
 249  0.5686808293039E-06  0.5205670914795E-06  0.5692205141469E-06  0.6178739368143E-06
 250  0.5632346668328E-06  0.5158268380788E-06  0.5638710384959E-06  0.6119152389130E-06
 251  0.5581532909063E-06  0.5109038445332E-06  0.5586531134984E-06  0.6064023824637E-06
 252  0.5523293863018E-06  0.5053828373184E-06  0.5528493096214E-06  0.6003157819243E-06
 253  0.5458353886971E-06  0.4998424175629E-06  0.5468025508651E-06  0.5937626841673E-06
 254  0.5395357975390E-06  0.4950772893121E-06  0.5413680494020E-06  0.5876588094919E-06
 255  0.5332905225683E-06  0.4909599215265E-06  0.5363533659748E-06  0.5817468104232E-06
 256  0.5266765851024E-06  0.4860054548442E-06  0.5309597078617E-06  0.5759139608793E-06
 257  0.5206809225458E-06  0.4805175397795E-06  0.5252800972738E-06  0.5700426547680E-06
 258  0.5163203994742E-06  0.4755971230516E-06  0.5198772531092E-06  0.5641573831668E-06
 259  0.5126102755520E-06  0.4711730778490E-06  0.5146173841482E-06  0.5580616904474E-06
 260  0.5080895829183E-06  0.4664711005520E-06  0.5091596455173E-06  0.5518481904825E-06
 261  0.5031899698529E-06  0.4615241463969E-06  0.5037990742739E-06  0.5460740021510E-06
 262  0.4990221534884E-06  0.4569725141622E-06  0.4988765577289E-06  0.5407806012957E-06
 263  0.4950396786816E-06  0.4527261778150E-06  0.4941116723686E-06  0.5354971669223E-06
 264  0.4899180061046E-06  0.4480536050852E-06  0.4890949852541E-06  0.5301363654231E-06
 265  0.4839209915322E-06  0.4429840459649E-06  0.4839504410872E-06  0.5249168362095E-06
 266  0.4784911559138E-06  0.4383499319578E-06  0.4790901915137E-06  0.5198304510695E-06
 267  0.4738664070501E-06  0.4344299466209E-06  0.4744784593344E-06  0.5145269720479E-06
 268  0.4688976762989E-06  0.4304811399351E-06  0.4696238382166E-06  0.5087665364981E-06
 269  0.4632330975566E-06  0.4259639556373E-06  0.4644280129696E-06  0.5028920703018E-06
 270  0.4579177347269E-06  0.4212032991613E-06  0.4593949275426E-06  0.4975865559238E-06
 271  0.4535147403270E-06  0.4166831503132E-06  0.4547635479730E-06  0.4928439456328E-06
 272  0.4492256786367E-06  0.4124855620773E-06  0.4501644661557E-06  0.4878433702342E-06
 273  0.4444012045679E-06  0.4081591737831E-06  0.4453367719405E-06  0.4825143700979E-06
 274  0.4396538728311E-06  0.4037270671654E-06  0.4405290930868E-06  0.4773311190081E-06
 275  0.4357712651054E-06  0.3997550258557E-06  0.4360518571677E-06  0.4723486884797E-06
 276  0.4322993599443E-06  0.3960851807615E-06  0.4318394306156E-06  0.4675936804697E-06
 277  0.4281149884906E-06  0.3922835242552E-06  0.4275847724975E-06  0.4628860207399E-06
 278  0.4231662266350E-06  0.3882410028678E-06  0.4231425188013E-06  0.4580440347347E-06
 279  0.4185787518450E-06  0.3841777181775E-06  0.4186531662587E-06  0.4531286143399E-06
 280  0.4147713399677E-06  0.3797875013237E-06  0.4142358713435E-06  0.4486842413633E-06
 281  0.4107209433473E-06  0.3756157860067E-06  0.4098436795940E-06  0.4440715731814E-06
 282  0.4057746639128E-06  0.3718902380764E-06  0.4054898422650E-06  0.4390894464537E-06
 283  0.4008987323226E-06  0.3680322598285E-06  0.4012220021929E-06  0.4344117445573E-06
 284  0.3970650793766E-06  0.3640235309673E-06  0.3969021101211E-06  0.4297806892750E-06
 285  0.3935176872587E-06  0.3597615157779E-06  0.3924428387690E-06  0.4251241617602E-06
 286  0.3890087397465E-06  0.3556993836752E-06  0.3881091516974E-06  0.4205189197196E-06
 287  0.3839853002147E-06  0.3521590970742E-06  0.3841730293439E-06  0.4161869616136E-06
 288  0.3799616381982E-06  0.3487996206965E-06  0.3804485002146E-06  0.4120973797328E-06
 289  0.3770125218127E-06  0.3453211311079E-06  0.3764982739307E-06  0.4076754167535E-06
 290  0.3736059490378E-06  0.3414590761244E-06  0.3722227243945E-06  0.4029863726645E-06
 291  0.3690968722378E-06  0.3376305473894E-06  0.3680461319664E-06  0.3984617165434E-06
 292  0.3646502637713E-06  0.3344473953484E-06  0.3643916381922E-06  0.3943358810361E-06
 293  0.3611936466843E-06  0.3314596272966E-06  0.3610580440068E-06  0.3906564607170E-06
 294  0.3580113296302E-06  0.3280100077088E-06  0.3574219313405E-06  0.3868338549721E-06
 295  0.3540268704361E-06  0.3240148743844E-06  0.3532648148564E-06  0.3825147553285E-06
 296  0.3492652843021E-06  0.3201265378526E-06  0.3489911745312E-06  0.3778558112097E-06
 297  0.3445116577274E-06  0.3167268030510E-06  0.3450222988571E-06  0.3733177946632E-06
 298  0.3403671189392E-06  0.3134394183033E-06  0.3413890476736E-06  0.3693386770439E-06
 299  0.3369056006742E-06  0.3102162752350E-06  0.3379045151851E-06  0.3655927551353E-06
 300  0.3337079847915E-06  0.3069476817413E-06  0.3344132807475E-06  0.3618788797536E-06
 301  0.3301548892559E-06  0.3036593380460E-06  0.3308498921833E-06  0.3580404463206E-06
 302  0.3260153906011E-06  0.3003305238220E-06  0.3271952601969E-06  0.3540599965718E-06
 303  0.3218204126487E-06  0.2970123919768E-06  0.3234900775277E-06  0.3499677630786E-06
 304  0.3184396111258E-06  0.2938229838970E-06  0.3199210439624E-06  0.3460191040278E-06
 305  0.3160502088592E-06  0.2908252073436E-06  0.3166573668153E-06  0.3424895262870E-06
 306  0.3136750412525E-06  0.2880200015328E-06  0.3134813459437E-06  0.3389426903546E-06
 307  0.3102598040763E-06  0.2848138823164E-06  0.3099667734910E-06  0.3351196646655E-06
 308  0.3060908069350E-06  0.2812334179986E-06  0.3061456559585E-06  0.3310578939184E-06
 309  0.3023541051075E-06  0.2778851761458E-06  0.3025135531663E-06  0.3271419301867E-06
 310  0.2993823199225E-06  0.2749030866649E-06  0.2992667111031E-06  0.3236303355414E-06
 311  0.2963476998371E-06  0.2720890661451E-06  0.2960589244964E-06  0.3200287828477E-06
 312  0.2927342103584E-06  0.2690987657108E-06  0.2926523653556E-06  0.3162059650003E-06
 313  0.2890123769818E-06  0.2660701485661E-06  0.2892837285486E-06  0.3124973085312E-06
 314  0.2855958483567E-06  0.2631725513975E-06  0.2861787219281E-06  0.3091848924587E-06
 315  0.2822245702500E-06  0.2602115919034E-06  0.2831830990407E-06  0.3061546061780E-06
 316  0.2787836805967E-06  0.2572506996323E-06  0.2801125111997E-06  0.3029743227671E-06
 317  0.2756812778452E-06  0.2545882916345E-06  0.2770272363903E-06  0.2994661811461E-06
 318  0.2729818224394E-06  0.2519819378439E-06  0.2739607770160E-06  0.2959396161882E-06
 319  0.2701429525323E-06  0.2490535232169E-06  0.2708276108849E-06  0.2926016985530E-06
 320  0.2669553598379E-06  0.2459933396705E-06  0.2677014786745E-06  0.2894096176785E-06
 321  0.2638555179007E-06  0.2431629053398E-06  0.2647479163927E-06  0.2863329274456E-06
 322  0.2610812903131E-06  0.2405886144794E-06  0.2618995651467E-06  0.2832105158139E-06
 323  0.2582944173167E-06  0.2380272649595E-06  0.2589677670277E-06  0.2799082690959E-06
 324  0.2552364743403E-06  0.2352552627161E-06  0.2559508106832E-06  0.2766463586504E-06
 325  0.2522110177137E-06  0.2324355586569E-06  0.2529663681052E-06  0.2734971775534E-06
 326  0.2496338903659E-06  0.2297585340867E-06  0.2500446740865E-06  0.2703308140864E-06
 327  0.2473476084762E-06  0.2272011869227E-06  0.2471665624036E-06  0.2671319378845E-06
 328  0.2447570703447E-06  0.2246992484835E-06  0.2443647511477E-06  0.2640302538118E-06
 329  0.2416701424098E-06  0.2223050491817E-06  0.2416692449022E-06  0.2610334406227E-06
 330  0.2385602507079E-06  0.2198594268068E-06  0.2390215036601E-06  0.2581835805134E-06
 331  0.2358377859541E-06  0.2172599279954E-06  0.2363183222696E-06  0.2553767165438E-06
 332  0.2333801168056E-06  0.2146341911347E-06  0.2335391291192E-06  0.2524440671037E-06
 333  0.2309535145129E-06  0.2121267825706E-06  0.2307733137202E-06  0.2494198448698E-06
 334  0.2285180740092E-06  0.2098443635375E-06  0.2281057156712E-06  0.2463670678050E-06
 335  0.2259701227149E-06  0.2074822798466E-06  0.2255226504086E-06  0.2435630209706E-06
 336  0.2231782255181E-06  0.2049837451656E-06  0.2229489308491E-06  0.2409141165326E-06
 337  0.2203607979319E-06  0.2025524559518E-06  0.2203473863874E-06  0.2381423168231E-06
 338  0.2178744047747E-06  0.2001827591212E-06  0.2177671055915E-06  0.2353514520618E-06
 339  0.2156204150566E-06  0.1979143806617E-06  0.2152961498816E-06  0.2326779191016E-06
 340  0.2131458456626E-06  0.1956925544178E-06  0.2129322735145E-06  0.2301719926112E-06
 341  0.2103282773599E-06  0.1934376550287E-06  0.2105461406897E-06  0.2276546263508E-06
 342  0.2075839711117E-06  0.1911494597271E-06  0.2080656500727E-06  0.2249818404183E-06
 343  0.2053471374924E-06  0.1888529089897E-06  0.2056092276478E-06  0.2223655463058E-06
 344  0.2035200295222E-06  0.1866810729084E-06  0.2032903265861E-06  0.2198995802637E-06
 345  0.2015359716354E-06  0.1845819639043E-06  0.2010046058698E-06  0.2174272478353E-06
 346  0.1990000000319E-06  0.1824107829762E-06  0.1986085521363E-06  0.2148063212963E-06
 347  0.1961806493650E-06  0.1802614445175E-06  0.1962100730124E-06  0.2121587015074E-06
 348  0.1936764879009E-06  0.1783267192708E-06  0.1940257404462E-06  0.2097247616217E-06
 349  0.1916420298718E-06  0.1764775524570E-06  0.1919805727858E-06  0.2074835931146E-06
 350  0.1896461513791E-06  0.1744115997901E-06  0.1897611169212E-06  0.2051106340524E-06
 351  0.1873256613316E-06  0.1720923379255E-06  0.1873265905965E-06  0.2025608432675E-06
 352  0.1848458268803E-06  0.1699750294421E-06  0.1850062835628E-06  0.2000375376834E-06
 353  0.1825767458108E-06  0.1681393663456E-06  0.1829528794197E-06  0.1977663924939E-06
 354  0.1805921209777E-06  0.1662052318568E-06  0.1809135148029E-06  0.1956217977489E-06
 355  0.1786725175732E-06  0.1642242260793E-06  0.1787099040715E-06  0.1931955820637E-06
 356  0.1766079513690E-06  0.1622589257059E-06  0.1765031029074E-06  0.1907472801088E-06
 357  0.1743878234500E-06  0.1603565364618E-06  0.1744459047014E-06  0.1885352729411E-06
 358  0.1721758241466E-06  0.1585202392934E-06  0.1724581107155E-06  0.1863959821375E-06
 359  0.1701178512359E-06  0.1566066379322E-06  0.1704304969826E-06  0.1842543560329E-06
 360  0.1681994067695E-06  0.1547014380766E-06  0.1683966861450E-06  0.1820919342134E-06
 361  0.1662921806293E-06  0.1528953394760E-06  0.1664416790277E-06  0.1799880185793E-06
 362  0.1642787116692E-06  0.1511833911386E-06  0.1645660831804E-06  0.1779487752223E-06
 363  0.1621774342464E-06  0.1494781813336E-06  0.1627206655587E-06  0.1759631497837E-06
 364  0.1601834796933E-06  0.1477856456055E-06  0.1609067910189E-06  0.1740279364324E-06
 365  0.1584508777467E-06  0.1462029310132E-06  0.1591231989552E-06  0.1720434668972E-06
 366  0.1568174568280E-06  0.1445506153456E-06  0.1572756962044E-06  0.1700007770631E-06
 367  0.1549782294813E-06  0.1427192357480E-06  0.1553075960232E-06  0.1678959562984E-06
 368  0.1529384314808E-06  0.1408672987846E-06  0.1533493424317E-06  0.1658313860787E-06
 369  0.1510159686614E-06  0.1391618683915E-06  0.1515532336230E-06  0.1639445988546E-06
 370  0.1493567716902E-06  0.1376120786749E-06  0.1498606058681E-06  0.1621091330613E-06
 371  0.1477258064120E-06  0.1360160406224E-06  0.1481111447976E-06  0.1602062489728E-06
 372  0.1459085057399E-06  0.1343295772147E-06  0.1463030263106E-06  0.1582764754064E-06
 373  0.1440864138923E-06  0.1327312781754E-06  0.1445710624473E-06  0.1564108467192E-06
 374  0.1425668847954E-06  0.1312780761164E-06  0.1429506685302E-06  0.1546232609439E-06
 375  0.1412620754143E-06  0.1298101926705E-06  0.1413377545423E-06  0.1528653164141E-06
 376  0.1397542498675E-06  0.1282549888327E-06  0.1396821689414E-06  0.1511093490501E-06
 377  0.1379020636828E-06  0.1267348146974E-06  0.1380520531633E-06  0.1493692916292E-06
 378  0.1360693649346E-06  0.1253259196265E-06  0.1364798984685E-06  0.1476338773105E-06
 379  0.1346144238926E-06  0.1239198237589E-06  0.1349070024302E-06  0.1458941811016E-06
 380  0.1334119246932E-06  0.1224584621030E-06  0.1333182568829E-06  0.1441780516629E-06
 381  0.1320785329708E-06  0.1210050679158E-06  0.1317723516942E-06  0.1425396354727E-06
 382  0.1304926718439E-06  0.1195717879041E-06  0.1302762185101E-06  0.1409806491161E-06
 383  0.1288594709502E-06  0.1181810095369E-06  0.1287896832815E-06  0.1393983570261E-06
 384  0.1273138910460E-06  0.1168392476110E-06  0.1273124857513E-06  0.1377857238915E-06
 385  0.1257402816621E-06  0.1154948232799E-06  0.1258362236879E-06  0.1361776240960E-06
 386  0.1240834098575E-06  0.1141263764351E-06  0.1243278174928E-06  0.1345292585506E-06
 387  0.1225385001632E-06  0.1127860927281E-06  0.1228359860167E-06  0.1328858793052E-06
 388  0.1212423373427E-06  0.1114864263842E-06  0.1214543082879E-06  0.1314221901915E-06
 389  0.1200493627408E-06  0.1102135414595E-06  0.1201658371720E-06  0.1301181328844E-06
 390  0.1187909965290E-06  0.1089849829165E-06  0.1188698197354E-06  0.1287546565544E-06
 391  0.1174942842921E-06  0.1078150700773E-06  0.1175301732687E-06  0.1272452764601E-06
 392  0.1162234677998E-06  0.1066508674732E-06  0.1161986159505E-06  0.1257463644278E-06
 393  0.1149571845777E-06  0.1054762797569E-06  0.1149280107236E-06  0.1243797416904E-06
 394  0.1136931531226E-06  0.1043138912374E-06  0.1137008054021E-06  0.1230877195668E-06
 395  0.1124860939680E-06  0.1031434520685E-06  0.1124466438222E-06  0.1217498355759E-06
 396  0.1113285448783E-06  0.1019449241784E-06  0.1111416536618E-06  0.1203383831452E-06
 397  0.1101159405510E-06  0.1007591641416E-06  0.1098510765563E-06  0.1189429889709E-06
 398  0.1087728498771E-06  0.9964003684430E-07  0.1086158594159E-06  0.1175916819876E-06
 399  0.1073327352426E-06  0.9846792086757E-07  0.1073510024178E-06  0.1162340839680E-06
 400  0.1060497187764E-06  0.9732887154362E-07  0.1061533245237E-06  0.1149777775038E-06
 401  0.1046799514853E-06  0.9602616320781E-07  0.1047618937333E-06  0.1134976242587E-06
 402  0.1038436303502E-06  0.9525506439008E-07  0.1039209775611E-06  0.1125868907321E-06
 403  0.1027149036936E-06  0.9424618778672E-07  0.1027927054603E-06  0.1113392231339E-06
 404  0.1017021102127E-06  0.9330537796874E-07  0.1017008723863E-06  0.1100963668039E-06
 405  0.1007125750685E-06  0.9231818424488E-07  0.1006142329262E-06  0.1089102816075E-06
 406  0.9957545629783E-07  0.9125993456006E-07  0.9951384567476E-07  0.1077677567895E-06
 407  0.9833980300892E-07  0.9019960980996E-07  0.9841416134470E-07  0.1066287128794E-06
 408  0.9727061767781E-07  0.8922218404610E-07  0.9738204091341E-07  0.1055418977807E-06
 409  0.9645331992256E-07  0.8837046316912E-07  0.9644465292361E-07  0.1045188426781E-06
 410  0.9563462710780E-07  0.8751877096579E-07  0.9550513075639E-07  0.1034914905470E-06
 411  0.9461009261505E-07  0.8655035648671E-07  0.9448755338736E-07  0.1024247502880E-06
 412  0.9350306770033E-07  0.8559818560043E-07  0.9347153866550E-07  0.1013448917306E-06
 413  0.9249431030949E-07  0.8476582630673E-07  0.9254392981213E-07  0.1003220333175E-06
 414  0.9156604335775E-07  0.8399301836760E-07  0.9166335003254E-07  0.9933368169748E-07
 415  0.9065319956357E-07  0.8317878868343E-07  0.9076852597584E-07  0.9835826326825E-07
 416  0.8977342161739E-07  0.8233758785892E-07  0.8986256630000E-07  0.9738754474107E-07
 417  0.8892461527412E-07  0.8148253569802E-07  0.8895829552641E-07  0.9643405535480E-07
 418  0.8804295802953E-07  0.8060329999953E-07  0.8805991194866E-07  0.9551652389779E-07
 419  0.8709636185511E-07  0.7977920370609E-07  0.8718370132586E-07  0.9458819894562E-07
 420  0.8614193740369E-07  0.7900958527391E-07  0.8634209447281E-07  0.9367460367172E-07
 421  0.8528160578525E-07  0.7827854966511E-07  0.8553174035886E-07  0.9278493105260E-07
 422  0.8454640742228E-07  0.7754140383905E-07  0.8472839652263E-07  0.9191538920620E-07
 423  0.8384187373776E-07  0.7677243816561E-07  0.8390822727791E-07  0.9104401639020E-07
 424  0.8304822056467E-07  0.7604008643152E-07  0.8310251129275E-07  0.9016493615399E-07
 425  0.8214537007218E-07  0.7536317348627E-07  0.8235491240572E-07  0.8934665132517E-07
 426  0.8123119707660E-07  0.7470316675031E-07  0.8162585104455E-07  0.8854853533879E-07
 427  0.8044779290466E-07  0.7398275813498E-07  0.8085627779219E-07  0.8772979744939E-07
 428  0.7981988492796E-07  0.7319945175822E-07  0.8006261727197E-07  0.8692578278572E-07
 429  0.7918360802360E-07  0.7243974158405E-07  0.7927201305162E-07  0.8610428451918E-07
 430  0.7842122102141E-07  0.7172151377205E-07  0.7849034255309E-07  0.8525917133412E-07
 431  0.7765554199299E-07  0.7109481082404E-07  0.7776636667242E-07  0.8443792252080E-07
 432  0.7701154422283E-07  0.7052947074263E-07  0.7712543518472E-07  0.8372139962680E-07
 433  0.7636619819162E-07  0.6992159171963E-07  0.7647329537740E-07  0.8302499903517E-07
 434  0.7556737184916E-07  0.6922924338476E-07  0.7572523877894E-07  0.8222123417312E-07
 435  0.7471867036527E-07  0.6850963817005E-07  0.7495539930929E-07  0.8140116044854E-07
 436  0.7400256393182E-07  0.6785846388204E-07  0.7426551635377E-07  0.8067256882549E-07
 437  0.7338136921318E-07  0.6723953227787E-07  0.7361071410293E-07  0.7998189592800E-07
 438  0.7272048735193E-07  0.6660270662177E-07  0.7291194841245E-07  0.7922119020313E-07
 439  0.7206119201802E-07  0.6597557666173E-07  0.7222265288481E-07  0.7846972910789E-07
 440  0.7151786618135E-07  0.6541290018221E-07  0.7161822654787E-07  0.7782355291353E-07
 441  0.7102024957285E-07  0.6485705419303E-07  0.7103385754836E-07  0.7721066090368E-07
 442  0.7039729862582E-07  0.6421057565155E-07  0.7036823350076E-07  0.7652589134997E-07
 443  0.6964164220142E-07  0.6353603427344E-07  0.6965155771121E-07  0.7576708114897E-07
 444  0.6890306405399E-07  0.6292629733132E-07  0.6898902231165E-07  0.7505174729199E-07
 445  0.6827224035848E-07  0.6239619390074E-07  0.6841052839138E-07  0.7442486288201E-07
 446  0.6769533757098E-07  0.6189346223487E-07  0.6784528123909E-07  0.7379710024331E-07
 447  0.6708434308017E-07  0.6131380505866E-07  0.6721667947621E-07  0.7311955389377E-07
 448  0.6643002860591E-07  0.6067206265561E-07  0.6654031327140E-07  0.7240856388719E-07
 449  0.6577668453753E-07  0.6006259469161E-07  0.6590579812922E-07  0.7174900156684E-07
 450  0.6514205307422E-07  0.5954366772974E-07  0.6534924918176E-07  0.7115483063379E-07
 451  0.6453461680609E-07  0.5905783978944E-07  0.6480747843148E-07  0.7055711707353E-07
 452  0.6400560845075E-07  0.5852084342236E-07  0.6422666512943E-07  0.6993248683651E-07
 453  0.6357199835451E-07  0.5796661169564E-07  0.6362767573057E-07  0.6928873976549E-07
 454  0.6311068735719E-07  0.5741954024162E-07  0.6303492907959E-07  0.6865031791756E-07
 455  0.6246996682304E-07  0.5686781107417E-07  0.6243981214919E-07  0.6801181322422E-07
 456  0.6169748129386E-07  0.5632411916329E-07  0.6185408500868E-07  0.6738405085406E-07
 457  0.6102677714826E-07  0.5580992029989E-07  0.6131305205980E-07  0.6681618381972E-07
 458  0.6058717105729E-07  0.5534191689231E-07  0.6080892345398E-07  0.6627593001565E-07
 459  0.6023050700148E-07  0.5486442174265E-07  0.6028594124498E-07  0.6570746074731E-07
 460  0.5972947996943E-07  0.5433008632204E-07  0.5971596429310E-07  0.6510184226415E-07
 461  0.5907366546361E-07  0.5379170460811E-07  0.5913049885387E-07  0.6446929309963E-07
 462  0.5845282732757E-07  0.5328937494976E-07  0.5856698267623E-07  0.6384459040271E-07
 463  0.5797566170666E-07  0.5280354691872E-07  0.5802516575981E-07  0.6324678460090E-07
 464  0.5753271923446E-07  0.5231072664387E-07  0.5748925705223E-07  0.6266778746060E-07
 465  0.5697470098036E-07  0.5181541154376E-07  0.5696252681132E-07  0.6210964207888E-07
 466  0.5632546750086E-07  0.5133555629434E-07  0.5645894144082E-07  0.6158232658731E-07
 467  0.5572674972858E-07  0.5086424632416E-07  0.5596998201054E-07  0.6107571769691E-07
 468  0.5522236568005E-07  0.5037958315782E-07  0.5545971993779E-07  0.6053985671776E-07
 469  0.5472634788652E-07  0.4987088228008E-07  0.5491118965140E-07  0.5995149702272E-07
 470  0.5419655411641E-07  0.4936054668588E-07  0.5436115998524E-07  0.5936177328459E-07
 471  0.5369663289912E-07  0.4888429765354E-07  0.5385317913047E-07  0.5882206060740E-07
 472  0.5325682880299E-07  0.4843474750613E-07  0.5337662008523E-07  0.5831849266433E-07
 473  0.5280594272282E-07  0.4798816314894E-07  0.5289578499328E-07  0.5780340683763E-07
 474  0.5229729314628E-07  0.4753521613262E-07  0.5241056747686E-07  0.5728591882109E-07
 475  0.5179924277197E-07  0.4708957000842E-07  0.5194400677237E-07  0.5679844353632E-07
 476  0.5138744471590E-07  0.4666150589822E-07  0.5149234006971E-07  0.5632317424120E-07
 477  0.5102109274223E-07  0.4622571248689E-07  0.5103124691699E-07  0.5583678134710E-07
 478  0.5061174373712E-07  0.4579011624164E-07  0.5056833400497E-07  0.5534655176830E-07
 479  0.5016000347136E-07  0.4539813274129E-07  0.5014468409010E-07  0.5489123543891E-07
 480  0.4971801276877E-07  0.4504356559645E-07  0.4976100859880E-07  0.5447845160115E-07
 481  0.4926918177015E-07  0.4466883221320E-07  0.4935740808160E-07  0.5404598395001E-07
 482  0.4877155851646E-07  0.4423918521512E-07  0.4890614884553E-07  0.5357311247593E-07
 483  0.4827172128123E-07  0.4379978629422E-07  0.4845737840157E-07  0.5311497050892E-07
 484  0.4785307561479E-07  0.4340900628327E-07  0.4805441444318E-07  0.5269982260309E-07
 485  0.4750671813617E-07  0.4305266839430E-07  0.4767830558637E-07  0.5230394277844E-07
 486  0.4715189340724E-07  0.4269902443484E-07  0.4730247504248E-07  0.5190592565012E-07
 487  0.4675890696814E-07  0.4235155052222E-07  0.4693100756580E-07  0.5151046460938E-07
 488  0.4637973101776E-07  0.4201242738516E-07  0.4657062364693E-07  0.5112881990871E-07
 489  0.4607637100507E-07  0.4168002491521E-07  0.4622895063599E-07  0.5077787635677E-07
 490  0.4585034466411E-07  0.4138108346091E-07  0.4592775368853E-07  0.5047442391615E-07
 491  0.4562540742885E-07  0.4111953964740E-07  0.4565695262412E-07  0.5019436560085E-07
 492  0.4532089479832E-07  0.4082331126980E-07  0.4536066891517E-07  0.4989802656055E-07
 493  0.4497122776395E-07  0.4049789756631E-07  0.4504037016289E-07  0.4958284275946E-07
 494  0.4469610059682E-07  0.4024604330038E-07  0.4478979687808E-07  0.4933355045577E-07
 495  0.4450474367170E-07  0.4008916390781E-07  0.4463577008914E-07  0.4918237627047E-07
 496  0.4427521530467E-07  0.3991994967882E-07  0.4447035886169E-07  0.4902076804457E-07
 497  0.4399210452392E-07  0.3969509701031E-07  0.4425176239664E-07  0.4880842778297E-07
 498  0.4382273790371E-07  0.3954201036845E-07  0.4412182555087E-07  0.4870164073329E-07
 499  0.4387849913524E-07  0.3957025195148E-07  0.4419639203292E-07  0.4882253211436E-07
 500  0.4403396172203E-07  0.3967266920303E-07  0.4434875184232E-07  0.4902483448161E-07
 501  0.4409540009834E-07  0.3965381382561E-07  0.4437113311924E-07  0.4908845241287E-07
 502  0.4412752230514E-07  0.3957804519651E-07  0.4434653501664E-07  0.4911502483676E-07
 503  0.4446490747691E-07  0.3978912931876E-07  0.4465713784032E-07  0.4952514636188E-07
 504  0.4475038976172E-07  0.3997116620050E-07  0.4497428189644E-07  0.4997739759238E-07
