#
#  k,  E_varmin,  E - E_var,  E,  E + E_var
# averaged of total time steps of =    8000000
   1  0.9126605834106E-05  0.9058933375868E-05  0.9130731897226E-05  0.9202530418584E-05
   2  0.1907452047001E-04  0.1890905966527E-04  0.1908428318182E-04  0.1925950669836E-04
   3  0.1874170135874E-04  0.1856231563086E-04  0.1875202127752E-04  0.1894172692418E-04
   4  0.7488001950284E-05  0.7390534941263E-05  0.7492410413751E-05  0.7594285886238E-05
   5  0.1921622549361E-06  0.1836148331499E-06  0.1921734693680E-06  0.2007321055860E-06
   6  0.3914491668921E-05  0.3853907808017E-05  0.3916628026807E-05  0.3979348245596E-05
   7  0.9612453975595E-05  0.9506054764260E-05  0.9619359131237E-05  0.9732663498215E-05
   8  0.8585477144045E-05  0.8466471836617E-05  0.8591817497330E-05  0.8717163158043E-05
   9  0.3335833299172E-05  0.3242629204096E-05  0.3338514076107E-05  0.3434398948117E-05
  10  0.5837919707222E-06  0.5467497133490E-06  0.5834481601842E-06  0.6201466070195E-06
  11  0.2298176472471E-05  0.2228650753269E-05  0.2302044027958E-05  0.2375437302648E-05
  12  0.5079727887766E-05  0.4962430240023E-05  0.5088086401965E-05  0.5213742563907E-05
  13  0.5282653337248E-05  0.5145872995763E-05  0.5291757503460E-05  0.5437642011157E-05
  14  0.3463119081777E-05  0.3345383190316E-05  0.3469161666609E-05  0.3592940142901E-05
  15  0.2318691092019E-05  0.2229746972917E-05  0.2324762251336E-05  0.2419777529754E-05
  16  0.2140985250442E-05  0.2058915787945E-05  0.2151202918518E-05  0.2243490049091E-05
  17  0.1897623427374E-05  0.1815129148945E-05  0.1907289718440E-05  0.1999450287936E-05
  18  0.1984679050224E-05  0.1900614961039E-05  0.1987942879739E-05  0.2075270798439E-05
  19  0.2560280093028E-05  0.2448996373717E-05  0.2563847145497E-05  0.2678697917277E-05
  20  0.2617656027915E-05  0.2503597530651E-05  0.2628670392640E-05  0.2753743254629E-05
  21  0.2159477486549E-05  0.2051203414219E-05  0.2170463331763E-05  0.2289723249306E-05
  22  0.2001358644402E-05  0.1881355769522E-05  0.2001743624969E-05  0.2122131480415E-05
  23  0.1950687779456E-05  0.1817620936323E-05  0.1944410675904E-05  0.2071200415485E-05
  24  0.1657005734238E-05  0.1531255508999E-05  0.1657103051485E-05  0.1782950593970E-05
  25  0.1690185864085E-05  0.1567975233364E-05  0.1698187422931E-05  0.1828399612498E-05
  26  0.2224075626660E-05  0.2080617312047E-05  0.2229354051857E-05  0.2378090791667E-05
  27  0.2407498588045E-05  0.2251510138394E-05  0.2405614234499E-05  0.2559718330603E-05
  28  0.1981884536188E-05  0.1838432936931E-05  0.1980219643589E-05  0.2122006350247E-05
  29  0.1801564330891E-05  0.1657290638228E-05  0.1805133563077E-05  0.1952976487927E-05
  30  0.2125655350177E-05  0.1962375742948E-05  0.2129789318493E-05  0.2297202894038E-05
  31  0.2148018594113E-05  0.1981782171014E-05  0.2146939074858E-05  0.2312095978702E-05
  32  0.1715113459213E-05  0.1570521922624E-05  0.1711513449248E-05  0.1852504975872E-05
  33  0.1696331847802E-05  0.1549665345968E-05  0.1697748047615E-05  0.1845830749262E-05
  34  0.2231735742542E-05  0.2059807756020E-05  0.2238735869319E-05  0.2417663982618E-05
  35  0.2395487764947E-05  0.2205614627497E-05  0.2399820313853E-05  0.2594026000210E-05
  36  0.1922086906809E-05  0.1736710307272E-05  0.1919710646632E-05  0.2102710985991E-05
  37  0.1658805060547E-05  0.1479342444676E-05  0.1654869598000E-05  0.1830396751325E-05
  38  0.2029310715759E-05  0.1832116747268E-05  0.2027810033479E-05  0.2223503319690E-05
  39  0.2388380743201E-05  0.2177826147784E-05  0.2387170150147E-05  0.2596514152509E-05
  40  0.2202035837042E-05  0.1991982283836E-05  0.2199878593863E-05  0.2407774903890E-05
  41  0.1857665299504E-05  0.1659703024041E-05  0.1856903322279E-05  0.2054103620517E-05
  42  0.1906486428399E-05  0.1701885088590E-05  0.1907102180707E-05  0.2112319272824E-05
  43  0.2177837826645E-05  0.1958840849241E-05  0.2177188237651E-05  0.2395535626061E-05
  44  0.2180770291087E-05  0.1954988921701E-05  0.2179855976129E-05  0.2404723030557E-05
  45  0.1970632697315E-05  0.1753137762596E-05  0.1972779644455E-05  0.2192421526315E-05
  46  0.1963058599094E-05  0.1748419260725E-05  0.1967014788747E-05  0.2185610316769E-05
  47  0.2156598089293E-05  0.1933197979416E-05  0.2158629827435E-05  0.2384061675455E-05
  48  0.2243768007913E-05  0.2002674385684E-05  0.2244182033186E-05  0.2485689680687E-05
  49  0.2263174632372E-05  0.1998967076768E-05  0.2263007708502E-05  0.2527048340235E-05
  50  0.2449804013827E-05  0.2161615215142E-05  0.2445820971513E-05  0.2730026727883E-05
  51  0.2679314449739E-05  0.2373862995648E-05  0.2671515709252E-05  0.2969168422855E-05
  52  0.2700905799359E-05  0.2405074856512E-05  0.2699613668111E-05  0.2994152479710E-05
  53  0.2670275269291E-05  0.2382848564980E-05  0.2684745570317E-05  0.2986642575653E-05
  54  0.2881396489750E-05  0.2579228277609E-05  0.2905124308905E-05  0.3231020340200E-05
  55  0.3208954775967E-05  0.2876635931503E-05  0.3228323116375E-05  0.3580010301247E-05
  56  0.3310390858470E-05  0.2961551324038E-05  0.3326509897247E-05  0.3691468470456E-05
  57  0.3180874044785E-05  0.2845882167357E-05  0.3208637168622E-05  0.3571392169887E-05
  58  0.3109960578228E-05  0.2786606307855E-05  0.3151797238126E-05  0.3516988168396E-05
  59  0.3242685512533E-05  0.2902376878535E-05  0.3278922140611E-05  0.3655467402688E-05
  60  0.3452520786143E-05  0.3079380529273E-05  0.3468573887758E-05  0.3857767246244E-05
  61  0.3529727541180E-05  0.3148118557241E-05  0.3538865801000E-05  0.3929613044758E-05
  62  0.3409789720580E-05  0.3046189780643E-05  0.3432705727620E-05  0.3819221674597E-05
  63  0.3327061928002E-05  0.2962084390386E-05  0.3359693490856E-05  0.3757302591326E-05
  64  0.3585811401681E-05  0.3177044795595E-05  0.3606794153108E-05  0.4036543510620E-05
  65  0.4031267292732E-05  0.3572346831613E-05  0.4035158903014E-05  0.4497970974415E-05
  66  0.4162330820149E-05  0.3695680054224E-05  0.4167187057590E-05  0.4638694060955E-05
  67  0.3962777741847E-05  0.3525430362381E-05  0.3987112309825E-05  0.4448794257269E-05
  68  0.3970915067873E-05  0.3554309148427E-05  0.4016236551059E-05  0.4478163953692E-05
  69  0.4311026618009E-05  0.3888628912434E-05  0.4363930163210E-05  0.4839231413986E-05
  70  0.4488154656012E-05  0.4045218717683E-05  0.4529909625206E-05  0.5014600532729E-05
  71  0.4357617271530E-05  0.3887792805012E-05  0.4377948543036E-05  0.4868104281060E-05
  72  0.4377898547890E-05  0.3886127486175E-05  0.4389481412227E-05  0.4892835338279E-05
  73  0.4694499754516E-05  0.4197813810616E-05  0.4724920515182E-05  0.5252027219748E-05
  74  0.4874793513389E-05  0.4393223797171E-05  0.4930032645123E-05  0.5466841493076E-05
  75  0.4758065619718E-05  0.4273712041599E-05  0.4803783867043E-05  0.5333855692487E-05
  76  0.4755721602916E-05  0.4231788080574E-05  0.4756084202343E-05  0.5280380324112E-05
  77  0.5072182434321E-05  0.4506458766137E-05  0.5040761279370E-05  0.5575063792604E-05
  78  0.5317560117484E-05  0.4756282701449E-05  0.5301383659427E-05  0.5846484617406E-05
  79  0.5197144627760E-05  0.4663743041746E-05  0.5209680293159E-05  0.5755617544571E-05
  80  0.5032592600880E-05  0.4489564853599E-05  0.5035775765955E-05  0.5581986678311E-05
  81  0.5208735538585E-05  0.4624073608313E-05  0.5172413992379E-05  0.5720754376445E-05
  82  0.5519962233243E-05  0.4907042317970E-05  0.5466270337841E-05  0.6025498357712E-05
  83  0.5537797964130E-05  0.4943020259771E-05  0.5504670999590E-05  0.6066321739410E-05
  84  0.5338338362395E-05  0.4761628900659E-05  0.5324829580646E-05  0.5888030260634E-05
  85  0.5332812535553E-05  0.4725548495774E-05  0.5309592582089E-05  0.5893636668403E-05
  86  0.5547862368127E-05  0.4900632907847E-05  0.5507696121053E-05  0.6114759334259E-05
  87  0.5630178399719E-05  0.4987857092494E-05  0.5598532497950E-05  0.6209207903405E-05
  88  0.5492146136841E-05  0.4886195874562E-05  0.5490427934883E-05  0.6094659995203E-05
  89  0.5414247692562E-05  0.4827179198924E-05  0.5436398630385E-05  0.6045618061845E-05
  90  0.5516087151646E-05  0.4931899033806E-05  0.5545042054764E-05  0.6158185075722E-05
  91  0.5607886337922E-05  0.5031253622418E-05  0.5636568618901E-05  0.6241883615385E-05
  92  0.5577830411490E-05  0.5010690249063E-05  0.5606586089294E-05  0.6202481929525E-05
  93  0.5523693752334E-05  0.4961475754011E-05  0.5551365253314E-05  0.6141254752617E-05
  94  0.5506891682026E-05  0.4945613526238E-05  0.5534176207137E-05  0.6122738888036E-05
  95  0.5492422261041E-05  0.4933519889416E-05  0.5524397104538E-05  0.6115274319659E-05
  96  0.5493889022526E-05  0.4933164941767E-05  0.5529683531362E-05  0.6126202120957E-05
  97  0.5540897937764E-05  0.4965353862055E-05  0.5568649768445E-05  0.6171945674835E-05
  98  0.5572110465182E-05  0.4978442102975E-05  0.5584462551294E-05  0.6190482999613E-05
  99  0.5532338505728E-05  0.4938254457195E-05  0.5539531447004E-05  0.6140808436812E-05
 100  0.5482639789015E-05  0.4900677561713E-05  0.5496869995609E-05  0.6093062429505E-05
 101  0.5495428728765E-05  0.4913805226920E-05  0.5508442112414E-05  0.6103078997908E-05
 102  0.5535838967159E-05  0.4937701839281E-05  0.5529371806924E-05  0.6121041774568E-05
 103  0.5531617297223E-05  0.4918532382420E-05  0.5507642227536E-05  0.6096752072653E-05
 104  0.5479594039862E-05  0.4868842427145E-05  0.5460684738729E-05  0.6052527050313E-05
 105  0.5432558478007E-05  0.4834859833159E-05  0.5430474429183E-05  0.6026089025206E-05
 106  0.5420934878716E-05  0.4835923880383E-05  0.5425711244509E-05  0.6015498608634E-05
 107  0.5420419092696E-05  0.4837915400376E-05  0.5423451774498E-05  0.6008988148620E-05
 108  0.5385150705737E-05  0.4808212933716E-05  0.5394251402118E-05  0.5980289870520E-05
 109  0.5311851122447E-05  0.4757108606289E-05  0.5335999572958E-05  0.5914890539627E-05
 110  0.5246533990243E-05  0.4706372232229E-05  0.5279420408515E-05  0.5852468584802E-05
 111  0.5215753387514E-05  0.4677927874076E-05  0.5243872104545E-05  0.5809816335014E-05
 112  0.5194869459195E-05  0.4656802836231E-05  0.5213424187986E-05  0.5770045539741E-05
 113  0.5148797312320E-05  0.4616967821120E-05  0.5165861036256E-05  0.5714754251392E-05
 114  0.5080295017851E-05  0.4561576587127E-05  0.5105315435770E-05  0.5649054284412E-05
 115  0.5019049387355E-05  0.4508154139507E-05  0.5048878310769E-05  0.5589602482032E-05
 116  0.4973607307059E-05  0.4463094629453E-05  0.4995741455865E-05  0.5528388282278E-05
 117  0.4920427495636E-05  0.4408984966640E-05  0.4931306378112E-05  0.5453627789584E-05
 118  0.4848739668148E-05  0.4341859577203E-05  0.4858129407864E-05  0.5374399238526E-05
 119  0.4778130624872E-05  0.4280440294127E-05  0.4791071833192E-05  0.5301703372258E-05
 120  0.4723204323403E-05  0.4226298684718E-05  0.4730169988382E-05  0.5234041292047E-05
 121  0.4700627088043E-05  0.4196594774483E-05  0.4694319449840E-05  0.5192044125198E-05
 122  0.4629865989940E-05  0.4127969448160E-05  0.4615935930990E-05  0.5103902413820E-05
 123  0.4556012698118E-05  0.4070186288859E-05  0.4545920903916E-05  0.5021655518972E-05
 124  0.4483111214043E-05  0.4015377132272E-05  0.4479421273130E-05  0.4943465413988E-05
 125  0.4408537037231E-05  0.3951484031753E-05  0.4411517098114E-05  0.4871550164476E-05
 126  0.4335164506538E-05  0.3892857940885E-05  0.4347280613869E-05  0.4801703286854E-05
 127  0.4266110842179E-05  0.3839724963843E-05  0.4285191106070E-05  0.4730657248298E-05
 128  0.4199504059389E-05  0.3784146900433E-05  0.4218282806466E-05  0.4652418712499E-05
 129  0.4131667209620E-05  0.3720298400354E-05  0.4148588626625E-05  0.4576878852897E-05
 130  0.4062404781452E-05  0.3658875754865E-05  0.4084214425290E-05  0.4509553095716E-05
 131  0.3995676435406E-05  0.3602885728943E-05  0.4022669698126E-05  0.4442453667308E-05
 132  0.3933985115554E-05  0.3540449161238E-05  0.3955195232945E-05  0.4369941304651E-05
 133  0.3875553855246E-05  0.3478707749732E-05  0.3885175293465E-05  0.4291642837198E-05
 134  0.3814762107662E-05  0.3427473357243E-05  0.3822267422738E-05  0.4217061488232E-05
 135  0.3751075654077E-05  0.3379118472734E-05  0.3765406585319E-05  0.4151694697903E-05
 136  0.3692999226366E-05  0.3322385211553E-05  0.3706133823716E-05  0.4089882435878E-05
 137  0.3643136772148E-05  0.3264471220431E-05  0.3643730557122E-05  0.4022989893812E-05
 138  0.3589506823340E-05  0.3209535798064E-05  0.3583673671089E-05  0.3957811544114E-05
 139  0.3522227274345E-05  0.3162957080545E-05  0.3528877012500E-05  0.3894796944454E-05
 140  0.3452536700907E-05  0.3120453474897E-05  0.3476977949523E-05  0.3833502424148E-05
 141  0.3398886653786E-05  0.3072389123831E-05  0.3425121403064E-05  0.3777853682297E-05
 142  0.3360597906467E-05  0.3026647911846E-05  0.3372514725596E-05  0.3718381539347E-05
 143  0.3319826172465E-05  0.2986128041516E-05  0.3320160786811E-05  0.3654193532106E-05
 144  0.3266606919324E-05  0.2943292030511E-05  0.3269214041761E-05  0.3595136053011E-05
 145  0.3210180183285E-05  0.2898869165716E-05  0.3220293448122E-05  0.3541717730528E-05
 146  0.3162531810891E-05  0.2856818919203E-05  0.3173568315618E-05  0.3490317712032E-05
 147  0.3120180724463E-05  0.2813809321511E-05  0.3126695446950E-05  0.3439581572388E-05
 148  0.3071766789829E-05  0.2765898293962E-05  0.3076248901055E-05  0.3386599508148E-05
 149  0.3018364859548E-05  0.2718012895310E-05  0.3024553101906E-05  0.3331093308501E-05
 150  0.2970416943558E-05  0.2677561007085E-05  0.2978148065959E-05  0.3278735124834E-05
 151  0.2928353876428E-05  0.2641332730835E-05  0.2937251704848E-05  0.3233170678860E-05
 152  0.2883732444832E-05  0.2606548971143E-05  0.2894991916382E-05  0.3183434861620E-05
 153  0.2836669480693E-05  0.2567712382660E-05  0.2849544938828E-05  0.3131377494996E-05
 154  0.2793912170534E-05  0.2525884135158E-05  0.2805550888786E-05  0.3085217642413E-05
 155  0.2753893958044E-05  0.2487641909772E-05  0.2763836856566E-05  0.3040031803360E-05
 156  0.2711075658824E-05  0.2450687506600E-05  0.2720634528218E-05  0.2990581549836E-05
 157  0.2668796939715E-05  0.2411876433388E-05  0.2676957233474E-05  0.2942038033559E-05
 158  0.2632125213195E-05  0.2374411514085E-05  0.2637428061429E-05  0.2900444608774E-05
 159  0.2596705011690E-05  0.2340721666868E-05  0.2600839630787E-05  0.2860957594705E-05
 160  0.2557643293984E-05  0.2305433027644E-05  0.2562446074336E-05  0.2819459121029E-05
 161  0.2520502158762E-05  0.2271922924735E-05  0.2523666069428E-05  0.2775409214122E-05
 162  0.2489218870450E-05  0.2242288182396E-05  0.2488421880218E-05  0.2734555578040E-05
 163  0.2455774881424E-05  0.2212037812382E-05  0.2453978426011E-05  0.2695919039640E-05
 164  0.2414138420217E-05  0.2178732914102E-05  0.2416039967728E-05  0.2653347021354E-05
 165  0.2373025437672E-05  0.2144613506626E-05  0.2377931020859E-05  0.2611248535091E-05
 166  0.2342322275413E-05  0.2114421670556E-05  0.2344435521734E-05  0.2574449372911E-05
 167  0.2318024947039E-05  0.2088546613071E-05  0.2312785002887E-05  0.2537023392703E-05
 168  0.2289844764751E-05  0.2059870904273E-05  0.2278427664297E-05  0.2496984424321E-05
 169  0.2254301118790E-05  0.2027971179550E-05  0.2242778348976E-05  0.2457585518403E-05
 170  0.2215037711098E-05  0.1996929931663E-05  0.2209275261195E-05  0.2421620590726E-05
 171  0.2177032105950E-05  0.1966968702671E-05  0.2177784334706E-05  0.2388599966741E-05
 172  0.2143941770578E-05  0.1939348833852E-05  0.2147068424699E-05  0.2354788015545E-05
 173  0.2115892410527E-05  0.1912363182451E-05  0.2117249041443E-05  0.2322134900435E-05
 174  0.2088982151813E-05  0.1885058070840E-05  0.2087880184456E-05  0.2290702298071E-05
 175  0.2059538871721E-05  0.1858730787573E-05  0.2057870079388E-05  0.2257009371203E-05
 176  0.2027825483921E-05  0.1832252809759E-05  0.2027751480655E-05  0.2223250151550E-05
 177  0.1996441564163E-05  0.1807031149942E-05  0.1999116610037E-05  0.2191202070132E-05
 178  0.1967187309345E-05  0.1783278224403E-05  0.1972179697104E-05  0.2161081169805E-05
 179  0.1940248404155E-05  0.1758584998319E-05  0.1945852878909E-05  0.2133120759500E-05
 180  0.1914343028323E-05  0.1733132594453E-05  0.1919306356588E-05  0.2105480118724E-05
 181  0.1886778163947E-05  0.1708471466710E-05  0.1892021678530E-05  0.2075571890350E-05
 182  0.1855779913517E-05  0.1683342387345E-05  0.1863805613613E-05  0.2044268839880E-05
 183  0.1823771379338E-05  0.1659040335135E-05  0.1835973863894E-05  0.2012907392652E-05
 184  0.1796130430151E-05  0.1636824415690E-05  0.1810772039960E-05  0.1984719664230E-05
 185  0.1775066093464E-05  0.1615771777076E-05  0.1788292497673E-05  0.1960813218271E-05
 186  0.1756604334274E-05  0.1595208932420E-05  0.1765810651736E-05  0.1936412371052E-05
 187  0.1735152421475E-05  0.1573153940537E-05  0.1741270820168E-05  0.1909387699799E-05
 188  0.1709822731250E-05  0.1551804871985E-05  0.1715827425795E-05  0.1879849979605E-05
 189  0.1684540223534E-05  0.1531864306497E-05  0.1691835761453E-05  0.1851807216408E-05
 190  0.1662397311034E-05  0.1512661205932E-05  0.1669722630839E-05  0.1826784055745E-05
 191  0.1641654994925E-05  0.1494098015816E-05  0.1647862731549E-05  0.1801627447281E-05
 192  0.1618463609010E-05  0.1473461904790E-05  0.1625156765102E-05  0.1776851625415E-05
 193  0.1592978484371E-05  0.1452416285872E-05  0.1602695984689E-05  0.1752975683506E-05
 194  0.1570149054866E-05  0.1434161156537E-05  0.1581825919043E-05  0.1729490681549E-05
 195  0.1552695996639E-05  0.1415764637960E-05  0.1561318708688E-05  0.1706872779417E-05
 196  0.1536484257790E-05  0.1395206801266E-05  0.1539132235669E-05  0.1683057670072E-05
 197  0.1516251225025E-05  0.1373646303954E-05  0.1516434893858E-05  0.1659223483763E-05
 198  0.1493209325372E-05  0.1355013389165E-05  0.1496129030306E-05  0.1637244671447E-05
 199  0.1472495439385E-05  0.1339786807868E-05  0.1477866949345E-05  0.1615947090821E-05
 200  0.1455449590466E-05  0.1323415156252E-05  0.1458848166726E-05  0.1594281177200E-05
 201  0.1438841700872E-05  0.1305632979893E-05  0.1438522427986E-05  0.1571411876080E-05
 202  0.1420346981078E-05  0.1288245334832E-05  0.1418576698587E-05  0.1548908062342E-05
 203  0.1400832529142E-05  0.1271694078889E-05  0.1399733235876E-05  0.1527772392863E-05
 204  0.1381400571425E-05  0.1255026538723E-05  0.1381582760364E-05  0.1508138982006E-05
 205  0.1361656620584E-05  0.1238439309435E-05  0.1364018652767E-05  0.1489597996098E-05
 206  0.1341931599286E-05  0.1222767974687E-05  0.1347118449944E-05  0.1471468925201E-05
 207  0.1324028043460E-05  0.1207243849121E-05  0.1330400329149E-05  0.1453556809176E-05
 208  0.1308134671983E-05  0.1191853825959E-05  0.1312911986945E-05  0.1433970147932E-05
 209  0.1292065372356E-05  0.1176274437956E-05  0.1294433485258E-05  0.1412592532560E-05
 210  0.1274936869452E-05  0.1161036737233E-05  0.1276627801939E-05  0.1392218866646E-05
 211  0.1258143883391E-05  0.1147392175250E-05  0.1261211585413E-05  0.1375030995575E-05
 212  0.1242078650470E-05  0.1133601882574E-05  0.1246959265923E-05  0.1360316649272E-05
 213  0.1225854788324E-05  0.1118571646170E-05  0.1231365578845E-05  0.1344159511520E-05
 214  0.1210111412988E-05  0.1103902272864E-05  0.1214654329612E-05  0.1325406386361E-05
 215  0.1196037800256E-05  0.1090022442545E-05  0.1198700143919E-05  0.1307377845292E-05
 216  0.1182665298903E-05  0.1076137908500E-05  0.1183544536250E-05  0.1290951164000E-05
 217  0.1168215288041E-05  0.1061628483663E-05  0.1168110630395E-05  0.1274592777128E-05
 218  0.1152574591425E-05  0.1047577624432E-05  0.1152423553732E-05  0.1257269483032E-05
 219  0.1136706030551E-05  0.1033962202810E-05  0.1136971404905E-05  0.1239980607000E-05
 220  0.1121460560993E-05  0.1020700999593E-05  0.1121928039040E-05  0.1223155078488E-05
 221  0.1107334975890E-05  0.1008222215473E-05  0.1107648200031E-05  0.1207074184589E-05
 222  0.1093833206055E-05  0.9950044085959E-06  0.1094077157874E-05  0.1193149907153E-05
 223  0.1079819940812E-05  0.9821318712639E-06  0.1080262382118E-05  0.1178392892973E-05
 224  0.1065498008610E-05  0.9697776253470E-06  0.1065933456114E-05  0.1162089286881E-05
 225  0.1052239883376E-05  0.9575748511750E-06  0.1052137476313E-05  0.1146700101451E-05
 226  0.1040001559017E-05  0.9459906472759E-06  0.1039386718920E-05  0.1132782790565E-05
 227  0.1027205607169E-05  0.9340563209853E-06  0.1026839307693E-05  0.1119622294401E-05
 228  0.1013490374793E-05  0.9223107282631E-06  0.1013916855012E-05  0.1105522981761E-05
 229  0.1000149828076E-05  0.9112916369007E-06  0.1001137447732E-05  0.1090983258563E-05
 230  0.9875847956650E-06  0.9004325377316E-06  0.9888809949239E-06  0.1077329452116E-05
 231  0.9745676895737E-06  0.8893374332046E-06  0.9765852573918E-06  0.1063833081579E-05
 232  0.9607026611683E-06  0.8784336408879E-06  0.9638708327874E-06  0.1049308024687E-05
 233  0.9476244425037E-06  0.8676286019084E-06  0.9513850796967E-06  0.1035141557485E-05
 234  0.9368072960921E-06  0.8570170053129E-06  0.9397198570113E-06  0.1022422708710E-05
 235  0.9275601061325E-06  0.8465656783260E-06  0.9283785873444E-06  0.1010191496363E-05
 236  0.9179880880443E-06  0.8354623982312E-06  0.9166620523584E-06  0.9978617064857E-06
 237  0.9069040600836E-06  0.8243225189462E-06  0.9047215077407E-06  0.9851204965352E-06
 238  0.8945776897647E-06  0.8140508559382E-06  0.8930891363771E-06  0.9721274168160E-06
 239  0.8823914022650E-06  0.8042015849560E-06  0.8818760328981E-06  0.9595504808402E-06
 240  0.8715081292510E-06  0.7939109415580E-06  0.8708692989497E-06  0.9478276563415E-06
 241  0.8614852010209E-06  0.7837366731798E-06  0.8599619113009E-06  0.9361871494221E-06
 242  0.8511049015834E-06  0.7743562931113E-06  0.8492907837664E-06  0.9242252744214E-06
 243  0.8404387073965E-06  0.7650332644864E-06  0.8389184970693E-06  0.9128037296521E-06
 244  0.8305283326216E-06  0.7555968280694E-06  0.8285252126936E-06  0.9014535973178E-06
 245  0.8212327232273E-06  0.7459328554990E-06  0.8178810261107E-06  0.8898291967224E-06
 246  0.8112226192240E-06  0.7362045356618E-06  0.8074440612141E-06  0.8786835867663E-06
 247  0.8000916537560E-06  0.7277399029665E-06  0.7977691969750E-06  0.8677984909835E-06
 248  0.7890114989469E-06  0.7201739305256E-06  0.7886928320832E-06  0.8572117336407E-06
 249  0.7790818908783E-06  0.7119762286719E-06  0.7796204441083E-06  0.8472646595448E-06
 250  0.7701150120075E-06  0.7032250782827E-06  0.7701272914404E-06  0.8370295045981E-06
 251  0.7611979409231E-06  0.6940057423279E-06  0.7601062754621E-06  0.8262068085962E-06
 252  0.7516387731510E-06  0.6849012313442E-06  0.7499417503565E-06  0.8149822693687E-06
 253  0.7412233854087E-06  0.6765020201369E-06  0.7403096171592E-06  0.8041172141814E-06
 254  0.7304123548064E-06  0.6684717735099E-06  0.7313746078913E-06  0.7942774422726E-06
 255  0.7204443100800E-06  0.6601414345440E-06  0.7226949331852E-06  0.7852484318264E-06
 256  0.7122018003655E-06  0.6519875166397E-06  0.7140270282781E-06  0.7760665399165E-06
 257  0.7048151232140E-06  0.6441981568745E-06  0.7054897824417E-06  0.7667814080089E-06
 258  0.6965253212470E-06  0.6367125885540E-06  0.6970548208923E-06  0.7573970532307E-06
 259  0.6869627641471E-06  0.6294299475136E-06  0.6885349319109E-06  0.7476399163082E-06
 260  0.6775730848810E-06  0.6216099509458E-06  0.6799271706099E-06  0.7382443902741E-06
 261  0.6698050648786E-06  0.6133844192151E-06  0.6713830714814E-06  0.7293817237477E-06
 262  0.6635627652278E-06  0.6055652539680E-06  0.6630118433744E-06  0.7204584327808E-06
 263  0.6573157109145E-06  0.5985305917607E-06  0.6547836742948E-06  0.7110367568289E-06
 264  0.6496073664318E-06  0.5914151520457E-06  0.6466073474878E-06  0.7017995429299E-06
 265  0.6406545836570E-06  0.5838067169260E-06  0.6385414184430E-06  0.6932761199601E-06
 266  0.6320592334072E-06  0.5764116929190E-06  0.6307883797059E-06  0.6851650664927E-06
 267  0.6245836734656E-06  0.5695297692388E-06  0.6233659616350E-06  0.6772021540312E-06
 268  0.6171347140188E-06  0.5629855578445E-06  0.6160383571401E-06  0.6690911564358E-06
 269  0.6086480911053E-06  0.5564935876227E-06  0.6086253387303E-06  0.6607570898379E-06
 270  0.5999176002831E-06  0.5499052464215E-06  0.6011444300126E-06  0.6523836136036E-06
 271  0.5924274376819E-06  0.5433025392798E-06  0.5936958053817E-06  0.6440890714836E-06
 272  0.5860351204250E-06  0.5365778242220E-06  0.5863722601158E-06  0.6361666960097E-06
 273  0.5790991115941E-06  0.5297533884789E-06  0.5791642663602E-06  0.6285751442414E-06
 274  0.5709252044890E-06  0.5233336023844E-06  0.5719714995856E-06  0.6206093967868E-06
 275  0.5628515128740E-06  0.5171847376925E-06  0.5648014322361E-06  0.6124181267797E-06
 276  0.5562687929789E-06  0.5108989483533E-06  0.5577866522547E-06  0.6046743561562E-06
 277  0.5504815527748E-06  0.5044592831148E-06  0.5509469146701E-06  0.5974345462253E-06
 278  0.5436926988565E-06  0.4979982121062E-06  0.5442198986151E-06  0.5904415851239E-06
 279  0.5357184541908E-06  0.4920379973396E-06  0.5376524319069E-06  0.5832668664743E-06
 280  0.5283917001784E-06  0.4865397380226E-06  0.5312529188547E-06  0.5759660996868E-06
 281  0.5230236190696E-06  0.4808833320742E-06  0.5248228433660E-06  0.5687623546579E-06
 282  0.5185874235528E-06  0.4747892359670E-06  0.5182576137663E-06  0.5617259915656E-06
 283  0.5131633851428E-06  0.4687608183913E-06  0.5118108637149E-06  0.5548609090386E-06
 284  0.5065422134946E-06  0.4632740197054E-06  0.5057410738254E-06  0.5482081279453E-06
 285  0.5002952916248E-06  0.4580408643731E-06  0.4998528289809E-06  0.5416647935888E-06
 286  0.4952812788105E-06  0.4524537618613E-06  0.4937380756073E-06  0.5350223893533E-06
 287  0.4902769566351E-06  0.4464870792589E-06  0.4873948914734E-06  0.5283027036879E-06
 288  0.4837879470619E-06  0.4408640718113E-06  0.4812551288695E-06  0.5216461859278E-06
 289  0.4762846229523E-06  0.4355410455229E-06  0.4755388615360E-06  0.5155366775490E-06
 290  0.4695125186796E-06  0.4302666906056E-06  0.4699605191238E-06  0.5096543476419E-06
 291  0.4641051797853E-06  0.4251943754414E-06  0.4642325520179E-06  0.5032707285945E-06
 292  0.4591712155048E-06  0.4201964184673E-06  0.4584854598886E-06  0.4967745013100E-06
 293  0.4540268291293E-06  0.4153060257645E-06  0.4529447852961E-06  0.4905835448276E-06
 294  0.4489306368467E-06  0.4102362556015E-06  0.4475157827881E-06  0.4847953099746E-06
 295  0.4439645624472E-06  0.4049252093946E-06  0.4419757617624E-06  0.4790263141302E-06
 296  0.4385342948683E-06  0.3996568140433E-06  0.4363844421666E-06  0.4731120702899E-06
 297  0.4324501055219E-06  0.3948120976812E-06  0.4310113150287E-06  0.4672105323763E-06
 298  0.4265232617706E-06  0.3902969401238E-06  0.4259370191011E-06  0.4615770980784E-06
 299  0.4215059670162E-06  0.3856877839383E-06  0.4209549640890E-06  0.4562221442397E-06
 300  0.4170360519613E-06  0.3809456615044E-06  0.4158511003981E-06  0.4507565392917E-06
 301  0.4121194807719E-06  0.3761233637590E-06  0.4105922464591E-06  0.4450611291591E-06
 302  0.4063787317892E-06  0.3712335383186E-06  0.4052616358998E-06  0.4392897334810E-06
 303  0.4004865701175E-06  0.3664510382117E-06  0.4000089111727E-06  0.4335667841337E-06
 304  0.3953972295473E-06  0.3620975032776E-06  0.3950396756772E-06  0.4279818480767E-06
 305  0.3913266780151E-06  0.3579487020483E-06  0.3904293263658E-06  0.4229099506832E-06
 306  0.3875865542451E-06  0.3535989659087E-06  0.3859724607870E-06  0.4183459556652E-06
 307  0.3833139029641E-06  0.3490693806726E-06  0.3813849875912E-06  0.4137005945099E-06
 308  0.3782444373880E-06  0.3448291081741E-06  0.3766052686724E-06  0.4083814291707E-06
 309  0.3728706540872E-06  0.3408440201728E-06  0.3717828094253E-06  0.4027215986777E-06
 310  0.3679421109398E-06  0.3367355853885E-06  0.3670607464135E-06  0.3973859074385E-06
 311  0.3636662010457E-06  0.3324720613031E-06  0.3624775545429E-06  0.3924830477827E-06
 312  0.3594166706617E-06  0.3282030072935E-06  0.3580274885700E-06  0.3878519698466E-06
 313  0.3545374213225E-06  0.3242611907369E-06  0.3537146666363E-06  0.3831681425357E-06
 314  0.3493225265848E-06  0.3205322687055E-06  0.3495145117716E-06  0.3784967548377E-06
 315  0.3446421195663E-06  0.3165934418523E-06  0.3453257616362E-06  0.3740580814200E-06
 316  0.3406951862000E-06  0.3124374705010E-06  0.3410790410548E-06  0.3697206116086E-06
 317  0.3368590667376E-06  0.3086250089165E-06  0.3368719119541E-06  0.3651188149917E-06
 318  0.3327543361739E-06  0.3052383946038E-06  0.3328140012721E-06  0.3603896079403E-06
 319  0.3286363813642E-06  0.3016893701413E-06  0.3287790061161E-06  0.3558686420910E-06
 320  0.3246489244059E-06  0.2977530620885E-06  0.3245744950202E-06  0.3513959279519E-06
 321  0.3205441804118E-06  0.2937350048863E-06  0.3203259998114E-06  0.3469169947365E-06
 322  0.3163420618386E-06  0.2900420953485E-06  0.3163707717574E-06  0.3426994481663E-06
 323  0.3124802646350E-06  0.2866613917392E-06  0.3127424251418E-06  0.3388234585444E-06
 324  0.3090654350023E-06  0.2833056676404E-06  0.3090863306960E-06  0.3348669937515E-06
 325  0.3056232919979E-06  0.2797368794094E-06  0.3051638436045E-06  0.3305908077997E-06
 326  0.3018090396485E-06  0.2761172228922E-06  0.3011590896423E-06  0.3262009563924E-06
 327  0.2978203868296E-06  0.2726321007075E-06  0.2973492873238E-06  0.3220664739402E-06
 328  0.2939589967622E-06  0.2693639338319E-06  0.2936967699503E-06  0.3180296060686E-06
 329  0.2902593661126E-06  0.2659248265848E-06  0.2899797463669E-06  0.3140346661490E-06
 330  0.2866657520753E-06  0.2622701531942E-06  0.2861930933014E-06  0.3101160334086E-06
 331  0.2831954289653E-06  0.2589093148207E-06  0.2825616251067E-06  0.3062139353928E-06
 332  0.2798204970883E-06  0.2558932773662E-06  0.2791769234428E-06  0.3024605695193E-06
 333  0.2764402913368E-06  0.2529722507427E-06  0.2758503041442E-06  0.2987283575456E-06
 334  0.2730165654755E-06  0.2498083409484E-06  0.2723794861142E-06  0.2949506312801E-06
 335  0.2695492840813E-06  0.2465252391362E-06  0.2688060436862E-06  0.2910868482361E-06
 336  0.2659366212869E-06  0.2432702214326E-06  0.2653503149455E-06  0.2874304084585E-06
 337  0.2620746769193E-06  0.2403116603653E-06  0.2621616088113E-06  0.2840115572573E-06
 338  0.2581561622674E-06  0.2376643107546E-06  0.2591504691848E-06  0.2806366276150E-06
 339  0.2546447544707E-06  0.2348596083618E-06  0.2560561492763E-06  0.2772526901908E-06
 340  0.2517512306287E-06  0.2318215008494E-06  0.2527288552605E-06  0.2736362096717E-06
 341  0.2490825618015E-06  0.2286449370621E-06  0.2493357183661E-06  0.2700264996701E-06
 342  0.2460838758679E-06  0.2256203338458E-06  0.2461809755309E-06  0.2667416172159E-06
 343  0.2427534064154E-06  0.2229542928505E-06  0.2433240501295E-06  0.2636938074086E-06
 344  0.2395994286730E-06  0.2204020497188E-06  0.2405241513578E-06  0.2606462529967E-06
 345  0.2368772033431E-06  0.2177259600112E-06  0.2375743913310E-06  0.2574228226509E-06
 346  0.2342292071763E-06  0.2149886453488E-06  0.2345270588347E-06  0.2540654723206E-06
 347  0.2312254821670E-06  0.2123061940860E-06  0.2315477544084E-06  0.2507893147309E-06
 348  0.2279616845038E-06  0.2096850087000E-06  0.2286854388669E-06  0.2476858690339E-06
 349  0.2248712930696E-06  0.2070072220859E-06  0.2258552959640E-06  0.2447033698421E-06
 350  0.2221201289811E-06  0.2042409577640E-06  0.2229799463327E-06  0.2417189349013E-06
 351  0.2194861618022E-06  0.2015352826099E-06  0.2200956945529E-06  0.2386561064959E-06
 352  0.2167879160638E-06  0.1990523335138E-06  0.2173159851616E-06  0.2355796368094E-06
 353  0.2141451213790E-06  0.1966919527324E-06  0.2146836180895E-06  0.2326752834467E-06
 354  0.2117600240033E-06  0.1943481909862E-06  0.2121028145358E-06  0.2298574380855E-06
 355  0.2096111513886E-06  0.1919803460699E-06  0.2094658758210E-06  0.2269514055722E-06
 356  0.2074304887759E-06  0.1895676248210E-06  0.2067944504093E-06  0.2240212759977E-06
 357  0.2049358676566E-06  0.1871671203843E-06  0.2041822861267E-06  0.2211974518691E-06
 358  0.2021043450086E-06  0.1848247897481E-06  0.2016494572352E-06  0.2184741247223E-06
 359  0.1992124946715E-06  0.1825656131914E-06  0.1991433494221E-06  0.2157210856527E-06
 360  0.1965489803215E-06  0.1803547034507E-06  0.1966455550172E-06  0.2129364065837E-06
 361  0.1941492174855E-06  0.1781455108978E-06  0.1941775805381E-06  0.2102096501784E-06
 362  0.1918897416970E-06  0.1758559862686E-06  0.1917255290721E-06  0.2075950718755E-06
 363  0.1896909404663E-06  0.1735362880375E-06  0.1892640112799E-06  0.2049917345222E-06
 364  0.1874633640898E-06  0.1712846057457E-06  0.1868405748272E-06  0.2023965439087E-06
 365  0.1850366822196E-06  0.1691638186894E-06  0.1845246581817E-06  0.1998854976740E-06
 366  0.1823885044507E-06  0.1671095240247E-06  0.1822762957603E-06  0.1974430674958E-06
 367  0.1797959441285E-06  0.1649765171600E-06  0.1799754280685E-06  0.1949743389771E-06
 368  0.1775183739052E-06  0.1627725153950E-06  0.1776007760926E-06  0.1924290367901E-06
 369  0.1754492944423E-06  0.1605960252363E-06  0.1752819311415E-06  0.1899678370466E-06
 370  0.1733130766225E-06  0.1585796595890E-06  0.1731312184018E-06  0.1876827772146E-06
 371  0.1710841826281E-06  0.1567059847051E-06  0.1710925497235E-06  0.1854791147419E-06
 372  0.1689496191116E-06  0.1547443032999E-06  0.1690165621962E-06  0.1832888210924E-06
 373  0.1669547747254E-06  0.1527315909206E-06  0.1668544700118E-06  0.1809773491030E-06
 374  0.1649642232431E-06  0.1508051456828E-06  0.1647114814489E-06  0.1786178172151E-06
 375  0.1629148351894E-06  0.1489751845986E-06  0.1626935327072E-06  0.1764118808159E-06
 376  0.1608390606554E-06  0.1472243103217E-06  0.1607645566740E-06  0.1743048030262E-06
 377  0.1586796446119E-06  0.1454444115326E-06  0.1588120012442E-06  0.1721795909557E-06
 378  0.1563938166335E-06  0.1436129621496E-06  0.1568158438804E-06  0.1700187256112E-06
 379  0.1542280817492E-06  0.1418331094915E-06  0.1548667691086E-06  0.1679004287258E-06
 380  0.1525171303418E-06  0.1401135131262E-06  0.1530171570348E-06  0.1659208009435E-06
 381  0.1511452843642E-06  0.1384014326488E-06  0.1512028212302E-06  0.1640042098115E-06
 382  0.1495758768566E-06  0.1366588718170E-06  0.1493492001169E-06  0.1620395284168E-06
 383  0.1475422944351E-06  0.1349216170237E-06  0.1474834815997E-06  0.1600453461757E-06
 384  0.1453789652767E-06  0.1332902484777E-06  0.1456844287339E-06  0.1580786089902E-06
 385  0.1435138837451E-06  0.1317662660301E-06  0.1439652071369E-06  0.1561641482438E-06
 386  0.1419504477672E-06  0.1302267418799E-06  0.1422672440723E-06  0.1543077462647E-06
 387  0.1404449898039E-06  0.1285738250183E-06  0.1405538659468E-06  0.1525339068754E-06
 388  0.1389138554469E-06  0.1269858926305E-06  0.1388578710940E-06  0.1507298495576E-06
 389  0.1374151901743E-06  0.1255708643290E-06  0.1372262983203E-06  0.1488817323116E-06
 390  0.1359091256196E-06  0.1241795064063E-06  0.1356510832057E-06  0.1471226600051E-06
 391  0.1342912352337E-06  0.1227181106570E-06  0.1340785138408E-06  0.1454389170245E-06
 392  0.1325991355386E-06  0.1212183191890E-06  0.1324778646189E-06  0.1437374100487E-06
 393  0.1309709638089E-06  0.1197892505231E-06  0.1308747819914E-06  0.1419603134596E-06
 394  0.1294184479449E-06  0.1183839500719E-06  0.1293109247646E-06  0.1402378994573E-06
 395  0.1278264037968E-06  0.1169740852133E-06  0.1277969403345E-06  0.1386197954556E-06
 396  0.1261786300640E-06  0.1155919353239E-06  0.1263180793843E-06  0.1370442234447E-06
 397  0.1246225735258E-06  0.1142430856061E-06  0.1248615881032E-06  0.1354800906002E-06
 398  0.1232708767346E-06  0.1129612511273E-06  0.1234206583903E-06  0.1338800656533E-06
 399  0.1220523952042E-06  0.1116763298163E-06  0.1219918394900E-06  0.1323073491637E-06
 400  0.1208111513088E-06  0.1103901303684E-06  0.1205929423644E-06  0.1307957543604E-06
 401  0.1194023584858E-06  0.1091299556257E-06  0.1192265965414E-06  0.1293232374571E-06
 402  0.1178772005439E-06  0.1079393049453E-06  0.1179109750859E-06  0.1278826452265E-06
 403  0.1163450609111E-06  0.1067579190264E-06  0.1165935146263E-06  0.1264291102261E-06
 404  0.1149864723141E-06  0.1055547611533E-06  0.1152841392886E-06  0.1250135174239E-06
 405  0.1138068505850E-06  0.1043552048610E-06  0.1140138757693E-06  0.1236725466775E-06
 406  0.1126554386651E-06  0.1032007925236E-06  0.1127969222302E-06  0.1223930519368E-06
 407  0.1114192018262E-06  0.1020869002126E-06  0.1115999444762E-06  0.1211129887398E-06
 408  0.1101440288677E-06  0.1009443621479E-06  0.1103869247593E-06  0.1198294873708E-06
 409  0.1089317809813E-06  0.9978127197985E-07  0.1091709914262E-06  0.1185607108726E-06
 410  0.1077962765209E-06  0.9867589351085E-07  0.1079888799930E-06  0.1173018664752E-06
 411  0.1066758560964E-06  0.9764583157130E-07  0.1068443120704E-06  0.1160427925696E-06
 412  0.1055341034860E-06  0.9660989816942E-07  0.1057123671620E-06  0.1148148361545E-06
 413  0.1043916714413E-06  0.9555091105575E-07  0.1045853277491E-06  0.1136197444425E-06
 414  0.1032866777828E-06  0.9453089750866E-07  0.1034812239143E-06  0.1124315503200E-06
 415  0.1022320822742E-06  0.9357184544596E-07  0.1024119525966E-06  0.1112520597472E-06
 416  0.1012010551866E-06  0.9265320507927E-07  0.1013692790198E-06  0.1100853529602E-06
 417  0.1001592073790E-06  0.9174374440402E-07  0.1003433515220E-06  0.1089429586399E-06
 418  0.9912540047701E-07  0.9081410439526E-07  0.9933484398903E-07  0.1078555835828E-06
 419  0.9817146419548E-07  0.8986457262635E-07  0.9834940435928E-07  0.1068342360922E-06
 420  0.9731603756439E-07  0.8896250918112E-07  0.9739139524461E-07  0.1058202813081E-06
 421  0.9645252017519E-07  0.8810254919623E-07  0.9645692250746E-07  0.1048112958187E-06
 422  0.9545619393619E-07  0.8724264974029E-07  0.9552563475135E-07  0.1038086197624E-06
 423  0.9435636533098E-07  0.8635185219582E-07  0.9457623025302E-07  0.1028006083102E-06
 424  0.9332183097369E-07  0.8543121654082E-07  0.9362139855404E-07  0.1018115805673E-06
 425  0.9245143070575E-07  0.8456413315601E-07  0.9270617025604E-07  0.1008482073561E-06
 426  0.9165986231196E-07  0.8379505463126E-07  0.9185592966555E-07  0.9991680469984E-07
 427  0.9082008406117E-07  0.8306975381278E-07  0.9104587327083E-07  0.9902199272888E-07
 428  0.8994707307537E-07  0.8232262855111E-07  0.9023345160022E-07  0.9814427464933E-07
 429  0.8915802902507E-07  0.8154079817762E-07  0.8940461355184E-07  0.9726842892606E-07
 430  0.8847784730686E-07  0.8076685971494E-07  0.8858046598827E-07  0.9639407226161E-07
 431  0.8777916884615E-07  0.8005412351409E-07  0.8778561984500E-07  0.9551711617590E-07
 432  0.8694198965209E-07  0.7938171762634E-07  0.8701661013654E-07  0.9465150264673E-07
 433  0.8601882940545E-07  0.7867882057601E-07  0.8624695221286E-07  0.9381508384971E-07
 434  0.8518002123873E-07  0.7793918017334E-07  0.8546636108589E-07  0.9299354199843E-07
 435  0.8449295891837E-07  0.7721476588506E-07  0.8470174676828E-07  0.9218872765149E-07
 436  0.8382722399500E-07  0.7653845078286E-07  0.8398123045753E-07  0.9142401013220E-07
 437  0.8303394708650E-07  0.7590163949243E-07  0.8329127365157E-07  0.9068090781072E-07
 438  0.8217156369556E-07  0.7525407729099E-07  0.8259562012501E-07  0.8993716295903E-07
 439  0.8144919123365E-07  0.7459149438758E-07  0.8188670674488E-07  0.8918191910217E-07
 440  0.8093714172008E-07  0.7394201253253E-07  0.8118958904347E-07  0.8843716555441E-07
 441  0.8044822848730E-07  0.7331214597254E-07  0.8051845148097E-07  0.8772475698940E-07
 442  0.7978093737858E-07  0.7269559252393E-07  0.7985938445601E-07  0.8702317638810E-07
 443  0.7899542631908E-07  0.7209821761750E-07  0.7920038449852E-07  0.8630255137954E-07
 444  0.7832369061043E-07  0.7151720715787E-07  0.7855273938248E-07  0.8558827160709E-07
 445  0.7783497579114E-07  0.7094195981823E-07  0.7793143362817E-07  0.8492090743811E-07
 446  0.7733683594539E-07  0.7036734089611E-07  0.7732826502435E-07  0.8428918915259E-07
 447  0.7664939606311E-07  0.6978872988390E-07  0.7671938331164E-07  0.8365003673938E-07
 448  0.7585180946667E-07  0.6922360545037E-07  0.7609727848444E-07  0.8297095151850E-07
 449  0.7516349884457E-07  0.6866361920821E-07  0.7548158638722E-07  0.8229955356624E-07
 450  0.7466778507198E-07  0.6811196032800E-07  0.7489335819848E-07  0.8167475606896E-07
 451  0.7426290239873E-07  0.6757832994099E-07  0.7432763094720E-07  0.8107693195341E-07
 452  0.7382987804527E-07  0.6704774226675E-07  0.7376101726439E-07  0.8047429226202E-07
 453  0.7333342843670E-07  0.6651334480388E-07  0.7318247274621E-07  0.7985160068854E-07
 454  0.7277773680707E-07  0.6598421697572E-07  0.7260506527451E-07  0.7922591357330E-07
 455  0.7217342621691E-07  0.6547900767001E-07  0.7204534379489E-07  0.7861167991976E-07
 456  0.7156529841900E-07  0.6497759877391E-07  0.7150160783930E-07  0.7802561690469E-07
 457  0.7101509601050E-07  0.6445572666421E-07  0.7096133908329E-07  0.7746695150237E-07
 458  0.7053180266481E-07  0.6393038314238E-07  0.7042241933060E-07  0.7691445551882E-07
 459  0.7006083161751E-07  0.6342252489922E-07  0.6989358465107E-07  0.7636464440291E-07
 460  0.6955322862206E-07  0.6294178477724E-07  0.6937776278485E-07  0.7581374079246E-07
 461  0.6901289412112E-07  0.6248196308571E-07  0.6886767817049E-07  0.7525339325526E-07
 462  0.6848040889035E-07  0.6202109103069E-07  0.6835910176791E-07  0.7469711250514E-07
 463  0.6800219128855E-07  0.6157558405788E-07  0.6785893718949E-07  0.7414229032110E-07
 464  0.6759199072324E-07  0.6112798072885E-07  0.6737553599441E-07  0.7362309125997E-07
 465  0.6718815620788E-07  0.6067033116653E-07  0.6690676463858E-07  0.7314319811062E-07
 466  0.6668603388199E-07  0.6022850180566E-07  0.6644122195710E-07  0.7265394210853E-07
 467  0.6606713167635E-07  0.5979998555304E-07  0.6597157737213E-07  0.7214316919123E-07
 468  0.6546131898523E-07  0.5937959867940E-07  0.6550676915157E-07  0.7163393962373E-07
 469  0.6500674323373E-07  0.5895154760237E-07  0.6506479389258E-07  0.7117804018279E-07
 470  0.6467200667908E-07  0.5853579167171E-07  0.6464934226993E-07  0.7076289286815E-07
 471  0.6429654652691E-07  0.5815777946123E-07  0.6424008045326E-07  0.7032238144529E-07
 472  0.6380291607864E-07  0.5778820659225E-07  0.6381547079856E-07  0.6984273500488E-07
 473  0.6328526220803E-07  0.5738978330986E-07  0.6338134982427E-07  0.6937291633867E-07
 474  0.6286597188787E-07  0.5698471887167E-07  0.6296290011315E-07  0.6894108135464E-07
 475  0.6254425285206E-07  0.5660185096014E-07  0.6256994433220E-07  0.6853803770427E-07
 476  0.6223287552681E-07  0.5623321341415E-07  0.6218850838403E-07  0.6814380335391E-07
 477  0.6188320040635E-07  0.5586996132345E-07  0.6181017433637E-07  0.6775038734929E-07
 478  0.6151295301242E-07  0.5551629229396E-07  0.6144905420618E-07  0.6738181611840E-07
 479  0.6114748475667E-07  0.5518662074565E-07  0.6111755275262E-07  0.6704848475959E-07
 480  0.6079989288617E-07  0.5488770278251E-07  0.6080321261768E-07  0.6671872245286E-07
 481  0.6048858745161E-07  0.5460499715327E-07  0.6048767421414E-07  0.6637035127501E-07
 482  0.6021183126129E-07  0.5431121311755E-07  0.6017612800869E-07  0.6604104289983E-07
 483  0.5991380903177E-07  0.5401940291978E-07  0.5988592565185E-07  0.6575244838392E-07
 484  0.5954031364476E-07  0.5374414303476E-07  0.5961599865580E-07  0.6548785427683E-07
 485  0.5913473401966E-07  0.5348560000283E-07  0.5934997375316E-07  0.6521434750350E-07
 486  0.5881717271739E-07  0.5324727099894E-07  0.5908445149134E-07  0.6492163198374E-07
 487  0.5864204680297E-07  0.5301651042921E-07  0.5883500819260E-07  0.6465350595598E-07
 488  0.5853082304654E-07  0.5278694074629E-07  0.5861926368023E-07  0.6445158661418E-07
 489  0.5838117820695E-07  0.5257556333236E-07  0.5844740121202E-07  0.6431923909169E-07
 490  0.5818687489437E-07  0.5241336503136E-07  0.5831187520025E-07  0.6421038536913E-07
 491  0.5800588831263E-07  0.5227986129350E-07  0.5818001358325E-07  0.6408016587300E-07
 492  0.5787522283846E-07  0.5214057101629E-07  0.5803771755128E-07  0.6393486408627E-07
 493  0.5782439743718E-07  0.5204573927544E-07  0.5795298210966E-07  0.6386022494388E-07
 494  0.5790238621075E-07  0.5207284933145E-07  0.5802200178836E-07  0.6397115424527E-07
 495  0.5808636608698E-07  0.5219637792114E-07  0.5820936708233E-07  0.6422235624353E-07
 496  0.5824506745110E-07  0.5229274311579E-07  0.5835724732472E-07  0.6442175153365E-07
 497  0.5832901084372E-07  0.5233874429513E-07  0.5844477687336E-07  0.6455080945158E-07
 498  0.5852067685850E-07  0.5252303477971E-07  0.5869535297758E-07  0.6486767117545E-07
 499  0.5902284479542E-07  0.5298658661540E-07  0.5926279335988E-07  0.6553900010435E-07
 500  0.5974068536121E-07  0.5355299292834E-07  0.5994061836274E-07  0.6632824379714E-07
 501  0.6043330516371E-07  0.5398163975190E-07  0.6047104834109E-07  0.6696045693028E-07
 502  0.6121099692420E-07  0.5446232901281E-07  0.6110414981853E-07  0.6774597062425E-07
 503  0.6254901532290E-07  0.5553669252820E-07  0.6245367584566E-07  0.6937065916313E-07
 504  0.6456823186112E-07  0.5730669435996E-07  0.6460063866664E-07  0.7189458297332E-07
