   0    0.000000000000e+00    0.000000000000e+00    0.000000000000e+00    0.000000000000e+00    0.000000000000e+00    0.000000000000e+00    0.000000000000e+00    0.000000000000e+00
   1    0.000000000000e+00    0.000000000000e+00    0.000000000000e+00    0.000000000000e+00    0.000000000000e+00    0.000000000000e+00    0.000000000000e+00    0.000000000000e+00
   2    0.000000000000e+00    0.000000000000e+00    0.000000000000e+00    0.000000000000e+00    0.000000000000e+00    0.000000000000e+00    0.000000000000e+00    0.000000000000e+00
   3    0.000000000000e+00    0.000000000000e+00    0.000000000000e+00    0.000000000000e+00    0.000000000000e+00    0.000000000000e+00    0.000000000000e+00    0.000000000000e+00
   4    0.000000000000e+00    0.000000000000e+00    0.000000000000e+00    0.000000000000e+00    0.000000000000e+00    0.000000000000e+00    0.000000000000e+00    0.000000000000e+00
   5    0.000000000000e+00    0.000000000000e+00    0.000000000000e+00    0.000000000000e+00    0.000000000000e+00    0.000000000000e+00    0.000000000000e+00    0.000000000000e+00
   6    0.000000000000e+00    0.000000000000e+00    0.000000000000e+00    0.000000000000e+00    0.000000000000e+00    0.000000000000e+00    0.000000000000e+00    0.000000000000e+00
   7    0.000000000000e+00    0.000000000000e+00    0.000000000000e+00    0.000000000000e+00    0.000000000000e+00    0.000000000000e+00    0.000000000000e+00    0.000000000000e+00
   8    0.000000000000e+00    0.000000000000e+00    0.000000000000e+00    0.000000000000e+00    0.000000000000e+00    0.000000000000e+00    0.000000000000e+00    0.000000000000e+00
   9    0.000000000000e+00    0.000000000000e+00    0.000000000000e+00    0.000000000000e+00    0.000000000000e+00    0.000000000000e+00    0.000000000000e+00    0.000000000000e+00
  10    0.000000000000e+00    0.000000000000e+00    0.000000000000e+00    0.000000000000e+00    0.000000000000e+00    0.000000000000e+00    0.000000000000e+00    0.000000000000e+00
  11    0.000000000000e+00    0.000000000000e+00    0.000000000000e+00    0.000000000000e+00    0.000000000000e+00    0.000000000000e+00    0.000000000000e+00    0.000000000000e+00
  12    0.000000000000e+00    0.000000000000e+00    0.000000000000e+00    0.000000000000e+00    0.000000000000e+00    0.000000000000e+00    0.000000000000e+00    0.000000000000e+00
  13    0.000000000000e+00    0.000000000000e+00    0.000000000000e+00    0.000000000000e+00    0.000000000000e+00    0.000000000000e+00    0.000000000000e+00    0.000000000000e+00
  14    0.000000000000e+00    0.000000000000e+00    0.000000000000e+00    0.000000000000e+00    0.000000000000e+00    0.000000000000e+00    0.000000000000e+00    0.000000000000e+00
  15    0.000000000000e+00    0.000000000000e+00    0.000000000000e+00    0.000000000000e+00    0.000000000000e+00    0.000000000000e+00    0.000000000000e+00    0.000000000000e+00
  16    0.000000000000e+00    0.000000000000e+00    0.000000000000e+00    0.000000000000e+00    0.000000000000e+00    0.000000000000e+00    0.000000000000e+00    0.000000000000e+00
  17    0.000000000000e+00    0.000000000000e+00    0.000000000000e+00    0.000000000000e+00    0.000000000000e+00    0.000000000000e+00    0.000000000000e+00    0.000000000000e+00
  18    0.000000000000e+00    0.000000000000e+00    0.000000000000e+00    0.000000000000e+00    0.000000000000e+00    0.000000000000e+00    0.000000000000e+00    0.000000000000e+00
  19    0.000000000000e+00    0.000000000000e+00    0.000000000000e+00    0.000000000000e+00    0.000000000000e+00    0.000000000000e+00    0.000000000000e+00    0.000000000000e+00
  20    0.000000000000e+00    0.000000000000e+00    0.000000000000e+00    0.000000000000e+00    0.000000000000e+00    0.000000000000e+00    0.000000000000e+00    0.000000000000e+00
  21    0.000000000000e+00    0.000000000000e+00    0.000000000000e+00    0.000000000000e+00    0.000000000000e+00    0.000000000000e+00    0.000000000000e+00    0.000000000000e+00
  22    0.000000000000e+00    0.000000000000e+00    0.000000000000e+00    0.000000000000e+00    0.000000000000e+00    0.000000000000e+00    0.000000000000e+00    0.000000000000e+00
  23    0.000000000000e+00    0.000000000000e+00    0.000000000000e+00    0.000000000000e+00    0.000000000000e+00    0.000000000000e+00    0.000000000000e+00    0.000000000000e+00
  24    0.000000000000e+00    0.000000000000e+00    0.000000000000e+00    0.000000000000e+00    0.000000000000e+00    0.000000000000e+00    0.000000000000e+00    0.000000000000e+00
  25    0.000000000000e+00    0.000000000000e+00    0.000000000000e+00    0.000000000000e+00    0.000000000000e+00    0.000000000000e+00    0.000000000000e+00    0.000000000000e+00
  26    0.000000000000e+00    0.000000000000e+00    0.000000000000e+00    0.000000000000e+00    0.000000000000e+00    0.000000000000e+00    0.000000000000e+00    0.000000000000e+00
  27    0.000000000000e+00    0.000000000000e+00    0.000000000000e+00    0.000000000000e+00    0.000000000000e+00    0.000000000000e+00    0.000000000000e+00    0.000000000000e+00
  28    0.000000000000e+00    0.000000000000e+00    0.000000000000e+00    0.000000000000e+00    0.000000000000e+00    0.000000000000e+00    0.000000000000e+00    0.000000000000e+00
  29    0.000000000000e+00    0.000000000000e+00    0.000000000000e+00    0.000000000000e+00    0.000000000000e+00    0.000000000000e+00    0.000000000000e+00    0.000000000000e+00
  30    0.000000000000e+00    0.000000000000e+00    0.000000000000e+00    0.000000000000e+00    0.000000000000e+00    0.000000000000e+00    0.000000000000e+00    0.000000000000e+00
  31    0.000000000000e+00    0.000000000000e+00    0.000000000000e+00    0.000000000000e+00    0.000000000000e+00    0.000000000000e+00    0.000000000000e+00    0.000000000000e+00
  32    0.000000000000e+00    0.000000000000e+00    0.000000000000e+00    0.000000000000e+00    0.000000000000e+00    0.000000000000e+00    0.000000000000e+00    0.000000000000e+00
  33    0.000000000000e+00    0.000000000000e+00    0.000000000000e+00    0.000000000000e+00    0.000000000000e+00    0.000000000000e+00    0.000000000000e+00    0.000000000000e+00
  34    0.000000000000e+00    0.000000000000e+00    0.000000000000e+00    0.000000000000e+00    0.000000000000e+00    0.000000000000e+00    0.000000000000e+00    0.000000000000e+00
  35    0.000000000000e+00    0.000000000000e+00    0.000000000000e+00    0.000000000000e+00    0.000000000000e+00    0.000000000000e+00    0.000000000000e+00    0.000000000000e+00
  36    0.000000000000e+00    0.000000000000e+00    0.000000000000e+00    0.000000000000e+00    0.000000000000e+00    0.000000000000e+00    0.000000000000e+00    0.000000000000e+00
  37    0.000000000000e+00    0.000000000000e+00    0.000000000000e+00    0.000000000000e+00    0.000000000000e+00    0.000000000000e+00    0.000000000000e+00    0.000000000000e+00
  38    0.000000000000e+00    0.000000000000e+00    0.000000000000e+00    0.000000000000e+00    0.000000000000e+00    0.000000000000e+00    0.000000000000e+00    0.000000000000e+00
  39    0.000000000000e+00    0.000000000000e+00    0.000000000000e+00    0.000000000000e+00    0.000000000000e+00    0.000000000000e+00    0.000000000000e+00    0.000000000000e+00
  40    0.000000000000e+00    0.000000000000e+00    0.000000000000e+00    0.000000000000e+00    0.000000000000e+00    0.000000000000e+00    0.000000000000e+00    0.000000000000e+00
  41    0.000000000000e+00    0.000000000000e+00    0.000000000000e+00    0.000000000000e+00    0.000000000000e+00    0.000000000000e+00    0.000000000000e+00    0.000000000000e+00
  42    0.000000000000e+00    0.000000000000e+00    0.000000000000e+00    0.000000000000e+00    0.000000000000e+00    0.000000000000e+00    0.000000000000e+00    0.000000000000e+00
  43    0.000000000000e+00    0.000000000000e+00    0.000000000000e+00    0.000000000000e+00    0.000000000000e+00    0.000000000000e+00    0.000000000000e+00    0.000000000000e+00
  44    0.000000000000e+00    0.000000000000e+00    0.000000000000e+00    0.000000000000e+00    0.000000000000e+00    0.000000000000e+00    0.000000000000e+00    0.000000000000e+00
  45    0.000000000000e+00    0.000000000000e+00    0.000000000000e+00    0.000000000000e+00    0.000000000000e+00    0.000000000000e+00    0.000000000000e+00    0.000000000000e+00
  46    0.000000000000e+00    0.000000000000e+00    0.000000000000e+00    0.000000000000e+00    0.000000000000e+00    0.000000000000e+00    0.000000000000e+00    0.000000000000e+00
  47    0.000000000000e+00    0.000000000000e+00    0.000000000000e+00    0.000000000000e+00    0.000000000000e+00    0.000000000000e+00    0.000000000000e+00    0.000000000000e+00
  48    0.000000000000e+00    0.000000000000e+00    0.000000000000e+00    0.000000000000e+00    0.000000000000e+00    0.000000000000e+00    0.000000000000e+00    0.000000000000e+00
  49    0.000000000000e+00    0.000000000000e+00    0.000000000000e+00    0.000000000000e+00    0.000000000000e+00    0.000000000000e+00    0.000000000000e+00    0.000000000000e+00
  50    0.000000000000e+00    0.000000000000e+00    0.000000000000e+00    0.000000000000e+00    0.000000000000e+00    0.000000000000e+00    0.000000000000e+00    0.000000000000e+00
  51   -1.368566881865e-05    3.187661059201e-05   -5.692709237337e-06    2.834340557456e-05   -3.964523784816e-07   -2.250436227769e-05   -1.094071194530e-05   -2.697703894228e-05
  52   -1.569872256368e-05    2.785155083984e-05   -8.971896022558e-06    2.374965697527e-05    5.944166332483e-07   -1.734879333526e-05   -8.653383702040e-06   -2.104020677507e-05
  53   -1.703400630504e-05    3.018684219569e-05   -9.293435141444e-06    2.612941898406e-05    2.550950739533e-07   -1.810514368117e-05   -1.007394166663e-05   -2.203346230090e-05
  54   -1.761771272868e-05    2.593663521111e-05   -1.091556623578e-05    2.136710099876e-05    2.308806870133e-07   -1.502619124949e-05   -9.547860827297e-06   -1.844926737249e-05
  55   -1.713947858661e-05    1.857918687165e-05   -1.281569711864e-05    1.317868009210e-05    6.591435521841e-07   -9.375624358654e-06   -6.982125341892e-06   -1.176842488348e-05
  56   -1.724145840853e-05    1.499569043517e-05   -1.411314588040e-05    8.966075256467e-06    8.448696462438e-07   -5.615642294288e-06   -5.473208148032e-06   -7.258146069944e-06
  57   -1.868559047580e-05    1.410383265465e-05   -1.566391438246e-05    7.665599696338e-06    8.499046089128e-07   -3.373250365257e-06   -5.251786205918e-06   -4.564179107547e-06
  58   -2.012704499066e-05    1.323374453932e-05   -1.725181937218e-05    6.658374331892e-06    8.351489668712e-07   -1.723179593682e-06   -5.224079359323e-06   -2.711894921958e-06
  59   -2.011086326092e-05    1.163885463029e-05   -1.802889164537e-05    5.238573066890e-06    6.600166670978e-07   -3.929017111659e-07   -4.730478394777e-06   -1.386972144246e-06
  60   -1.969735603780e-05    1.017516478896e-05   -1.864321529865e-05    4.055444151163e-06    3.358727553859e-07    9.983777999878e-07   -3.943336196244e-06    5.564652383327e-08
  61   -2.027139998972e-05    9.222887456417e-06   -2.001971006393e-05    3.288383595645e-06    4.182220436633e-08    2.897577360272e-06   -3.180583007634e-06    2.332730218768e-06
  62   -2.191262319684e-05    8.153263479471e-06   -2.248329110444e-05    2.321554347873e-06   -1.886801328510e-07    5.425303243101e-06   -2.465909346938e-06    5.530077032745e-06
  63   -2.232089173049e-05    6.333808414638e-06   -2.411706373096e-05    6.072223186493e-07   -5.918045644648e-07    7.386552169919e-06   -1.763924956322e-06    7.990864105523e-06
  64   -2.008222509176e-05    4.880828782916e-06   -2.290424890816e-05   -6.966292858124e-07   -1.236330717802e-06    7.529393769801e-06   -1.350010279566e-06    8.119503036141e-06
  65   -1.765659544617e-05    4.730769433081e-06   -2.072169445455e-05   -5.960464477539e-07   -1.988948497456e-06    7.157097570598e-06   -1.435866579413e-06    7.600872777402e-06
  66   -1.643388532102e-05    5.894806236029e-06   -1.905392855406e-05    1.003034412861e-06   -2.855034836102e-06    7.306342013180e-06   -1.973006874323e-06    7.813097909093e-06
  67   -1.523748505861e-05    7.262337021530e-06   -1.743435859680e-05    2.920860424638e-06   -3.626391844591e-06    7.407274097204e-06   -2.305081579834e-06    7.982947863638e-06
  68   -1.282023731619e-05    7.229391485453e-06   -1.518195495009e-05    3.235763870180e-06   -4.021725089842e-06    6.745918653905e-06   -1.932377927005e-06    7.154187187552e-06
  69   -1.020100899041e-05    6.941147148609e-06   -1.289183273911e-05    3.278255462646e-06   -4.357130819699e-06    5.886191502213e-06   -1.386099029332e-06    6.026821210980e-06
  70   -8.109025657177e-06    7.830094546080e-06   -1.086550764740e-05    4.803063347936e-06   -5.024300207879e-06    5.503883585334e-06   -1.123640686274e-06    5.504465661943e-06
  71   -6.196787580848e-06    9.057577699423e-06   -8.905306458473e-06    6.778165698051e-06   -5.898975359742e-06    5.675479769707e-06   -9.689829312265e-07    5.760346539319e-06
  72   -4.480360075831e-06    8.508097380400e-06   -7.486669346690e-06    6.598886102438e-06   -6.439018761739e-06    6.093992851675e-06   -4.512257874012e-07    6.376183591783e-06
  73   -2.887914888561e-06    7.452908903360e-06   -6.184214726090e-06    5.764653906226e-06   -6.597985702683e-06    5.918089300394e-06    2.388260327280e-07    6.211805157363e-06
  74   -1.160544343293e-06    8.005881682038e-06   -4.338799044490e-06    6.889342330396e-06   -6.802249117754e-06    5.065929144621e-06    7.711932994425e-07    5.162553861737e-06
  75    1.131906174123e-06    9.938958100975e-06   -1.574167981744e-06    9.675277397037e-06   -7.315029506572e-06    4.018889740109e-06    1.102045644075e-06    3.924476914108e-06
  76    3.731460310519e-06    1.096655614674e-05    1.328065991402e-06    1.141917891800e-05   -8.105293090921e-06    3.543682396412e-06    1.390464603901e-06    3.530876711011e-06
  77    6.086076609790e-06    1.030846033245e-05    3.543915227056e-06    1.129868905991e-05   -8.921415428631e-06    3.575929440558e-06    1.809676177800e-06    3.861030563712e-06
  78    8.232542313635e-06    9.777024388313e-06    5.364185199142e-06    1.149042509496e-05   -9.489514923189e-06    3.301072865725e-06    2.541753929108e-06    3.808643668890e-06
  79    1.040147617459e-05    1.023104414344e-05    7.264316082001e-06    1.290347427130e-05   -9.809176845010e-06    2.704910002649e-06    3.594963345677e-06    3.281049430370e-06
  80    1.206982415169e-05    1.019460614771e-05    8.676666766405e-06    1.353328116238e-05   -1.005547528621e-05    2.756481990218e-06    4.691770300269e-06    3.508757799864e-06
  81    1.308636274189e-05    8.946284651756e-06    9.579816833138e-06    1.236295793205e-05   -1.046754186973e-05    3.438326530159e-06    5.306093953550e-06    4.604808054864e-06
  82    1.480779610574e-05    8.318456821144e-06    1.166225410998e-05    1.180532854050e-05   -1.114605402108e-05    3.345776349306e-06    5.361740477383e-06    4.932633601129e-06
  83    1.788092777133e-05    9.064795449376e-06    1.527089625597e-05    1.320173032582e-05   -1.194346987177e-05    2.236920408905e-06    5.489040631801e-06    4.082103259861e-06
  84    2.055708318949e-05    9.211245924234e-06    1.792446710169e-05    1.418916508555e-05   -1.242801954504e-05    1.612934283912e-06    6.319663953036e-06    3.686523996294e-06
  85    2.082542050630e-05    7.170252501965e-06    1.749279908836e-05    1.241802237928e-05   -1.244554005098e-05    2.485932782292e-06    7.583468686789e-06    4.932284355164e-06
  86    2.080795820802e-05    5.358480848372e-06    1.723738387227e-05    1.058587804437e-05   -1.247040927410e-05    3.178487531841e-06    8.443137630820e-06    5.961162969470e-06
  87    2.300285268575e-05    5.622277967632e-06    2.010120078921e-05    1.125340349972e-05   -1.288637577090e-05    2.511078491807e-06    8.854491170496e-06    5.546491593122e-06
  88    2.649740781635e-05    6.560469046235e-06    2.434523776174e-05    1.291080843657e-05   -1.342664472759e-05    1.440523192286e-06    9.509443771094e-06    4.857429303229e-06
  89    2.850580494851e-05    5.922047421336e-06    2.644839696586e-05    1.268798951060e-05   -1.374709245283e-05    1.398613676429e-06    1.055950997397e-05    5.408655852079e-06
  90    2.899661194533e-05    4.361383616924e-06    2.696760930121e-05    1.119740772992e-05   -1.398380845785e-05    1.838081516325e-06    1.131399767473e-05    6.388872861862e-06
  91    2.985331229866e-05    3.651017323136e-06    2.843467518687e-05    1.056946348399e-05   -1.430332486052e-05    1.605018042028e-06    1.153087941930e-05    6.564543582499e-06
  92    3.099872265011e-05    3.376393578947e-06    3.023352473974e-05    1.036841422319e-05   -1.451434218325e-05    1.182896085083e-06    1.189368776977e-05    6.726244464517e-06
  93    3.183423541486e-05    2.586748450994e-06    3.128568641841e-05    9.553390555084e-06   -1.444912049919e-05    1.344247721136e-06    1.299363793805e-05    7.692375220358e-06
  94    3.315648064017e-05    1.613050699234e-06    3.285612910986e-05    8.692150004208e-06   -1.442720531486e-05    1.678708940744e-06    1.440302003175e-05    8.716480806470e-06
  95    3.532273694873e-05    9.583309292793e-07    3.565102815628e-05    8.407165296376e-06   -1.481879735366e-05    1.516891643405e-06    1.529831206426e-05    9.049312211573e-06
  96    3.726198337972e-05    3.604218363762e-07    3.834697417915e-05    8.061178959906e-06   -1.547698047943e-05    9.501818567514e-07    1.542642712593e-05    9.031617082655e-06
  97    3.835931420326e-05   -3.983732312918e-07    4.026293754578e-05    6.970250979066e-06   -1.581665128469e-05    4.062894731760e-07    1.534481998533e-05    9.134062565863e-06
  98    3.914197441190e-05   -1.131789758801e-06    4.208390600979e-05    5.387933924794e-06   -1.557241193950e-05    8.998904377222e-08    1.573318149894e-05    9.400071576238e-06
  99    4.009052645415e-05   -1.844367943704e-06    4.387414082885e-05    4.032161086798e-06   -1.520221121609e-05   -9.196810424328e-09    1.680664718151e-05    9.895884431899e-06
 100    4.104350227863e-05   -2.921442501247e-06    4.490278661251e-05    3.105960786343e-06   -1.523233368061e-05   -7.334165275097e-09    1.826672814786e-05    1.077866181731e-05
 101    4.172243643552e-05   -4.563014954329e-06    4.531326703727e-05    1.978594809771e-06   -1.554182381369e-05   -2.630986273289e-08    1.950288424268e-05    1.186830922961e-05
 102    4.178681410849e-05   -6.705056875944e-06    4.561711102724e-05   -4.009343683720e-07   -1.570384483784e-05    2.236338332295e-07    2.001889515668e-05    1.321337185800e-05
 103    4.155992064625e-05   -8.822767995298e-06    4.605529829860e-05   -3.635999746621e-06   -1.577529474162e-05    8.633942343295e-07    2.009182935581e-05    1.500733196735e-05
 104    4.245585296303e-05   -1.011381391436e-05    4.757824353874e-05   -5.701673217118e-06   -1.600934774615e-05    1.129694283009e-06    2.068176399916e-05    1.662271097302e-05
 105    4.477903712541e-05   -1.062685623765e-05    5.045626312494e-05   -5.947076715529e-06   -1.616793451831e-05    4.849862307310e-07    2.233017585240e-05    1.730548683554e-05
 106    4.608929157257e-05   -1.160637475550e-05    5.225627683103e-05   -6.698304787278e-06   -1.585399149917e-05   -2.330634742975e-07    2.419675001875e-05    1.762236934155e-05
 107    4.387879744172e-05   -1.413724385202e-05    5.008513107896e-05   -1.037900801748e-05   -1.538248034194e-05    4.055909812450e-07    2.487597521394e-05    1.929060090333e-05
 108    4.068983253092e-05   -1.684378366917e-05    4.694005474448e-05   -1.516717020422e-05   -1.523713581264e-05    1.646752934903e-06    2.448918530717e-05    2.187630161643e-05
 109    4.032358992845e-05   -1.852062996477e-05    4.710932262242e-05   -1.809507375583e-05   -1.546239946038e-05    2.123008016497e-06    2.466762089171e-05    2.399383811280e-05
 110    4.266109317541e-05   -1.960934605449e-05    5.007116124034e-05   -1.904706005007e-05   -1.573184272274e-05    1.698033884168e-06    2.624784247018e-05    2.530426718295e-05
 111    4.407600499690e-05   -2.129108179361e-05    5.149864591658e-05   -2.053630305454e-05   -1.582805998623e-05    1.308857463300e-06    2.812442835420e-05    2.663512714207e-05
 112    4.238612018526e-05   -2.380041405559e-05    4.959967918694e-05   -2.435542410240e-05   -1.570669701323e-05    1.595937646925e-06    2.874433994293e-05    2.863572444767e-05
 113    4.015536978841e-05   -2.623186446726e-05    4.772446118295e-05   -2.910825423896e-05   -1.531030284241e-05    2.071494236588e-06    2.876066719182e-05    3.099400782958e-05
 114    3.921089228243e-05   -2.853415207937e-05    4.698662087321e-05   -3.308930899948e-05   -1.489976420999e-05    2.566375769675e-06    2.974539529532e-05    3.393809311092e-05
 115    3.893801476806e-05   -3.069534432143e-05    4.637753590941e-05   -3.595405723900e-05   -1.485861139372e-05    2.975808456540e-06    3.138804459013e-05    3.704061964527e-05
 116    3.861554432660e-05   -3.260478843004e-05    4.590768367052e-05   -3.856804687530e-05   -1.514842733741e-05    3.040709998459e-06    3.240440855734e-05    3.927323268726e-05
 117    3.831472713500e-05   -3.450101939961e-05    4.624761641026e-05   -4.187691956758e-05   -1.512642484158e-05    2.728891558945e-06    3.275601193309e-05    4.042446380481e-05
 118    3.810063935816e-05   -3.697676584125e-05    4.664482548833e-05   -4.583870759234e-05   -1.468014670536e-05    2.508342731744e-06    3.361521521583e-05    4.191347397864e-05
 119    3.793742507696e-05   -3.984174691141e-05    4.632235504687e-05   -4.942255327478e-05   -1.428212272003e-05    2.336921170354e-06    3.541243495420e-05    4.434760194272e-05
 120    3.817921970040e-05   -4.248472396284e-05    4.608510062099e-05   -5.196355050430e-05   -1.399335451424e-05    1.692911610007e-06    3.778873360716e-05    4.688801709563e-05
 121    4.290544893593e-05   -4.473217995837e-05    5.041784606874e-05   -5.153380334377e-05   -1.181091647595e-05   -1.761363819242e-06    4.415682633407e-05    4.693516530097e-05
 122    4.198169335723e-05   -4.755851114169e-05    5.036871880293e-05   -5.602813325822e-05   -1.122691901401e-05   -1.955428160727e-06    4.483220982365e-05    4.935328615829e-05
 123    4.050496499985e-05   -5.109101766720e-05    4.904926754534e-05   -6.138719618320e-05   -1.051381696016e-05   -1.839245669544e-06    4.588122828864e-05    5.207426147535e-05
 124    3.815756645054e-05   -5.459482781589e-05    4.619359970093e-05   -6.682984530926e-05   -9.730341844261e-06   -1.554726622999e-06    4.730198998004e-05    5.500274710357e-05
 125    3.569759428501e-05   -5.741429049522e-05    4.351581446826e-05   -7.159140659496e-05   -8.930102922022e-06   -1.458567567170e-06    4.861952038482e-05    5.777232581750e-05
 126    3.401155117899e-05   -5.993654485792e-05    4.242151044309e-05   -7.607531733811e-05   -8.259201422334e-06   -1.493259333074e-06    4.923372762278e-05    6.042531458661e-05
 127    3.275205381215e-05   -6.282143294811e-05    4.184409044683e-05   -8.101385901682e-05   -7.787952199578e-06   -1.497508492321e-06    4.925616667606e-05    6.316200597212e-05
 128    3.079196903855e-05   -6.579468026757e-05    3.976374864578e-05   -8.623013854958e-05   -7.256981916726e-06   -1.772656105459e-06    4.952569724992e-05    6.567192031071e-05
 129    2.748938277364e-05   -6.828946061432e-05    3.570737317204e-05   -9.121478069574e-05   -6.339279934764e-06   -2.445536665618e-06    5.054441862740e-05    6.787147140130e-05
 130    2.368830610067e-05   -7.067737169564e-05    3.150943666697e-05   -9.627197869122e-05   -5.228561349213e-06   -2.969347406179e-06    5.158490967005e-05    7.052137516439e-05
 131    2.073426730931e-05   -7.376016583294e-05    2.901908010244e-05   -1.019656192511e-04   -4.361150786281e-06   -2.874410711229e-06    5.179908475839e-05    7.408380042762e-05
 132    1.863599754870e-05   -7.754686521366e-05    2.764398232102e-05   -1.081740192603e-04   -3.816792741418e-06   -2.464570570737e-06    5.145644536242e-05    7.793173426762e-05
 133    1.605297438800e-05   -8.128455374390e-05    2.529495395720e-05   -1.142330584116e-04   -3.206543624401e-06   -2.279470209032e-06    5.145915201865e-05    8.110166527331e-05
 134    1.208204776049e-05   -8.466630242765e-05    2.107373438776e-05   -1.201285194838e-04   -2.276967279613e-06   -2.186920028180e-06    5.186436465010e-05    8.388533024117e-05
 135    7.556169293821e-06   -8.800451178104e-05    1.632887870073e-05   -1.264064048883e-04   -1.367530785501e-06   -1.831795088947e-06    5.171482916921e-05    8.724257349968e-05
 136    3.651366569102e-06   -9.148451499641e-05    1.220870763063e-05   -1.332232204732e-04   -9.321374818683e-07   -1.514970790595e-06    5.056566442363e-05    9.124644566327e-05
 137    2.629822120070e-07   -9.498524013907e-05    8.236151188612e-06   -1.403158530593e-04   -8.241040632129e-07   -1.688546035439e-06    4.915709723718e-05    9.521335596219e-05
 138   -3.820401616395e-06   -9.845627937466e-05    3.316905349493e-06   -1.474978635088e-04   -2.789311110973e-07   -2.012471668422e-06    4.857301246375e-05    9.909877553582e-05
 139   -9.070616215467e-06   -1.019825576805e-04   -2.317596226931e-06   -1.546912535559e-04    1.060077920556e-06   -1.729873474687e-06    4.863945650868e-05    1.033794833347e-04
 140   -1.483259256929e-05   -1.056404435076e-04   -7.847324013710e-06   -1.618497772142e-04    2.726679667830e-06   -7.863854989409e-07    4.839929169975e-05    1.081363297999e-04
 141   -2.025801222771e-05   -1.094851177186e-04   -1.316517591476e-05   -1.690605422482e-04    3.969995304942e-06    1.250300556421e-07    4.737032577395e-05    1.127911382355e-04
 142   -2.540030982345e-05   -1.133017940447e-04   -1.879408955574e-05   -1.762686006259e-04    4.795147106051e-06    5.557085387409e-07    4.613245255314e-05    1.170340692624e-04
 143   -3.083900082856e-05   -1.165352296084e-04   -2.483557909727e-05   -1.829433604144e-04    5.775364115834e-06    6.732298061252e-07    4.522321978584e-05    1.210349728353e-04
 144   -3.682600799948e-05   -1.191633637063e-04   -3.092782571912e-05   -1.891417778097e-04    6.997026503086e-06    9.314389899373e-07    4.405272193253e-05    1.252832007594e-04
 145   -4.317157436162e-05   -1.220164704137e-04   -3.724545240402e-05   -1.959722721949e-04    7.803551852703e-06    1.455016899854e-06    4.161393735558e-05    1.300931908190e-04
 146   -4.977092612535e-05   -1.257575349882e-04   -4.430534318089e-05   -2.043721615337e-04    7.918104529381e-06    2.015556674451e-06    3.807968460023e-05    1.354888663627e-04
 147   -5.672033876181e-05   -1.298972638324e-04   -5.201157182455e-05   -2.135298564099e-04    8.232542313635e-06    2.398126525804e-06    3.500632010400e-05    1.409609103575e-04
 148   -6.398814730346e-05   -1.337915891781e-04   -5.967961624265e-05   -2.221703762189e-04    9.582377970219e-06    2.830551238731e-06    3.324169665575e-05    1.460597850382e-04
 149   -7.158785592765e-05   -1.378110027872e-04   -6.732810288668e-05   -2.305115340278e-04    1.154711935669e-05    3.767869202420e-06    3.172416472808e-05    1.509886351414e-04
 150   -7.987115532160e-05   -1.424502115697e-04   -7.570441812277e-05   -2.396713825874e-04    1.312058884650e-05    5.207926733419e-06    2.887618029490e-05    1.563602127135e-04
 151   -8.893257472664e-05   -1.470043207519e-04   -8.495524525642e-05   -2.493488136679e-04    1.402792986482e-05    6.543647032231e-06    2.461817348376e-05    1.621403498575e-04
 152   -9.815406519920e-05   -1.504662213847e-04   -9.435927495360e-05   -2.581333974376e-04    1.466879621148e-05    7.335969712585e-06    2.012355253100e-05    1.678394037299e-04
 153   -1.071563456208e-04   -1.532876631245e-04   -1.039463095367e-04   -2.658238518052e-04    1.541769597679e-05    7.883296348155e-06    1.626071752980e-05    1.734473626129e-04
 154   -1.166211441159e-04   -1.569680753164e-04   -1.147063449025e-04   -2.741230418906e-04    1.652003265917e-05    8.942151907831e-06    1.286453334615e-05    1.797846052796e-04
 155   -1.273208181374e-04   -1.618990208954e-04   -1.269015483558e-04   -2.842546091415e-04    1.798768062145e-05    1.089597935788e-05    9.081151802093e-06    1.874291920103e-04
 156   -1.386114745401e-04   -1.666718744673e-04   -1.389393582940e-04   -2.951332135126e-04    1.927861012518e-05    1.320004230365e-05    3.948574885726e-06    1.956749474630e-04
 157   -1.494728494436e-04   -1.700925058685e-04   -1.497291959822e-04   -3.048770595342e-04    1.993274781853e-05    1.496972981840e-05   -2.558925189078e-06    2.031524199992e-04
 158   -1.602457487024e-04   -1.727967173792e-04   -1.604678109288e-04   -3.133925492875e-04    2.052611671388e-05    1.605501165614e-05   -9.051989763975e-06    2.094585215673e-04
 159   -1.720896107145e-04   -1.761890598573e-04   -1.729438081384e-04   -3.222036175430e-04    2.191634848714e-05    1.719751162454e-05   -1.434551086277e-05    2.156131085940e-04
 160   -1.851894194260e-04   -1.804697094485e-04   -1.869569532573e-04   -3.323612036183e-04    2.392893657088e-05    1.897482434288e-05   -1.921085640788e-05    2.228387165815e-04
 161   -1.986312563531e-04   -1.845853403211e-04   -2.009309828281e-04   -3.435171674937e-04    2.554839011282e-05    2.107041655108e-05   -2.549681812525e-05    2.312269061804e-04
 162   -2.119730925187e-04   -1.878211041912e-04   -2.143317833543e-04   -3.549772081897e-04    2.640881575644e-05    2.291169948876e-05   -3.369571641088e-05    2.399986842647e-04
 163   -2.256844891235e-04   -1.907646656036e-04   -2.280171029270e-04   -3.667584387586e-04    2.698833122849e-05    2.473383210599e-05   -4.268810153008e-05    2.488656900823e-04
 164   -2.404376282357e-04   -1.944551477209e-04   -2.429769374430e-04   -3.791102208197e-04    2.766191028059e-05    2.729578409344e-05   -5.159352440387e-05    2.583702444099e-04
 165   -2.565980830695e-04   -1.989256124943e-04   -2.596387639642e-04   -3.916155546904e-04    2.838601358235e-05    3.056635614485e-05   -6.060325540602e-05    2.687310916372e-04
 166   -2.742184442468e-04   -2.032456686720e-04   -2.779318019748e-04   -4.036908503622e-04    2.943444997072e-05    3.364635631442e-05   -6.990146357566e-05    2.792946761474e-04
 167   -2.925906446762e-04   -2.068642061204e-04   -2.968329936266e-04   -4.156929207966e-04    3.119371831417e-05    3.612384898588e-05   -7.926207035780e-05    2.894257195294e-04
 168   -3.107477095909e-04   -2.103090519086e-04   -3.149849362671e-04   -4.284473834559e-04    3.328570164740e-05    3.871298395097e-05   -8.915015496314e-05    2.992713125423e-04
 169   -3.285749116912e-04   -2.140594879165e-04   -3.321422263980e-04   -4.417331656441e-04    3.458699211478e-05    4.196364898235e-05   -1.008154358715e-04    3.092220285907e-04
 170   -3.474235709291e-04   -2.175659174100e-04   -3.498783335090e-04   -4.543423419818e-04    3.488291986287e-05    4.525424446911e-05   -1.142770051956e-04    3.192414296791e-04
 171   -3.686383715831e-04   -2.202327596024e-04   -3.699669614434e-04   -4.659054102376e-04    3.533530980349e-05    4.795845597982e-05   -1.276598777622e-04    3.293313784525e-04
 172   -3.917571448255e-04   -2.227374352515e-04   -3.924365155399e-04   -4.776733694598e-04    3.689411096275e-05    5.082669667900e-05   -1.395470462739e-04    3.401360008866e-04
 173   -4.151447792538e-04   -2.262615598738e-04   -4.159384407103e-04   -4.909887211397e-04    3.898655995727e-05    5.510216578841e-05   -1.510630827397e-04    3.524812636897e-04
 174   -4.383188206702e-04   -2.305947709829e-04   -4.396536387503e-04   -5.056674126536e-04    4.047085531056e-05    6.046413909644e-05   -1.644368749112e-04    3.662988310680e-04
 175   -4.622701380868e-04   -2.342244843021e-04   -4.636975936592e-04   -5.205591442063e-04    4.122313112020e-05    6.527919322252e-05   -1.802183687687e-04    3.804833395407e-04
 176   -4.879359912593e-04   -2.364726969972e-04   -4.881406202912e-04   -5.352568114176e-04    4.220288246870e-05    6.903917528689e-05   -1.970841549337e-04    3.941989270970e-04
 177   -5.151384975761e-04   -2.383568789810e-04   -5.128323100507e-04   -5.501277046278e-04    4.414259456098e-05    7.307925261557e-05   -2.137741539627e-04    4.075475735590e-04
 178   -5.431514582597e-04   -2.408303553239e-04   -5.381070077419e-04   -5.650907987729e-04    4.660105332732e-05    7.833703421056e-05   -2.305060625076e-04    4.209158942103e-04
 179   -5.712644197047e-04   -2.433157060295e-04   -5.643395707011e-04   -5.796897457913e-04    4.842062480748e-05    8.384883403778e-05   -2.484291326255e-04    4.345738561824e-04
 180   -5.996003164910e-04   -2.447607694194e-04   -5.914033390582e-04   -5.942236166447e-04    4.923809319735e-05    8.843780960888e-05   -2.681585028768e-04    4.491483559832e-04
 181   -6.294681807049e-04   -2.453798661008e-04   -6.193453446031e-04   -6.095370044932e-04    4.994589835405e-05    9.260722436011e-05   -2.891086041927e-04    4.651990020648e-04
 182   -6.622451473959e-04   -2.462449483573e-04   -6.487797945738e-04   -6.256428314373e-04    5.168584175408e-05    9.762519039214e-05   -3.100954927504e-04    4.822390619665e-04
 183   -6.973159033805e-04   -2.475124783814e-04   -6.798803806305e-04   -6.415944080800e-04    5.421880632639e-05    1.034958986565e-04   -3.310171887279e-04    4.991274327040e-04
 184   -7.321063894778e-04   -2.483206335455e-04   -7.114917971194e-04   -6.570501718670e-04    5.595828406513e-05    1.090221339837e-04   -3.534704446793e-04    5.156707484275e-04
 185   -7.652139756829e-04   -2.483774442226e-04   -7.423940114677e-04   -6.729178130627e-04    5.555804818869e-05    1.137646613643e-04   -3.793728537858e-04    5.327303661034e-04
 186   -7.995306514204e-04   -2.485272707418e-04   -7.737772539258e-04   -6.900958251208e-04    5.443650297821e-05    1.191432820633e-04   -4.076471086591e-04    5.508079193532e-04
 187   -8.395349141210e-04   -2.494279760867e-04   -8.083530701697e-04   -7.082838565111e-04    5.569192580879e-05    1.268470659852e-04   -4.347353242338e-04    5.696534644812e-04
 188   -8.848380530253e-04   -2.503603463992e-04   -8.462839759886e-04   -7.264232262969e-04    5.976646207273e-05    1.362251350656e-04   -4.597194492817e-04    5.890169413760e-04
 189   -9.295354830101e-04   -2.499946858734e-04   -8.842735551298e-04   -7.437490858138e-04    6.296159699559e-05    1.444448716938e-04   -4.865103401244e-04    6.088725058362e-04
 190   -9.702529059723e-04   -2.481015399098e-04   -9.199087508023e-04   -7.605755236000e-04    6.251200102270e-05    1.501487568021e-04   -5.185818299651e-04    6.293121259660e-04
 191   -1.011101761833e-03   -2.457140944898e-04   -9.551560506225e-04   -7.778371218592e-04    6.084376946092e-05    1.555318012834e-04   -5.537956021726e-04    6.505092605948e-04
 192   -1.057692337781e-03   -2.438919618726e-04   -9.933831170201e-04   -7.961636874825e-04    6.182864308357e-05    1.635662047192e-04   -5.880394019186e-04    6.728394655511e-04
 193   -1.109826378524e-03   -2.426961436868e-04   -1.035275869071e-03   -8.153868839145e-04    6.510503590107e-05    1.742272870615e-04   -6.211237050593e-04    6.963614141569e-04
 194   -1.163391163573e-03   -2.411673776805e-04   -1.079004723579e-03   -8.346403483301e-04    6.748386658728e-05    1.848340034485e-04   -6.558792665601e-04    7.201505359262e-04
 195   -1.216128002852e-03   -2.380732912570e-04   -1.122592482716e-03   -8.528949692845e-04    6.793113425374e-05    1.933716703206e-04   -6.935470737517e-04    7.427544333041e-04
 196   -1.268699066713e-03   -2.332716248930e-04   -1.165066845715e-03   -8.702308405191e-04    6.811297498643e-05    2.004448324442e-04   -7.330104708672e-04    7.640508702025e-04
 197   -1.322463620454e-03   -2.285505179316e-04   -1.207159832120e-03   -8.884342387319e-04    6.870925426483e-05    2.082595601678e-04   -7.736752741039e-04    7.862289203331e-04
 198   -1.378943212330e-03   -2.257230225950e-04   -1.251327805221e-03   -9.090213570744e-04    6.896816194057e-05    2.180354204029e-04   -8.158241398633e-04    8.113268995658e-04
 199   -1.439333893359e-03   -2.235288266093e-04   -1.299104187638e-03   -9.303644765168e-04    6.924057379365e-05    2.285286318511e-04   -8.590999059379e-04    8.380305953324e-04
 200   -1.503094332293e-03   -2.187502104789e-04   -1.348853111267e-03   -9.494265541434e-04    7.087294943631e-05    2.380420919508e-04   -9.030108340085e-04    8.635064586997e-04
 201   -1.567873172462e-03   -2.110588829964e-04   -1.397786661983e-03   -9.669424034655e-04    7.298565469682e-05    2.473366912454e-04   -9.489492513239e-04    8.882040856406e-04
 202    0.000000000000e+00    0.000000000000e+00    0.000000000000e+00    0.000000000000e+00    0.000000000000e+00    0.000000000000e+00    0.000000000000e+00    0.000000000000e+00
 203    0.000000000000e+00    0.000000000000e+00    0.000000000000e+00    0.000000000000e+00    0.000000000000e+00    0.000000000000e+00    0.000000000000e+00    0.000000000000e+00
 204   -1.770430710167e-03   -1.947463024408e-04   -1.547625288367e-03   -1.033459091559e-03    7.313117384911e-05    2.847218420357e-04   -1.100529916584e-03    9.772058110684e-04
 205   -1.844736048952e-03   -1.866393722594e-04   -1.599786803126e-03   -1.050092745572e-03    7.652491331100e-05    2.960585989058e-04   -1.150622498244e-03    1.004717079923e-03
 206   -1.919099129736e-03   -1.771056558937e-04   -1.651384867728e-03   -1.066068885848e-03    7.806625217199e-05    3.081278409809e-04   -1.205299515277e-03    1.032803207636e-03
 207   -1.993257552385e-03   -1.697095576674e-04   -1.704495400190e-03   -1.088586868718e-03    7.513095624745e-05    3.219910431653e-04   -1.266319304705e-03    1.065691001713e-03
 208   -2.069803420454e-03   -1.636317465454e-04   -1.759834587574e-03   -1.116247382015e-03    7.096398621798e-05    3.353653009981e-04   -1.329684630036e-03    1.101378584281e-03
 209   -2.149842679501e-03   -1.546312123537e-04   -1.814758405089e-03   -1.140277832747e-03    7.000495679677e-05    3.465036861598e-04   -1.391601283103e-03    1.134172780439e-03
 210   -2.232451923192e-03   -1.417044550180e-04   -1.867907121778e-03   -1.157396705821e-03    7.215421646833e-05    3.580227494240e-04   -1.453726552427e-03    1.163432840258e-03
 211   -2.317916136235e-03   -1.288014464080e-04   -1.923196949065e-03   -1.174836652353e-03    7.403851486742e-05    3.735153004527e-04   -1.519346609712e-03    1.195068703964e-03
 212   -2.407744992524e-03   -1.186311710626e-04   -1.984201837331e-03   -1.199436141178e-03    7.440685294569e-05    3.914993721992e-04   -1.587886363268e-03    1.233170274645e-03
 213   -2.501218114048e-03   -1.080627553165e-04   -2.048104070127e-03   -1.227116910741e-03    7.469533011317e-05    4.065057728440e-04   -1.656456850469e-03    1.273595960811e-03
 214   -2.596242818981e-03   -9.279139339924e-05   -2.110218629241e-03   -1.248485408723e-03    7.596658542752e-05    4.168420564383e-04   -1.724493689835e-03    1.309220446274e-03
 215   -2.693579997867e-03   -7.428694516420e-05   -2.172258682549e-03   -1.261976547539e-03    7.744412869215e-05    4.272924270481e-04   -1.793856732547e-03    1.339379465207e-03
 216   -2.796336542815e-03   -5.850801244378e-05   -2.239475026727e-03   -1.276453491300e-03    7.833447307348e-05    4.427954554558e-04   -1.865650527179e-03    1.371003920212e-03
 217   -2.904449589550e-03   -4.807347431779e-05   -2.310944721103e-03   -1.300594303757e-03    7.824460044503e-05    4.625022411346e-04   -1.940738409758e-03    1.410701777786e-03
 218   -3.013328183442e-03   -3.874907270074e-05   -2.379341982305e-03   -1.332924235612e-03    7.693842053413e-05    4.820474423468e-04   -2.021001651883e-03    1.457623438910e-03
 219   -3.120830282569e-03   -2.482649870217e-05   -2.442352939397e-03   -1.363809686154e-03    7.505156099796e-05    4.993216134608e-04   -2.106739208102e-03    1.504956511781e-03
 220   -3.231596201658e-03   -5.534151569009e-06   -2.506741322577e-03   -1.386411953717e-03    7.536541670561e-05    5.157592240721e-04   -2.193317748606e-03    1.547208987176e-03
 221   -3.349937964231e-03    1.487927511334e-05   -2.577305771410e-03   -1.404300797731e-03    7.906719110906e-05    5.331337451935e-04   -2.276642248034e-03    1.585316145793e-03
 222   -3.472752869129e-03    3.215088509023e-05   -2.649217844009e-03   -1.426670700312e-03    8.185394108295e-05    5.515108350664e-04   -2.361045219004e-03    1.624657772481e-03
 223   -3.594297915697e-03    4.662410356104e-05   -2.716019749641e-03   -1.456758938730e-03    7.865182124078e-05    5.699133034796e-04   -2.454682253301e-03    1.668363576755e-03
 224   -3.715717233717e-03    6.266194395721e-05   -2.779833972454e-03   -1.488052774221e-03    7.232627831399e-05    5.873285699636e-04   -2.556338906288e-03    1.713779754937e-03
 225   -3.843379206955e-03    8.327024988830e-05   -2.847955562174e-03   -1.513010822237e-03    7.098051719368e-05    6.034714169800e-04   -2.654497511685e-03    1.756194978952e-03
 226   -3.979153931141e-03    1.055079046637e-04   -2.922720741481e-03   -1.533434260637e-03    7.533212192357e-05    6.201846990734e-04   -2.744224853814e-03    1.796171767637e-03
 227   -4.117845557630e-03    1.240328419954e-04   -2.999472431839e-03   -1.558141782880e-03    7.610907778144e-05    6.401338614523e-04   -2.837171778083e-03    1.839929493144e-03
 228   -4.254026338458e-03    1.395421568304e-04   -3.071673214436e-03   -1.590495929122e-03    6.823753938079e-05    6.625098176301e-04   -2.946128137410e-03    1.890307292342e-03
 229   -4.388037137687e-03    1.583015546203e-04   -3.137076739222e-03   -1.623896881938e-03    5.872547626495e-05    6.834031082690e-04   -3.066564910114e-03    1.942273462191e-03
 230   -4.525206051767e-03    1.825988292694e-04   -3.200055565685e-03   -1.652400940657e-03    5.567935295403e-05    7.020002231002e-04   -3.183965571225e-03    1.990396995097e-03
 231   -4.670680500567e-03    2.080020494759e-04   -3.267359919846e-03   -1.678369008005e-03    5.679228343070e-05    7.219852413982e-04   -3.294483758509e-03    2.035589190200e-03
 232   -4.825207404792e-03    2.315619494766e-04   -3.341034986079e-03   -1.705625560135e-03    5.484186112881e-05    7.446426898241e-04   -3.407405689359e-03    2.081115264446e-03
 233   -4.984393715858e-03    2.558433916420e-04   -3.417411353439e-03   -1.733215525746e-03    4.840991459787e-05    7.658535614610e-04   -3.529558889568e-03    2.127244602889e-03
 234   -5.143402144313e-03    2.822950482368e-04   -3.492385149002e-03   -1.760675106198e-03    4.176958464086e-05    7.831966504455e-04   -3.657642751932e-03    2.174031455070e-03
 235   -5.303484387696e-03    3.073960542679e-04   -3.566331230104e-03   -1.791762188077e-03    3.715371713042e-05    8.005539420992e-04   -3.786183893681e-03    2.223677933216e-03
 236   -5.470203235745e-03    3.281603567302e-04   -3.641958348453e-03   -1.828742679209e-03    3.204611130059e-05    8.225864730775e-04   -3.915787674487e-03    2.276836428791e-03
 237   -5.644030869007e-03    3.463756293058e-04   -3.719430416822e-03   -1.869034487754e-03    2.294871956110e-05    8.484148420393e-04   -4.051496274769e-03    2.330592833459e-03
 238   -5.820255726576e-03    3.660395741463e-04   -3.797047771513e-03   -1.908325124532e-03    1.137773506343e-05    8.739638142288e-04   -4.193579778075e-03    2.382120117545e-03
 239   -5.998240783811e-03    3.886902704835e-04   -3.874303773046e-03   -1.945165451616e-03    2.517015673220e-06    8.976738899946e-04   -4.336429759860e-03    2.432249020785e-03
 240   -6.183337420225e-03    4.117721691728e-04   -3.951280377805e-03   -1.982906367630e-03   -1.720967702568e-06    9.216591715813e-04   -4.477053880692e-03    2.484026364982e-03
 241   -6.375922821462e-03    4.310775548220e-04   -4.025099799037e-03   -2.027836628258e-03   -6.360234692693e-06    9.476076811552e-04   -4.620675928891e-03    2.538201631978e-03
 242   -6.569413468242e-03    4.452718421817e-04   -4.091863520443e-03   -2.083412371576e-03   -1.644971780479e-05    9.740511886775e-04   -4.773752763867e-03    2.591812284663e-03
 243   -6.762025877833e-03    4.576840437949e-04   -4.154075868428e-03   -2.143957186490e-03   -3.116112202406e-05    9.986623190343e-04   -4.936239682138e-03    2.642072737217e-03
 244   -6.962383165956e-03    4.723095335066e-04   -4.220873117447e-03   -2.199541311711e-03   -4.585424903780e-05    1.022221054882e-03   -5.103435367346e-03    2.690370893106e-03
 245   -7.177915424109e-03    4.882649518549e-04   -4.296403378248e-03   -2.252080943435e-03   -5.909160245210e-05    1.047935802490e-03   -5.273938179016e-03    2.740791533142e-03
 246   -7.404718548059e-03    5.004047416151e-04   -4.372297786176e-03   -2.318784594536e-03   -7.410533726215e-05    1.076533459127e-03   -5.451091565192e-03    2.794488100335e-03
 247   -7.630950771272e-03    5.054879002273e-04   -4.435542970896e-03   -2.411447465420e-03   -9.571586269885e-05    1.103817485273e-03   -5.638858303428e-03    2.846583258361e-03
 248   -7.852402515709e-03    5.060159601271e-04   -4.486314952374e-03   -2.513402141631e-03   -1.245999010280e-04    1.125831622630e-03   -5.834966897964e-03    2.890089992434e-03
 249   -8.083585649729e-03    5.039046518505e-04   -4.538310691714e-03   -2.601467072964e-03   -1.573041081429e-04    1.144814770669e-03   -6.035348400474e-03    2.923729596660e-03
 250   -8.350017480552e-03    4.885857924819e-04   -4.593719728291e-03   -2.700624987483e-03   -1.961764064617e-04    1.165744848549e-03   -6.252549588680e-03    2.953744027764e-03
 251   -8.667518384755e-03    4.394976422191e-04   -4.631030373275e-03   -2.881601452827e-03   -2.563291345723e-04    1.187603920698e-03   -6.517624482512e-03    2.984063699841e-03
 252   -9.026831947267e-03    3.490326926112e-04   -4.628617316484e-03   -3.178256563842e-03   -3.510860260576e-04    1.201601698995e-03   -6.844514980912e-03    3.005314385518e-03
