   0    0.000000000000e+00    0.000000000000e+00    0.000000000000e+00    0.000000000000e+00    0.000000000000e+00    0.000000000000e+00    0.000000000000e+00    0.000000000000e+00
   1    0.000000000000e+00    0.000000000000e+00    0.000000000000e+00    0.000000000000e+00    0.000000000000e+00    0.000000000000e+00    0.000000000000e+00    0.000000000000e+00
   2    0.000000000000e+00    0.000000000000e+00    0.000000000000e+00    0.000000000000e+00    0.000000000000e+00    0.000000000000e+00    0.000000000000e+00    0.000000000000e+00
   3    0.000000000000e+00    0.000000000000e+00    0.000000000000e+00    0.000000000000e+00    0.000000000000e+00    0.000000000000e+00    0.000000000000e+00    0.000000000000e+00
   4    0.000000000000e+00    0.000000000000e+00    0.000000000000e+00    0.000000000000e+00    0.000000000000e+00    0.000000000000e+00    0.000000000000e+00    0.000000000000e+00
   5    0.000000000000e+00    0.000000000000e+00    0.000000000000e+00    0.000000000000e+00    0.000000000000e+00    0.000000000000e+00    0.000000000000e+00    0.000000000000e+00
   6    0.000000000000e+00    0.000000000000e+00    0.000000000000e+00    0.000000000000e+00    0.000000000000e+00    0.000000000000e+00    0.000000000000e+00    0.000000000000e+00
   7    0.000000000000e+00    0.000000000000e+00    0.000000000000e+00    0.000000000000e+00    0.000000000000e+00    0.000000000000e+00    0.000000000000e+00    0.000000000000e+00
   8    0.000000000000e+00    0.000000000000e+00    0.000000000000e+00    0.000000000000e+00    0.000000000000e+00    0.000000000000e+00    0.000000000000e+00    0.000000000000e+00
   9    0.000000000000e+00    0.000000000000e+00    0.000000000000e+00    0.000000000000e+00    0.000000000000e+00    0.000000000000e+00    0.000000000000e+00    0.000000000000e+00
  10    0.000000000000e+00    0.000000000000e+00    0.000000000000e+00    0.000000000000e+00    0.000000000000e+00    0.000000000000e+00    0.000000000000e+00    0.000000000000e+00
  11    0.000000000000e+00    0.000000000000e+00    0.000000000000e+00    0.000000000000e+00    0.000000000000e+00    0.000000000000e+00    0.000000000000e+00    0.000000000000e+00
  12    0.000000000000e+00    0.000000000000e+00    0.000000000000e+00    0.000000000000e+00    0.000000000000e+00    0.000000000000e+00    0.000000000000e+00    0.000000000000e+00
  13    0.000000000000e+00    0.000000000000e+00    0.000000000000e+00    0.000000000000e+00    0.000000000000e+00    0.000000000000e+00    0.000000000000e+00    0.000000000000e+00
  14    0.000000000000e+00    0.000000000000e+00    0.000000000000e+00    0.000000000000e+00    0.000000000000e+00    0.000000000000e+00    0.000000000000e+00    0.000000000000e+00
  15    0.000000000000e+00    0.000000000000e+00    0.000000000000e+00    0.000000000000e+00    0.000000000000e+00    0.000000000000e+00    0.000000000000e+00    0.000000000000e+00
  16    0.000000000000e+00    0.000000000000e+00    0.000000000000e+00    0.000000000000e+00    0.000000000000e+00    0.000000000000e+00    0.000000000000e+00    0.000000000000e+00
  17    0.000000000000e+00    0.000000000000e+00    0.000000000000e+00    0.000000000000e+00    0.000000000000e+00    0.000000000000e+00    0.000000000000e+00    0.000000000000e+00
  18    0.000000000000e+00    0.000000000000e+00    0.000000000000e+00    0.000000000000e+00    0.000000000000e+00    0.000000000000e+00    0.000000000000e+00    0.000000000000e+00
  19    0.000000000000e+00    0.000000000000e+00    0.000000000000e+00    0.000000000000e+00    0.000000000000e+00    0.000000000000e+00    0.000000000000e+00    0.000000000000e+00
  20    0.000000000000e+00    0.000000000000e+00    0.000000000000e+00    0.000000000000e+00    0.000000000000e+00    0.000000000000e+00    0.000000000000e+00    0.000000000000e+00
  21    0.000000000000e+00    0.000000000000e+00    0.000000000000e+00    0.000000000000e+00    0.000000000000e+00    0.000000000000e+00    0.000000000000e+00    0.000000000000e+00
  22    0.000000000000e+00    0.000000000000e+00    0.000000000000e+00    0.000000000000e+00    0.000000000000e+00    0.000000000000e+00    0.000000000000e+00    0.000000000000e+00
  23    0.000000000000e+00    0.000000000000e+00    0.000000000000e+00    0.000000000000e+00    0.000000000000e+00    0.000000000000e+00    0.000000000000e+00    0.000000000000e+00
  24    0.000000000000e+00    0.000000000000e+00    0.000000000000e+00    0.000000000000e+00    0.000000000000e+00    0.000000000000e+00    0.000000000000e+00    0.000000000000e+00
  25    0.000000000000e+00    0.000000000000e+00    0.000000000000e+00    0.000000000000e+00    0.000000000000e+00    0.000000000000e+00    0.000000000000e+00    0.000000000000e+00
  26    0.000000000000e+00    0.000000000000e+00    0.000000000000e+00    0.000000000000e+00    0.000000000000e+00    0.000000000000e+00    0.000000000000e+00    0.000000000000e+00
  27    0.000000000000e+00    0.000000000000e+00    0.000000000000e+00    0.000000000000e+00    0.000000000000e+00    0.000000000000e+00    0.000000000000e+00    0.000000000000e+00
  28    0.000000000000e+00    0.000000000000e+00    0.000000000000e+00    0.000000000000e+00    0.000000000000e+00    0.000000000000e+00    0.000000000000e+00    0.000000000000e+00
  29    0.000000000000e+00    0.000000000000e+00    0.000000000000e+00    0.000000000000e+00    0.000000000000e+00    0.000000000000e+00    0.000000000000e+00    0.000000000000e+00
  30    0.000000000000e+00    0.000000000000e+00    0.000000000000e+00    0.000000000000e+00    0.000000000000e+00    0.000000000000e+00    0.000000000000e+00    0.000000000000e+00
  31    0.000000000000e+00    0.000000000000e+00    0.000000000000e+00    0.000000000000e+00    0.000000000000e+00    0.000000000000e+00    0.000000000000e+00    0.000000000000e+00
  32    0.000000000000e+00    0.000000000000e+00    0.000000000000e+00    0.000000000000e+00    0.000000000000e+00    0.000000000000e+00    0.000000000000e+00    0.000000000000e+00
  33    0.000000000000e+00    0.000000000000e+00    0.000000000000e+00    0.000000000000e+00    0.000000000000e+00    0.000000000000e+00    0.000000000000e+00    0.000000000000e+00
  34    0.000000000000e+00    0.000000000000e+00    0.000000000000e+00    0.000000000000e+00    0.000000000000e+00    0.000000000000e+00    0.000000000000e+00    0.000000000000e+00
  35    0.000000000000e+00    0.000000000000e+00    0.000000000000e+00    0.000000000000e+00    0.000000000000e+00    0.000000000000e+00    0.000000000000e+00    0.000000000000e+00
  36    0.000000000000e+00    0.000000000000e+00    0.000000000000e+00    0.000000000000e+00    0.000000000000e+00    0.000000000000e+00    0.000000000000e+00    0.000000000000e+00
  37    0.000000000000e+00    0.000000000000e+00    0.000000000000e+00    0.000000000000e+00    0.000000000000e+00    0.000000000000e+00    0.000000000000e+00    0.000000000000e+00
  38    0.000000000000e+00    0.000000000000e+00    0.000000000000e+00    0.000000000000e+00    0.000000000000e+00    0.000000000000e+00    0.000000000000e+00    0.000000000000e+00
  39    0.000000000000e+00    0.000000000000e+00    0.000000000000e+00    0.000000000000e+00    0.000000000000e+00    0.000000000000e+00    0.000000000000e+00    0.000000000000e+00
  40    0.000000000000e+00    0.000000000000e+00    0.000000000000e+00    0.000000000000e+00    0.000000000000e+00    0.000000000000e+00    0.000000000000e+00    0.000000000000e+00
  41    0.000000000000e+00    0.000000000000e+00    0.000000000000e+00    0.000000000000e+00    0.000000000000e+00    0.000000000000e+00    0.000000000000e+00    0.000000000000e+00
  42    0.000000000000e+00    0.000000000000e+00    0.000000000000e+00    0.000000000000e+00    0.000000000000e+00    0.000000000000e+00    0.000000000000e+00    0.000000000000e+00
  43    0.000000000000e+00    0.000000000000e+00    0.000000000000e+00    0.000000000000e+00    0.000000000000e+00    0.000000000000e+00    0.000000000000e+00    0.000000000000e+00
  44    0.000000000000e+00    0.000000000000e+00    0.000000000000e+00    0.000000000000e+00    0.000000000000e+00    0.000000000000e+00    0.000000000000e+00    0.000000000000e+00
  45    0.000000000000e+00    0.000000000000e+00    0.000000000000e+00    0.000000000000e+00    0.000000000000e+00    0.000000000000e+00    0.000000000000e+00    0.000000000000e+00
  46    0.000000000000e+00    0.000000000000e+00    0.000000000000e+00    0.000000000000e+00    0.000000000000e+00    0.000000000000e+00    0.000000000000e+00    0.000000000000e+00
  47    0.000000000000e+00    0.000000000000e+00    0.000000000000e+00    0.000000000000e+00    0.000000000000e+00    0.000000000000e+00    0.000000000000e+00    0.000000000000e+00
  48    0.000000000000e+00    0.000000000000e+00    0.000000000000e+00    0.000000000000e+00    0.000000000000e+00    0.000000000000e+00    0.000000000000e+00    0.000000000000e+00
  49    0.000000000000e+00    0.000000000000e+00    0.000000000000e+00    0.000000000000e+00    0.000000000000e+00    0.000000000000e+00    0.000000000000e+00    0.000000000000e+00
  50    0.000000000000e+00    0.000000000000e+00    0.000000000000e+00    0.000000000000e+00    0.000000000000e+00    0.000000000000e+00    0.000000000000e+00    0.000000000000e+00
  51    1.255212513790e-12    0.000000000000e+00   -9.369434481737e-13    5.531205918632e-13   -9.369434481737e-13   -5.531205918632e-13    8.311339897565e-13    0.000000000000e+00
  52    1.179704012429e-12    0.000000000000e+00   -8.599224305718e-13    5.832096416046e-13   -8.599224305718e-13   -5.832096416046e-13    7.753529806045e-13    0.000000000000e+00
  53    1.320822140896e-12    0.000000000000e+00   -9.609724040821e-13    6.408184529891e-13   -9.609724040821e-13   -6.408184529891e-13    8.656943434673e-13    0.000000000000e+00
  54    1.313961417969e-12    0.000000000000e+00   -9.315057405979e-13    6.551253138067e-13   -9.315057405979e-13   -6.551253138067e-13    8.404164950765e-13    0.000000000000e+00
  55    1.138839023085e-12    0.000000000000e+00   -7.631860638249e-13    6.398520493826e-13   -7.631860638249e-13   -6.398520493826e-13    6.984841307775e-13    0.000000000000e+00
  56    1.044057527065e-12    0.000000000000e+00   -6.615569637242e-13    6.546025657292e-13   -6.615569637242e-13   -6.546025657292e-13    6.145219966572e-13    0.000000000000e+00
  57    1.081122604635e-12    0.000000000000e+00   -6.680896070740e-13    6.990631489477e-13   -6.680896070740e-13   -6.990631489477e-13    6.244069389143e-13    0.000000000000e+00
  58    1.131432404364e-12    0.000000000000e+00   -6.868036955127e-13    7.368416315469e-13   -6.868036955127e-13   -7.368416315469e-13    6.465581108700e-13    0.000000000000e+00
  59    1.078192656684e-12    0.000000000000e+00   -6.211290162761e-13    7.431618254811e-13   -6.211290162761e-13   -7.431618254811e-13    5.940392492146e-13    0.000000000000e+00
  60    9.680663388967e-13    0.000000000000e+00   -5.040118713009e-13    7.380700868184e-13   -5.040118713009e-13   -7.380700868184e-13    4.908455369587e-13    0.000000000000e+00
  61    8.941264070285e-13    0.000000000000e+00   -4.116762269621e-13    7.422647566036e-13   -4.116762269621e-13   -7.422647566036e-13    4.039683626673e-13    0.000000000000e+00
  62    8.565955019954e-13    0.000000000000e+00   -3.493216187232e-13    7.515615733922e-13   -3.493216187232e-13   -7.515615733922e-13    3.443967929850e-13    0.000000000000e+00
  63    7.591141799358e-13    0.000000000000e+00   -2.437201102826e-13    7.404198781868e-13   -2.437201102826e-13   -7.404198781868e-13    2.526753762819e-13    0.000000000000e+00
  64    5.995912859096e-13    0.000000000000e+00   -9.531703768287e-14    7.092556251510e-13   -9.531703768287e-14   -7.092556251510e-13    1.258976375842e-13    0.000000000000e+00
  65    4.853587692345e-13    0.000000000000e+00    1.147537536457e-14    6.874944407168e-13    1.147537536457e-14   -6.874944407168e-13    3.301907900745e-14    0.000000000000e+00
  66    4.406549994687e-13    0.000000000000e+00    5.826533645750e-14    6.760990422031e-13    5.826533645750e-14   -6.760990422031e-13   -1.173711193340e-14    0.000000000000e+00
  67    3.784503906003e-13    0.000000000000e+00    1.150769475371e-13    6.491187795610e-13    1.150769475371e-13   -6.491187795610e-13   -6.791690419696e-14    0.000000000000e+00
  68    2.497175101250e-13    0.000000000000e+00    2.250030673931e-13    5.998669985220e-13    2.250030673931e-13   -5.998669985220e-13   -1.720976334531e-13    0.000000000000e+00
  69    1.002125967387e-13    0.000000000000e+00    3.514967722267e-13    5.503082256379e-13    3.514967722267e-13   -5.503082256379e-13   -2.930184849100e-13    0.000000000000e+00
  70   -4.798350166637e-14    0.000000000000e+00    4.739433671908e-13    5.032298362739e-13    4.739433671908e-13   -5.032298362739e-13   -4.141253041445e-13    0.000000000000e+00
  71   -1.934729367816e-13    0.000000000000e+00    5.951079472960e-13    4.524515527862e-13    5.951079472960e-13   -4.524515527862e-13   -5.368345199798e-13    0.000000000000e+00
  72   -3.167786670998e-13    0.000000000000e+00    7.073691675810e-13    4.050479840857e-13    7.073691675810e-13   -4.050479840857e-13   -6.506816027825e-13    0.000000000000e+00
  73   -4.172796819451e-13    0.000000000000e+00    8.012609672980e-13    3.584483512960e-13    8.012609672980e-13   -3.584483512960e-13   -7.489727154447e-13    0.000000000000e+00
  74   -5.287880051365e-13    0.000000000000e+00    8.928120287348e-13    2.965677291418e-13    8.928120287348e-13   -2.965677291418e-13   -8.515411683077e-13    0.000000000000e+00
  75   -6.716173298928e-13    0.000000000000e+00    1.000280587526e-12    2.167473015305e-13    1.000280587526e-12   -2.167473015305e-13   -9.757642827415e-13    0.000000000000e+00
  76   -8.343091300288e-13    0.000000000000e+00    1.126705499732e-12    1.311123383257e-13    1.126705499732e-12   -1.311123383257e-13   -1.118047928544e-12    0.000000000000e+00
  77   -1.005383601892e-12    0.000000000000e+00    1.262418121428e-12    4.143258273363e-14    1.262418121428e-12   -4.143258273363e-14   -1.265505603955e-12    0.000000000000e+00
  78   -1.195632026545e-12    0.000000000000e+00    1.402078973756e-12   -6.589891935090e-14    1.402078973756e-12    6.589891935090e-14   -1.418008614175e-12    0.000000000000e+00
  79   -1.399857877185e-12    0.000000000000e+00    1.540981860344e-12   -1.847199015926e-13    1.540981860344e-12    1.847199015926e-13   -1.575463284137e-12    0.000000000000e+00
  80   -1.557046809195e-12    0.000000000000e+00    1.654091143569e-12   -2.753121623907e-13    1.654091143569e-12    2.753121623907e-13   -1.711044392110e-12    0.000000000000e+00
  81   -1.628865445302e-12    0.000000000000e+00    1.721836215274e-12   -3.242187334579e-13    1.721836215274e-12    3.242187334579e-13   -1.803609128367e-12    0.000000000000e+00
  82   -1.703066182003e-12    0.000000000000e+00    1.781753889395e-12   -3.913815343863e-13    1.781753889395e-12    3.913815343863e-13   -1.893892161153e-12    0.000000000000e+00
  83   -1.879177369268e-12    0.000000000000e+00    1.886937654738e-12   -5.205910572417e-13    1.886937654738e-12    5.205910572417e-13   -2.032998552490e-12    0.000000000000e+00
  84   -2.096315308842e-12    0.000000000000e+00    2.017518530711e-12   -6.548946497945e-13    2.017518530711e-12    6.548946497945e-13   -2.191694959200e-12    0.000000000000e+00
  85   -2.207569413729e-12    0.000000000000e+00    2.104534211830e-12   -7.118991810981e-13    2.104534211830e-12    7.118991810981e-13   -2.296339984484e-12    0.000000000000e+00
  86   -2.248186662876e-12    0.000000000000e+00    2.150463401102e-12   -7.420694375822e-13    2.150463401102e-12    7.420694375822e-13   -2.365806335558e-12    0.000000000000e+00
  87   -2.356854945582e-12    0.000000000000e+00    2.211421584047e-12   -8.435011044673e-13    2.211421584047e-12    8.435011044673e-13   -2.473648239368e-12    0.000000000000e+00
  88   -2.537427516366e-12    0.000000000000e+00    2.299093641162e-12   -1.002505153544e-12    2.299093641162e-12    1.002505153544e-12   -2.626816299200e-12    0.000000000000e+00
  89   -2.673463447150e-12    0.000000000000e+00    2.375447061276e-12   -1.122720948328e-12    2.375447061276e-12    1.122720948328e-12   -2.760609449370e-12    0.000000000000e+00
  90   -2.731292188946e-12    0.000000000000e+00    2.421681128198e-12   -1.183093553681e-12    2.421681128198e-12    1.183093553681e-12   -2.844135083696e-12    0.000000000000e+00
  91   -2.762021947961e-12    0.000000000000e+00    2.443552088102e-12   -1.242906168611e-12    2.443552088102e-12    1.242906168611e-12   -2.905006313628e-12    0.000000000000e+00
  92   -2.768064857189e-12    0.000000000000e+00    2.439830889406e-12   -1.318201082144e-12    2.439830889406e-12    1.318201082144e-12   -2.964308919856e-12    0.000000000000e+00
  93   -2.764191436508e-12    0.000000000000e+00    2.431705444644e-12   -1.394987315766e-12    2.431705444644e-12    1.394987315766e-12   -3.039000041200e-12    0.000000000000e+00
  94   -2.818967281826e-12    0.000000000000e+00    2.458814185244e-12   -1.487402432124e-12    2.458814185244e-12    1.487402432124e-12   -3.147851987753e-12    0.000000000000e+00
  95   -2.935575393881e-12    0.000000000000e+00    2.518181409922e-12   -1.603715315927e-12    2.518181409922e-12    1.603715315927e-12   -3.274283188331e-12    0.000000000000e+00
  96   -3.013294258211e-12    0.000000000000e+00    2.550895475753e-12   -1.707482462712e-12    2.550895475753e-12    1.707482462712e-12   -3.363812050086e-12    0.000000000000e+00
  97   -2.992046497716e-12    0.000000000000e+00    2.516461648436e-12   -1.761071540332e-12    2.516461648436e-12    1.761071540332e-12   -3.386609786007e-12    0.000000000000e+00
  98   -2.932499945998e-12    0.000000000000e+00    2.451293291614e-12   -1.777199372908e-12    2.451293291614e-12    1.777199372908e-12   -3.380672044390e-12    0.000000000000e+00
  99   -2.928631946328e-12    0.000000000000e+00    2.428693531009e-12   -1.814596216343e-12    2.428693531009e-12    1.814596216343e-12   -3.420893776584e-12    0.000000000000e+00
 100   -2.979477125090e-12    0.000000000000e+00    2.461759745706e-12   -1.913163637929e-12    2.461759745706e-12    1.913163637929e-12   -3.532126197428e-12    0.000000000000e+00
 101   -2.995861154639e-12    0.000000000000e+00    2.480238453853e-12   -2.029458198716e-12    2.480238453853e-12    2.029458198716e-12   -3.642299569590e-12    0.000000000000e+00
 102   -2.906990837284e-12    0.000000000000e+00    2.422215639869e-12   -2.069498869148e-12    2.422215639869e-12    2.069498869148e-12   -3.655353797427e-12    0.000000000000e+00
 103   -2.777366444467e-12    0.000000000000e+00    2.333013556649e-12   -2.041504985895e-12    2.333013556649e-12    2.041504985895e-12   -3.605663944500e-12    0.000000000000e+00
 104   -2.735629648157e-12    0.000000000000e+00    2.294009817175e-12   -2.076523415023e-12    2.294009817175e-12    2.076523415023e-12   -3.630468321802e-12    0.000000000000e+00
 105   -2.784807540818e-12    0.000000000000e+00    2.303638399828e-12   -2.228460254869e-12    2.303638399828e-12    2.228460254869e-12   -3.767988525361e-12    0.000000000000e+00
 106   -2.764453379753e-12    0.000000000000e+00    2.281890388450e-12   -2.356058056985e-12    2.281890388450e-12    2.356058056985e-12   -3.877335952307e-12    0.000000000000e+00
 107   -2.544159110815e-12    0.000000000000e+00    2.179683733852e-12   -2.301703966312e-12    2.179683733852e-12    2.301703966312e-12   -3.820086608153e-12    0.000000000000e+00
 108   -2.249044917316e-12    0.000000000000e+00    2.045098682416e-12   -2.157497054275e-12    2.045098682416e-12    2.157497054275e-12   -3.679849393950e-12    0.000000000000e+00
 109   -2.101419732670e-12    0.000000000000e+00    1.962284935236e-12   -2.133128743087e-12    1.962284935236e-12    2.133128743087e-12   -3.646421706249e-12    0.000000000000e+00
 110   -2.119988429597e-12    0.000000000000e+00    1.946116878759e-12   -2.267032048198e-12    1.946116878759e-12    2.267032048198e-12   -3.760079921034e-12    0.000000000000e+00
 111   -2.106684184738e-12    0.000000000000e+00    1.932452461939e-12   -2.394538994172e-12    1.932452461939e-12    2.394538994172e-12   -3.875910009610e-12    0.000000000000e+00
 112   -1.900445295924e-12    0.000000000000e+00    1.845007219919e-12   -2.368782253681e-12    1.845007219919e-12    2.368782253681e-12   -3.845839445515e-12    0.000000000000e+00
 113   -1.614506054889e-12    0.000000000000e+00    1.704636106749e-12   -2.276112891914e-12    1.704636106749e-12    2.276112891914e-12   -3.738337764347e-12    0.000000000000e+00
 114   -1.409717394901e-12    0.000000000000e+00    1.596402047013e-12   -2.254169073623e-12    1.596402047013e-12    2.254169073623e-12   -3.706269232490e-12    0.000000000000e+00
 115   -1.282955512660e-12    0.000000000000e+00    1.542190203666e-12   -2.299327611990e-12    1.542190203666e-12    2.299327611990e-12   -3.756966092394e-12    0.000000000000e+00
 116   -1.157811151641e-12    0.000000000000e+00    1.493962831049e-12   -2.332556890694e-12    1.493962831049e-12    2.332556890694e-12   -3.793328498536e-12    0.000000000000e+00
 117   -9.986009415208e-13    0.000000000000e+00    1.406147117147e-12   -2.317451786027e-12    1.406147117147e-12    2.317451786027e-12   -3.762184574291e-12    0.000000000000e+00
 118   -8.364794317275e-13    0.000000000000e+00    1.306349885037e-12   -2.302901359191e-12    1.306349885037e-12    2.302901359191e-12   -3.729915248191e-12    0.000000000000e+00
 119   -7.002471519302e-13    0.000000000000e+00    1.235781225614e-12   -2.345282822114e-12    1.235781225614e-12    2.345282822114e-12   -3.763633502074e-12    0.000000000000e+00
 120   -5.907157358750e-13    0.000000000000e+00    1.179919443400e-12   -2.453874776986e-12    1.179919443400e-12    2.453874776986e-12   -3.852995613535e-12    0.000000000000e+00
 121   -6.753518100658e-13    0.000000000000e+00    1.138928795025e-12   -2.814448327171e-12    1.138928795025e-12    2.814448327171e-12   -4.169011056515e-12    0.000000000000e+00
 122   -4.429770352615e-13    0.000000000000e+00    9.950553835764e-13   -2.793359293873e-12    9.950553835764e-13    2.793359293873e-12   -4.103101539088e-12    0.000000000000e+00
 123   -2.192884545824e-13    0.000000000000e+00    8.751071698884e-13   -2.756650593558e-12    8.751071698884e-13    2.756650593558e-12   -4.051294022478e-12    0.000000000000e+00
 124   -2.634069178054e-15    0.000000000000e+00    7.865651489511e-13   -2.701755702841e-12    7.865651489511e-13    2.701755702841e-12   -4.014493598659e-12    0.000000000000e+00
 125    2.165132222814e-13    0.000000000000e+00    6.958086992866e-13   -2.645071228019e-12    6.958086992866e-13    2.645071228019e-12   -3.971869274449e-12    0.000000000000e+00
 126    4.346202217564e-13    0.000000000000e+00    5.753470616598e-13   -2.595813538078e-12    5.753470616598e-13    2.595813538078e-12   -3.898429322413e-12    0.000000000000e+00
 127    6.391332775524e-13    0.000000000000e+00    4.475616925681e-13   -2.549656015829e-12    4.475616925681e-13    2.549656015829e-12   -3.805308932542e-12    0.000000000000e+00
 128    8.298206956650e-13    0.000000000000e+00    3.522669352399e-13   -2.500514552362e-12    3.522669352399e-13    2.500514552362e-12   -3.731000751406e-12    0.000000000000e+00
 129    1.040365384987e-12    0.000000000000e+00    2.841145287785e-13   -2.439938442261e-12    2.841145287785e-13    2.439938442261e-12   -3.685260430153e-12    0.000000000000e+00
 130    1.289202685578e-12    0.000000000000e+00    1.951570415687e-13   -2.365915406297e-12    1.951570415687e-13    2.365915406297e-12   -3.624414136871e-12    0.000000000000e+00
 131    1.544778953193e-12    0.000000000000e+00    6.455838467978e-14   -2.290642285227e-12    6.455838467978e-14    2.290642285227e-12   -3.519085196857e-12    0.000000000000e+00
 132    1.772917316428e-12    0.000000000000e+00   -7.242264513790e-14   -2.224472776119e-12   -7.242264513790e-14    2.224472776119e-12   -3.399488806774e-12    0.000000000000e+00
 133    1.991971258081e-12    0.000000000000e+00   -1.789397081030e-13   -2.157488163818e-12   -1.789397081030e-13    2.157488163818e-12   -3.307216263002e-12    0.000000000000e+00
 134    2.245333259598e-12    0.000000000000e+00   -2.692857330351e-13   -2.067457316457e-12   -2.692857330351e-13    2.067457316457e-12   -3.225706160515e-12    0.000000000000e+00
 135    2.521158845928e-12    0.000000000000e+00   -3.741609344403e-13   -1.953255265863e-12   -3.741609344403e-13    1.953255265863e-12   -3.109860025746e-12    0.000000000000e+00
 136    2.762106949411e-12    0.000000000000e+00   -4.820173123490e-13   -1.843396746012e-12   -4.820173123490e-13    1.843396746012e-12   -2.966171796029e-12    0.000000000000e+00
 137    2.956742706575e-12    0.000000000000e+00   -5.656834050662e-13   -1.756211061993e-12   -5.656834050662e-13    1.756211061993e-12   -2.838166333896e-12    0.000000000000e+00
 138    3.169479652690e-12    0.000000000000e+00   -6.388359893167e-13   -1.676751402654e-12   -6.388359893167e-13    1.676751402654e-12   -2.738520564829e-12    0.000000000000e+00
 139    3.449637494060e-12    0.000000000000e+00   -7.423872172389e-13   -1.578974147612e-12   -7.423872172389e-13    1.578974147612e-12   -2.626223023772e-12    0.000000000000e+00
 140    3.764671300394e-12    0.000000000000e+00   -8.791055990803e-13   -1.460475186968e-12   -8.791055990803e-13    1.460475186968e-12   -2.474288569171e-12    0.000000000000e+00
 141    4.042019323414e-12    0.000000000000e+00   -1.004202146784e-12   -1.339227990657e-12   -1.004202146784e-12    1.339227990657e-12   -2.306983814052e-12    0.000000000000e+00
 142    4.270942974283e-12    0.000000000000e+00   -1.094590347181e-12   -1.227303198306e-12   -1.094590347181e-12    1.227303198306e-12   -2.160053169317e-12    0.000000000000e+00
 143    4.498358716770e-12    0.000000000000e+00   -1.175300308465e-12   -1.123372228573e-12   -1.175300308465e-12    1.123372228573e-12   -2.030876118317e-12    0.000000000000e+00
 144    4.760256858832e-12    0.000000000000e+00   -1.278237173226e-12   -1.016473146973e-12   -1.278237173226e-12    1.016473146973e-12   -1.880539777718e-12    0.000000000000e+00
 145    5.040483655461e-12    0.000000000000e+00   -1.392655305313e-12   -8.966460386672e-13   -1.392655305313e-12    8.966460386672e-13   -1.688587637771e-12    0.000000000000e+00
 146    5.315989835830e-12    0.000000000000e+00   -1.491611088117e-12   -7.626184839876e-13   -1.491611088117e-12    7.626184839876e-13   -1.478927115321e-12    0.000000000000e+00
 147    5.586889024328e-12    0.000000000000e+00   -1.575675787763e-12   -6.252175426685e-13   -1.575675787763e-12    6.252175426685e-13   -1.290549915198e-12    0.000000000000e+00
 148    5.867314880476e-12    0.000000000000e+00   -1.671434475201e-12   -4.923802251339e-13   -1.671434475201e-12    4.923802251339e-13   -1.124665681765e-12    0.000000000000e+00
 149    6.167841844901e-12    0.000000000000e+00   -1.792714522837e-12   -3.552019789410e-13   -1.792714522837e-12    3.552019789410e-13   -9.424104292083e-13    0.000000000000e+00
 150    6.497554230767e-12    0.000000000000e+00   -1.928509001797e-12   -1.973185070198e-13   -1.928509001797e-12    1.973185070198e-13   -7.126089540503e-13    0.000000000000e+00
 151    6.843785087252e-12    0.000000000000e+00   -2.055980385940e-12   -2.342570581959e-14   -2.055980385940e-12    2.342570581959e-14   -4.539758868306e-13    0.000000000000e+00
 152    7.170738829110e-12    0.000000000000e+00   -2.160196934525e-12    1.410239112987e-13   -2.160196934525e-12   -1.410239112987e-13   -2.115688944567e-13    0.000000000000e+00
 153    7.457938780431e-12    0.000000000000e+00   -2.242274508429e-12    2.807218433404e-13   -2.242274508429e-12   -2.807218433404e-13   -3.306017026979e-15    0.000000000000e+00
 154    7.736008014736e-12    0.000000000000e+00   -2.322757437778e-12    4.140297046179e-13   -2.322757437778e-12   -4.140297046179e-13    2.002056289849e-13    0.000000000000e+00
 155    8.047466339145e-12    0.000000000000e+00   -2.421965406008e-12    5.702111959688e-13   -2.421965406008e-12   -5.702111959688e-13    4.405987835861e-13    0.000000000000e+00
 156    8.386177169362e-12    0.000000000000e+00   -2.539194982748e-12    7.512718745717e-13   -2.539194982748e-12   -7.512718745717e-13    7.283133514682e-13    0.000000000000e+00
 157    8.714091080664e-12    0.000000000000e+00   -2.654797388868e-12    9.329594388707e-13   -2.654797388868e-12   -9.329594388707e-13    1.034987959052e-12    0.000000000000e+00
 158    9.024598776608e-12    0.000000000000e+00   -2.757601005182e-12    1.098892027721e-12   -2.757601005182e-12   -1.098892027721e-12    1.323162066025e-12    0.000000000000e+00
 159    9.347540103066e-12    0.000000000000e+00   -2.854608043001e-12    1.257979397734e-12   -2.854608043001e-12   -1.257979397734e-12    1.583857285777e-12    0.000000000000e+00
 160    9.704137667044e-12    0.000000000000e+00   -2.961154325215e-12    1.428635638609e-12   -2.961154325215e-12   -1.428635638609e-12    1.847564202323e-12    0.000000000000e+00
 161    1.007969402389e-11    0.000000000000e+00   -3.080743559564e-12    1.617148689265e-12   -3.080743559564e-12   -1.617148689265e-12    2.148906920463e-12    0.000000000000e+00
 162    1.045436133496e-11    0.000000000000e+00   -3.205825362118e-12    1.818667612341e-12   -3.205825362118e-12   -1.818667612341e-12    2.489661688615e-12    0.000000000000e+00
 163    1.082876323333e-11    0.000000000000e+00   -3.328938470368e-12    2.030112839987e-12   -3.328938470368e-12   -2.030112839987e-12    2.844734864338e-12    0.000000000000e+00
 164    1.121928591696e-11    0.000000000000e+00   -3.449137243178e-12    2.250520950153e-12   -3.449137243178e-12   -2.250520950153e-12    3.197496521029e-12    0.000000000000e+00
 165    1.163743407195e-11    0.000000000000e+00   -3.566792477691e-12    2.471552476568e-12   -3.566792477691e-12   -2.471552476568e-12    3.551476820962e-12    0.000000000000e+00
 166    1.208109740719e-11    0.000000000000e+00   -3.684963792439e-12    2.683913204529e-12   -3.684963792439e-12   -2.683913204529e-12    3.915302543983e-12    0.000000000000e+00
 167    1.252944276109e-11    0.000000000000e+00   -3.808652178361e-12    2.893813660920e-12   -3.808652178361e-12   -2.893813660920e-12    4.289976793942e-12    0.000000000000e+00
 168    1.296722625110e-11    0.000000000000e+00   -3.944852257354e-12    3.119572959329e-12   -3.944852257354e-12   -3.119572959329e-12    4.684723962922e-12    0.000000000000e+00
 169    1.340212316125e-11    0.000000000000e+00   -4.090472752183e-12    3.364996649380e-12   -4.090472752183e-12   -3.364996649380e-12    5.111556143633e-12    0.000000000000e+00
 170    1.386639240930e-11    0.000000000000e+00   -4.234450463880e-12    3.613203269567e-12   -4.234450463880e-12   -3.613203269567e-12    5.559646059500e-12    0.000000000000e+00
 171    1.438133379744e-11    0.000000000000e+00   -4.369257993603e-12    3.852141262223e-12   -4.369257993603e-12   -3.852141262223e-12    5.996949464793e-12    0.000000000000e+00
 172    1.492438984896e-11    0.000000000000e+00   -4.498075956844e-12    4.090989699779e-12   -4.498075956844e-12   -4.090989699779e-12    6.410695758963e-12    0.000000000000e+00
 173    1.544623803862e-11    0.000000000000e+00   -4.625798008528e-12    4.342689836206e-12   -4.625798008528e-12   -4.342689836206e-12    6.826982989344e-12    0.000000000000e+00
 174    1.593328594063e-11    0.000000000000e+00   -4.752971020233e-12    4.602546208737e-12   -4.752971020233e-12   -4.602546208737e-12    7.277881422518e-12    0.000000000000e+00
 175    1.642552933945e-11    0.000000000000e+00   -4.882163250064e-12    4.859722433498e-12   -4.882163250064e-12   -4.859722433498e-12    7.766441136037e-12    0.000000000000e+00
 176    1.697513830889e-11    0.000000000000e+00   -5.029325914063e-12    5.122508753980e-12   -5.029325914063e-12   -5.122508753980e-12    8.280102298253e-12    0.000000000000e+00
 177    1.758571760435e-11    0.000000000000e+00   -5.207256500994e-12    5.409507043697e-12   -5.207256500994e-12   -5.409507043697e-12    8.810277160598e-12    0.000000000000e+00
 178    1.821431200311e-11    0.000000000000e+00   -5.403094204687e-12    5.718260934207e-12   -5.403094204687e-12   -5.718260934207e-12    9.353258619005e-12    0.000000000000e+00
 179    1.881547348481e-11    0.000000000000e+00   -5.585990003887e-12    6.021552614172e-12   -5.585990003887e-12   -6.021552614172e-12    9.904473075029e-12    0.000000000000e+00
 180    1.938884296171e-11    0.000000000000e+00   -5.745401116669e-12    6.303336325120e-12   -5.745401116669e-12   -6.303336325120e-12    1.046567693619e-11    0.000000000000e+00
 181    1.997525408970e-11    0.000000000000e+00   -5.899478822124e-12    6.579898084724e-12   -5.899478822124e-12   -6.579898084724e-12    1.104178987826e-11    0.000000000000e+00
 182    2.061673574916e-11    0.000000000000e+00   -6.070488729748e-12    6.874028256332e-12   -6.070488729748e-12   -6.874028256332e-12    1.163015864170e-11    0.000000000000e+00
 183    2.130570719849e-11    0.000000000000e+00   -6.255917658904e-12    7.183775276032e-12   -6.255917658904e-12   -7.183775276032e-12    1.222644034626e-11    0.000000000000e+00
 184    2.198966182754e-11    0.000000000000e+00   -6.438445263046e-12    7.491599354759e-12   -6.438445263046e-12   -7.491599354759e-12    1.283993831397e-11    0.000000000000e+00
 185    2.263741277764e-11    0.000000000000e+00   -6.611538139883e-12    7.797455389702e-12   -6.611538139883e-12   -7.797455389702e-12    1.348956970432e-11    0.000000000000e+00
 186    2.330400108996e-11    0.000000000000e+00   -6.795859881781e-12    8.124485459393e-12   -6.795859881781e-12   -8.124485459393e-12    1.417634152429e-11    0.000000000000e+00
 187    2.407493128465e-11    0.000000000000e+00   -7.014402513689e-12    8.486416430697e-12   -7.014402513689e-12   -8.486416430697e-12    1.487750200813e-11    0.000000000000e+00
 188    2.494054095192e-11    0.000000000000e+00   -7.256038651871e-12    8.863076939036e-12   -7.256038651871e-12   -8.863076939036e-12    1.557417389497e-11    0.000000000000e+00
 189    2.577973598483e-11    0.000000000000e+00   -7.476123019268e-12    9.217132265760e-12   -7.476123019268e-12   -9.217132265760e-12    1.626953953504e-11    0.000000000000e+00
 190    2.652196864905e-11    0.000000000000e+00   -7.661692461025e-12    9.538246928398e-12   -7.661692461025e-12   -9.538246928398e-12    1.698614165990e-11    0.000000000000e+00
 191    2.724924279274e-11    0.000000000000e+00   -7.859601858229e-12    9.856262507546e-12   -7.859601858229e-12   -9.856262507546e-12    1.774215323269e-11    0.000000000000e+00
 192    2.808960529455e-11    0.000000000000e+00   -8.117324520884e-12    1.020850591560e-11   -8.117324520884e-12   -1.020850591560e-11    1.854116860045e-11    0.000000000000e+00
 193    2.904814062898e-11    0.000000000000e+00   -8.407316509640e-12    1.060055255381e-11   -8.407316509640e-12   -1.060055255381e-11    1.936398263958e-11    0.000000000000e+00
 194    3.001716236684e-11    0.000000000000e+00   -8.660917469316e-12    1.100409000032e-11   -8.660917469316e-12   -1.100409000032e-11    2.018103219259e-11    0.000000000000e+00
 195    3.091612382766e-11    0.000000000000e+00   -8.861229458534e-12    1.138804935769e-11   -8.861229458534e-12   -1.138804935769e-11    2.098224198555e-11    0.000000000000e+00
 196    3.177038493396e-11    0.000000000000e+00   -9.064618847199e-12    1.175158494821e-11   -9.064618847199e-12   -1.175158494821e-11    2.179260244484e-11    0.000000000000e+00
 197    3.265677311903e-11    0.000000000000e+00   -9.320964139414e-12    1.212236300924e-11   -9.320964139414e-12   -1.212236300924e-11    2.264686181641e-11    0.000000000000e+00
 198    3.362696232578e-11    0.000000000000e+00   -9.616887147734e-12    1.252071883673e-11   -9.616887147734e-12   -1.252071883673e-11    2.354338772548e-11    0.000000000000e+00
 199    3.466856662859e-11    0.000000000000e+00   -9.906764644740e-12    1.293040154116e-11   -9.906764644740e-12   -1.293040154116e-11    2.444500504795e-11    0.000000000000e+00
 200    3.572588752609e-11    0.000000000000e+00   -1.017504223239e-11    1.332552731353e-11   -1.017504223239e-11   -1.332552731353e-11    2.533682812167e-11    0.000000000000e+00
 201    3.675337464926e-11    0.000000000000e+00   -1.043944444779e-11    1.371790181448e-11   -1.043944444779e-11   -1.371790181448e-11    2.625349937446e-11    0.000000000000e+00
 202    0.000000000000e+00    0.000000000000e+00    0.000000000000e+00    0.000000000000e+00    0.000000000000e+00    0.000000000000e+00    0.000000000000e+00    0.000000000000e+00
 203    0.000000000000e+00    0.000000000000e+00    0.000000000000e+00    0.000000000000e+00    0.000000000000e+00    0.000000000000e+00    0.000000000000e+00    0.000000000000e+00
 204    4.000574177487e-11    0.000000000000e+00   -1.133007229703e-11    1.500382110220e-11   -1.133007229703e-11   -1.500382110220e-11    2.913589508546e-11    0.000000000000e+00
 205    4.121623875530e-11    0.000000000000e+00   -1.167846722105e-11    1.539034698295e-11   -1.167846722105e-11   -1.539034698295e-11    3.008517046599e-11    0.000000000000e+00
 206    4.241098097713e-11    0.000000000000e+00   -1.203307592457e-11    1.579786128303e-11   -1.203307592457e-11   -1.579786128303e-11    3.111225166386e-11    0.000000000000e+00
 207    4.357548349931e-11    0.000000000000e+00   -1.235488100715e-11    1.625920231785e-11   -1.235488100715e-11   -1.625920231785e-11    3.220100228130e-11    0.000000000000e+00
 208    4.473843864816e-11    0.000000000000e+00   -1.264556081376e-11    1.673481318798e-11   -1.264556081376e-11   -1.673481318798e-11    3.327091033234e-11    0.000000000000e+00
 209    4.591966390466e-11    0.000000000000e+00   -1.295400939294e-11    1.717394976231e-11   -1.295400939294e-11   -1.717394976231e-11    3.430527042991e-11    0.000000000000e+00
 210    4.714132209593e-11    0.000000000000e+00   -1.332506327500e-11    1.759496888465e-11   -1.332506327500e-11   -1.759496888465e-11    3.538449047658e-11    0.000000000000e+00
 211    4.844266307535e-11    0.000000000000e+00   -1.373954682665e-11    1.805646604458e-11   -1.373954682665e-11   -1.805646604458e-11    3.654756011717e-11    0.000000000000e+00
 212    4.983687768023e-11    0.000000000000e+00   -1.414468629030e-11    1.856573922376e-11   -1.414468629030e-11   -1.856573922376e-11    3.771995563118e-11    0.000000000000e+00
 213    5.125178406673e-11    0.000000000000e+00   -1.451375478134e-11    1.905933223745e-11   -1.451375478134e-11   -1.905933223745e-11    3.881934010352e-11    0.000000000000e+00
 214    5.260532634499e-11    0.000000000000e+00   -1.487183987070e-11    1.948535083285e-11   -1.487183987070e-11   -1.948535083285e-11    3.987729244037e-11    0.000000000000e+00
 215    5.392225901901e-11    0.000000000000e+00   -1.524972856326e-11    1.987291754768e-11   -1.524972856326e-11   -1.987291754768e-11    4.098393152629e-11    0.000000000000e+00
 216    5.530829266798e-11    0.000000000000e+00   -1.564538602838e-11    2.030169261868e-11   -1.564538602838e-11   -2.030169261868e-11    4.215493232262e-11    0.000000000000e+00
 217    5.679775746947e-11    0.000000000000e+00   -1.603647076243e-11    2.080943056759e-11   -1.603647076243e-11   -2.080943056759e-11    4.333330222428e-11    0.000000000000e+00
 218    5.830962102049e-11    0.000000000000e+00   -1.642809846492e-11    2.135213880705e-11   -1.642809846492e-11   -2.135213880705e-11    4.450310953086e-11    0.000000000000e+00
 219    5.978243594607e-11    0.000000000000e+00   -1.684819297965e-11    2.186092279421e-11   -1.684819297965e-11   -2.186092279421e-11    4.571214934357e-11    0.000000000000e+00
 220    6.127017643243e-11    0.000000000000e+00   -1.730519373633e-11    2.232240781108e-11   -1.730519373633e-11   -2.232240781108e-11    4.697079530880e-11    0.000000000000e+00
 221    6.284486125940e-11    0.000000000000e+00   -1.777517542878e-11    2.278460059513e-11   -1.777517542878e-11   -2.278460059513e-11    4.822518426262e-11    0.000000000000e+00
 222    6.448441780549e-11    0.000000000000e+00   -1.824194614808e-11    2.328672497887e-11   -1.824194614808e-11   -2.328672497887e-11    4.946253129301e-11    0.000000000000e+00
 223    6.611496072839e-11    0.000000000000e+00   -1.871574596690e-11    2.381037207677e-11   -1.871574596690e-11   -2.381037207677e-11    5.074423173324e-11    0.000000000000e+00
 224    6.773005073457e-11    0.000000000000e+00   -1.920327612204e-11    2.431516793466e-11   -1.920327612204e-11   -2.431516793466e-11    5.209196615730e-11    0.000000000000e+00
 225    6.939052110688e-11    0.000000000000e+00   -1.968591609169e-11    2.480127908600e-11   -1.968591609169e-11   -2.480127908600e-11    5.341804776293e-11    0.000000000000e+00
 226    7.112922056907e-11    0.000000000000e+00   -2.015699412938e-11    2.530861110961e-11   -2.015699412938e-11   -2.530861110961e-11    5.465295924156e-11    0.000000000000e+00
 227    7.290194836695e-11    0.000000000000e+00   -2.063721762924e-11    2.585335417971e-11   -2.063721762924e-11   -2.585335417971e-11    5.587261903139e-11    0.000000000000e+00
 228    7.464261847501e-11    0.000000000000e+00   -2.114442128331e-11    2.640177659829e-11   -2.114442128331e-11   -2.640177659829e-11    5.720621892857e-11    0.000000000000e+00
 229    7.633806087259e-11    0.000000000000e+00   -2.166673090942e-11    2.691970778235e-11   -2.166673090942e-11   -2.691970778235e-11    5.865563590390e-11    0.000000000000e+00
 230    7.804790841393e-11    0.000000000000e+00   -2.219212140442e-11    2.742703633651e-11   -2.219212140442e-11   -2.742703633651e-11    6.010756475883e-11    0.000000000000e+00
 231    7.983527033906e-11    0.000000000000e+00   -2.272741890519e-11    2.796838108332e-11   -2.272741890519e-11   -2.796838108332e-11    6.149532966182e-11    0.000000000000e+00
 232    8.169676046776e-11    0.000000000000e+00   -2.327636174082e-11    2.854331007662e-11   -2.327636174082e-11   -2.854331007662e-11    6.286515058518e-11    0.000000000000e+00
 233    8.357103203904e-11    0.000000000000e+00   -2.382101460530e-11    2.910471863515e-11   -2.382101460530e-11   -2.910471863515e-11    6.427316318058e-11    0.000000000000e+00
 234    8.543074581091e-11    0.000000000000e+00   -2.435853949101e-11    2.962972228682e-11   -2.435853949101e-11   -2.962972228682e-11    6.570816807328e-11    0.000000000000e+00
 235    8.732078254914e-11    0.000000000000e+00   -2.491158841711e-11    3.015662372596e-11   -2.491158841711e-11   -3.015662372596e-11    6.713425648730e-11    0.000000000000e+00
 236    8.928150579957e-11    0.000000000000e+00   -2.549109881511e-11    3.073483134663e-11   -2.549109881511e-11   -3.073483134663e-11    6.855375989101e-11    0.000000000000e+00
 237    9.127083117066e-11    0.000000000000e+00   -2.607308292879e-11    3.135789544695e-11   -2.607308292879e-11   -3.135789544695e-11    6.999925639128e-11    0.000000000000e+00
 238    9.323479488454e-11    0.000000000000e+00   -2.664011893028e-11    3.197078365935e-11   -2.664011893028e-11   -3.197078365935e-11    7.147739344848e-11    0.000000000000e+00
 239    9.520729343793e-11    0.000000000000e+00   -2.721626049529e-11    3.255179459316e-11   -2.721626049529e-11   -3.255179459316e-11    7.297500104197e-11    0.000000000000e+00
 240    9.728415989452e-11    0.000000000000e+00   -2.784001848499e-11    3.315527019598e-11   -2.784001848499e-11   -3.315527019598e-11    7.449361960621e-11    0.000000000000e+00
 241    9.948439294583e-11    0.000000000000e+00   -2.850674730992e-11    3.383753693909e-11   -2.850674730992e-11   -3.383753693909e-11    7.603889740082e-11    0.000000000000e+00
 242    1.017377501689e-10    0.000000000000e+00   -2.918750657832e-11    3.457501646098e-11   -2.918750657832e-11   -3.457501646098e-11    7.759313330746e-11    0.000000000000e+00
 243    1.039842031925e-10    0.000000000000e+00   -2.986941249894e-11    3.528805372910e-11   -2.986941249894e-11   -3.528805372910e-11    7.913299876483e-11    0.000000000000e+00
 244    1.062500920579e-10    0.000000000000e+00   -3.056370087573e-11    3.594926786810e-11   -3.056370087573e-11   -3.594926786810e-11    8.067403689527e-11    0.000000000000e+00
 245    1.086223680447e-10    0.000000000000e+00   -3.127799408364e-11    3.663905637219e-11   -3.127799408364e-11   -3.663905637219e-11    8.226861553107e-11    0.000000000000e+00
 246    1.111840966517e-10    0.000000000000e+00   -3.201338152903e-11    3.746108631630e-11   -3.201338152903e-11   -3.746108631630e-11    8.393431089049e-11    0.000000000000e+00
 247    1.139166816433e-10    0.000000000000e+00   -3.277320428929e-11    3.841117354741e-11   -3.277320428929e-11   -3.841117354741e-11    8.562264786072e-11    0.000000000000e+00
 248    1.166906987704e-10    0.000000000000e+00   -3.355291738893e-11    3.935172326885e-11   -3.355291738893e-11   -3.935172326885e-11    8.727439604339e-11    0.000000000000e+00
 249    1.195140514332e-10    0.000000000000e+00   -3.436764761666e-11    4.021281571620e-11   -3.436764761666e-11   -4.021281571620e-11    8.893728808967e-11    0.000000000000e+00
 250    1.228281920618e-10    0.000000000000e+00   -3.533686537827e-11    4.122545013696e-11   -3.533686537827e-11   -4.122545013696e-11    9.081767976538e-11    0.000000000000e+00
 251    1.272876942737e-10    0.000000000000e+00   -3.664709161133e-11    4.278660065138e-11   -3.664709161133e-11   -4.278660065138e-11    9.313089188723e-11    0.000000000000e+00
 252    1.330286020229e-10    0.000000000000e+00   -3.834592018914e-11    4.499921615886e-11   -3.834592018914e-11   -4.499921615886e-11    9.583993321183e-11    0.000000000000e+00
