#
#  k,  E_varmin,  E - E_var,  E,  E + E_var
# averaged of total time steps of =    8000000
   1  0.6469009938316E-08  0.5667768340545E-08  0.6451680100466E-08  0.7235591860388E-08
   2  0.1068582529596E-05  0.1031311781168E-05  0.1071261875999E-05  0.1111211970830E-05
   3  0.2293576810046E-05  0.2239103472070E-05  0.2300694970707E-05  0.2362286469343E-05
   4  0.1858060089776E-05  0.1820139912197E-05  0.1863274160477E-05  0.1906408408757E-05
   5  0.5928035603982E-06  0.5777730322833E-06  0.5934071757220E-06  0.6090413191607E-06
   6  0.2476951800000E-06  0.2375583487830E-06  0.2511177194470E-06  0.2646770901110E-06
   7  0.9782637066986E-06  0.9512319852918E-06  0.9861510323651E-06  0.1021070079438E-05
   8  0.1456941381801E-05  0.1413936838003E-05  0.1463169315603E-05  0.1512401793203E-05
   9  0.9477572268610E-06  0.8998841828042E-06  0.9459636832222E-06  0.9920431836403E-06
  10  0.2594882935386E-06  0.2344001901673E-06  0.2581126391368E-06  0.2818250881062E-06
  11  0.3208364477571E-06  0.3037929061880E-06  0.3273587330966E-06  0.3509245600052E-06
  12  0.7992061630350E-06  0.7642190942948E-06  0.8113179508408E-06  0.8584168073869E-06
  13  0.1030069015788E-05  0.9782827829318E-06  0.1038713020477E-05  0.1099143258022E-05
  14  0.1149064364375E-05  0.1085032601062E-05  0.1154840384023E-05  0.1224648166985E-05
  15  0.1238714636223E-05  0.1177480124417E-05  0.1243807466137E-05  0.1310134807856E-05
  16  0.9152538083463E-06  0.8625923854561E-06  0.9178647412405E-06  0.9731370970249E-06
  17  0.4585237949820E-06  0.4180229590860E-06  0.4604569594960E-06  0.5028909599060E-06
  18  0.5529149301554E-06  0.5059933362855E-06  0.5587971931855E-06  0.6116010500855E-06
  19  0.9453966169014E-06  0.8888419036513E-06  0.9544865598905E-06  0.1020131216130E-05
  20  0.1006113698616E-05  0.9468118978941E-06  0.1015723445946E-05  0.1084634993998E-05
  21  0.8553053290920E-06  0.7998653970879E-06  0.8671820172198E-06  0.9344986373517E-06
  22  0.7855051905755E-06  0.7205929889121E-06  0.7928770793747E-06  0.8651611698374E-06
  23  0.6543285347764E-06  0.5829108034774E-06  0.6533726161992E-06  0.7238344289210E-06
  24  0.4735628651003E-06  0.4117487215448E-06  0.4724164685128E-06  0.5330842154807E-06
  25  0.5554065236029E-06  0.4947537765530E-06  0.5601395524360E-06  0.6255253283191E-06
  26  0.8281016302655E-06  0.7490829904795E-06  0.8340899815992E-06  0.9190969727188E-06
  27  0.8715724553520E-06  0.7858991029887E-06  0.8727819360615E-06  0.9596647691343E-06
  28  0.6714063233346E-06  0.5955858996399E-06  0.6693198685722E-06  0.7430538375046E-06
  29  0.6195760873530E-06  0.5384626485711E-06  0.6149787536785E-06  0.6914948587859E-06
  30  0.7917620876376E-06  0.6880395675432E-06  0.7839931112476E-06  0.8799466549520E-06
  31  0.8605291839063E-06  0.7477330326362E-06  0.8491695035202E-06  0.9506059744043E-06
  32  0.7346933848268E-06  0.6339734360221E-06  0.7203370160236E-06  0.8067005960252E-06
  33  0.7053413642797E-06  0.6141843709888E-06  0.6968679997479E-06  0.7795516285070E-06
  34  0.8772487287993E-06  0.7625097830937E-06  0.8621482128421E-06  0.9617866425904E-06
  35  0.9794433405729E-06  0.8489614492854E-06  0.9576426209359E-06  0.1066323792586E-05
  36  0.8665309076204E-06  0.7348683771508E-06  0.8382839783806E-06  0.9416995796105E-06
  37  0.7691690158458E-06  0.6446832189998E-06  0.7431674963159E-06  0.8416517736320E-06
  38  0.8828451794792E-06  0.7444055861552E-06  0.8524282136083E-06  0.9604508410615E-06
  39  0.1053504947490E-05  0.9063370972696E-06  0.1023725794451E-05  0.1141114491632E-05
  40  0.1064153654480E-05  0.9205546803106E-06  0.1040109979328E-05  0.1159665278346E-05
  41  0.9773871768931E-06  0.8289046644806E-06  0.9446948762961E-06  0.1060485088112E-05
  42  0.9785237592421E-06  0.8232994199056E-06  0.9415383310144E-06  0.1059777242123E-05
  43  0.1061763476139E-05  0.9056624607810E-06  0.1028895302710E-05  0.1152128144638E-05
  44  0.1096307332135E-05  0.9330989270722E-06  0.1060116236819E-05  0.1187133546565E-05
  45  0.1072490746866E-05  0.9059570523170E-06  0.1036604902482E-05  0.1167252752647E-05
  46  0.1077900528310E-05  0.9105828399104E-06  0.1046699072457E-05  0.1182815305003E-05
  47  0.1131584572211E-05  0.9939118853061E-06  0.1130310364276E-05  0.1266708843247E-05
  48  0.1199671958078E-05  0.1042749095161E-05  0.1186722249087E-05  0.1330695403013E-05
  49  0.1278298489781E-05  0.1072110866484E-05  0.1229699212105E-05  0.1387287557726E-05
  50  0.1353945657911E-05  0.1175797579455E-05  0.1343739621525E-05  0.1511681663595E-05
  51  0.1386582607212E-05  0.1193709905686E-05  0.1359967153418E-05  0.1526224401150E-05
  52  0.1397102252258E-05  0.1232862193212E-05  0.1400086463480E-05  0.1567310733747E-05
  53  0.1455318304346E-05  0.1265823547469E-05  0.1441578070819E-05  0.1617332594168E-05
  54  0.1553050637736E-05  0.1452877252714E-05  0.1661990263393E-05  0.1871103274071E-05
  55  0.1615044765865E-05  0.1465919867643E-05  0.1661816025078E-05  0.1857712182514E-05
  56  0.1630278478523E-05  0.1475890035159E-05  0.1670006018560E-05  0.1864122001961E-05
  57  0.1647055195095E-05  0.1501140541815E-05  0.1689649322106E-05  0.1878158102397E-05
  58  0.1677246491125E-05  0.1546845684482E-05  0.1749807346306E-05  0.1952769008129E-05
  59  0.1719682963732E-05  0.1563053566171E-05  0.1776011620043E-05  0.1988969673916E-05
  60  0.1800252967870E-05  0.1648254273615E-05  0.1862609631883E-05  0.2076964990151E-05
  61  0.1886304156395E-05  0.1713245490390E-05  0.1928527275800E-05  0.2143809061211E-05
  62  0.1885369124665E-05  0.1727738262149E-05  0.1947729308058E-05  0.2167720353967E-05
  63  0.1830551589144E-05  0.1656442161424E-05  0.1874308287853E-05  0.2092174414283E-05
  64  0.1890068130937E-05  0.1693667907813E-05  0.1916245005648E-05  0.2138822103482E-05
  65  0.2075800561212E-05  0.1874728995412E-05  0.2113896737765E-05  0.2353064480119E-05
  66  0.2176558121982E-05  0.1966871237365E-05  0.2213523499874E-05  0.2460175762384E-05
  67  0.2119906580832E-05  0.1940805986312E-05  0.2186423592057E-05  0.2432041197802E-05
  68  0.2108798678428E-05  0.1900252008974E-05  0.2131907626540E-05  0.2363563244106E-05
  69  0.2244279097219E-05  0.2001536337016E-05  0.2243802555771E-05  0.2486068774527E-05
  70  0.2352834619525E-05  0.2130333501212E-05  0.2382597731090E-05  0.2634861960968E-05
  71  0.2345260053520E-05  0.2173707215436E-05  0.2448635902515E-05  0.2723564589594E-05
  72  0.2378163103767E-05  0.2163301045746E-05  0.2437875843470E-05  0.2712450641195E-05
  73  0.2511659686444E-05  0.2267875402178E-05  0.2546605044087E-05  0.2825334685996E-05
  74  0.2579001193047E-05  0.2330181544612E-05  0.2616194728333E-05  0.2902207912055E-05
  75  0.2531733267792E-05  0.2286139957453E-05  0.2563677097666E-05  0.2841214237879E-05
  76  0.2557893567125E-05  0.2305816382971E-05  0.2580693208090E-05  0.2855570033208E-05
  77  0.2723554826331E-05  0.2438644822814E-05  0.2718756073435E-05  0.2998867324057E-05
  78  0.2824378125475E-05  0.2550521884586E-05  0.2837712739982E-05  0.3124903595378E-05
  79  0.2741632224000E-05  0.2482757364802E-05  0.2769191564307E-05  0.3055625763812E-05
  80  0.2660296732123E-05  0.2386593977638E-05  0.2667111857821E-05  0.2947629738004E-05
  81  0.2762681488284E-05  0.2450669895336E-05  0.2735814126429E-05  0.3020958357521E-05
  82  0.2937462670088E-05  0.2619077095204E-05  0.2918175115929E-05  0.3217273136654E-05
  83  0.2981775697010E-05  0.2677449120044E-05  0.2981032598460E-05  0.3284616076876E-05
  84  0.2919175802589E-05  0.2613336081097E-05  0.2915745557167E-05  0.3218155033237E-05
  85  0.2918514983550E-05  0.2588451652859E-05  0.2891451222826E-05  0.3194450792794E-05
  86  0.3006289311370E-05  0.2653009166216E-05  0.2963643324142E-05  0.3274277482069E-05
  87  0.3055199417762E-05  0.2717470910224E-05  0.3038661007092E-05  0.3359851103961E-05
  88  0.3013322181279E-05  0.2701734690084E-05  0.3026510151940E-05  0.3351285613795E-05
  89  0.2970557700715E-05  0.2659414756230E-05  0.2980778860336E-05  0.3302142964442E-05
  90  0.2993526388348E-05  0.2664568871839E-05  0.2983272155010E-05  0.3301975438181E-05
  91  0.3034849721524E-05  0.2713574819991E-05  0.3027866935888E-05  0.3342159051785E-05
  92  0.3034719769006E-05  0.2740256291711E-05  0.3049931135798E-05  0.3359605979886E-05
  93  0.3008031972433E-05  0.2714324922940E-05  0.3023299793559E-05  0.3332274664179E-05
  94  0.2995987237425E-05  0.2682819386994E-05  0.2998175290314E-05  0.3313531193635E-05
  95  0.3004315208188E-05  0.2684158735880E-05  0.3002384174626E-05  0.3320609613372E-05
  96  0.3018534903361E-05  0.2709401056243E-05  0.3028104950998E-05  0.3346808845752E-05
  97  0.3033509054890E-05  0.2727198990655E-05  0.3043187796713E-05  0.3359176602772E-05
  98  0.3046267805115E-05  0.2738277566509E-05  0.3055850104763E-05  0.3373422643017E-05
  99  0.3048323092042E-05  0.2702713013101E-05  0.3023860853809E-05  0.3345008694517E-05
 100  0.3041125052805E-05  0.2693278713951E-05  0.3015695995499E-05  0.3338113277047E-05
 101  0.3040360940694E-05  0.2711712554571E-05  0.3029753250800E-05  0.3347793947029E-05
 102  0.3049506483714E-05  0.2731442169796E-05  0.3050919335967E-05  0.3370396502138E-05
 103  0.3045917176239E-05  0.2717499157439E-05  0.3040861328610E-05  0.3364223499781E-05
 104  0.3015561724446E-05  0.2680387507266E-05  0.3000786203572E-05  0.3321184899879E-05
 105  0.2981521555575E-05  0.2660695567270E-05  0.2976543266626E-05  0.3292390965981E-05
 106  0.2972987132610E-05  0.2675821313537E-05  0.2986517350437E-05  0.3297213387336E-05
 107  0.2976553672681E-05  0.2672728623445E-05  0.2983217378706E-05  0.3293706133968E-05
 108  0.2956708158884E-05  0.2639958124884E-05  0.2948884772506E-05  0.3257811420128E-05
 109  0.2914395932702E-05  0.2598132496462E-05  0.2902230575526E-05  0.3206328654590E-05
 110  0.2883538568316E-05  0.2565119028979E-05  0.2867506308242E-05  0.3169893587505E-05
 111  0.2872973148252E-05  0.2562787109959E-05  0.2864470490119E-05  0.3166153870279E-05
 112  0.2854569528407E-05  0.2558897163036E-05  0.2860247111343E-05  0.3161597059650E-05
 113  0.2817244793740E-05  0.2517727471925E-05  0.2817424520784E-05  0.3117121569643E-05
 114  0.2779520521141E-05  0.2491248005845E-05  0.2784705358673E-05  0.3078162711502E-05
 115  0.2749820571130E-05  0.2471888991981E-05  0.2760031228478E-05  0.3048173464976E-05
 116  0.2715347011510E-05  0.2430081188722E-05  0.2714609578540E-05  0.2999137968358E-05
 117  0.2678853907341E-05  0.2392516507778E-05  0.2672875586363E-05  0.2953234664948E-05
 118  0.2654080104962E-05  0.2370826119961E-05  0.2649624159271E-05  0.2928422198581E-05
 119  0.2634235720489E-05  0.2354011069256E-05  0.2628247212918E-05  0.2902483356579E-05
 120  0.2600839632392E-05  0.2343103822817E-05  0.2614828229665E-05  0.2886552636514E-05
 121  0.2573307323019E-05  0.2370151859368E-05  0.2643525774564E-05  0.2916899689760E-05
 122  0.2534954756703E-05  0.2341388568519E-05  0.2606032912674E-05  0.2870677256829E-05
 123  0.2498451744937E-05  0.2317934093422E-05  0.2578435140166E-05  0.2838936186910E-05
 124  0.2452550273344E-05  0.2279346034592E-05  0.2535376083515E-05  0.2791406132438E-05
 125  0.2405223926972E-05  0.2232791367484E-05  0.2484772494527E-05  0.2736753621571E-05
 126  0.2364511855020E-05  0.2189606143330E-05  0.2436820217554E-05  0.2684034291778E-05
 127  0.2327349482427E-05  0.2168507645386E-05  0.2413164477650E-05  0.2657821309914E-05
 128  0.2291770468188E-05  0.2148107977386E-05  0.2390465617169E-05  0.2632823256951E-05
 129  0.2258080800489E-05  0.2111259662415E-05  0.2352402753092E-05  0.2593545843770E-05
 130  0.2221964410375E-05  0.2073562922211E-05  0.2308755494533E-05  0.2543948066856E-05
 131  0.2183270232840E-05  0.2053833953974E-05  0.2289907242723E-05  0.2525980531473E-05
 132  0.2151175540662E-05  0.2015624710321E-05  0.2245877659430E-05  0.2476130608538E-05
 133  0.2126768499206E-05  0.1999958103932E-05  0.2231151074908E-05  0.2462344045883E-05
 134  0.2099129305929E-05  0.1969862535975E-05  0.2198719357335E-05  0.2427576178695E-05
 135  0.2064448014968E-05  0.1948533171624E-05  0.2172120457829E-05  0.2395707744033E-05
 136  0.2031537127001E-05  0.1915542328846E-05  0.2133973205707E-05  0.2352404082568E-05
 137  0.2005820404832E-05  0.1895009621992E-05  0.2112576445239E-05  0.2330143268486E-05
 138  0.1981550520288E-05  0.1868164691451E-05  0.2077227888277E-05  0.2286291085103E-05
 139  0.1952726398309E-05  0.1844944364536E-05  0.2053477404018E-05  0.2262010443500E-05
 140  0.1920846069324E-05  0.1816033742975E-05  0.2023055993906E-05  0.2230078244837E-05
 141  0.1890997594003E-05  0.1795317968066E-05  0.2000803030160E-05  0.2206288092254E-05
 142  0.1865787947103E-05  0.1764712383314E-05  0.1960857547163E-05  0.2157002711012E-05
 143  0.1843985506321E-05  0.1755750219122E-05  0.1954155048486E-05  0.2152559877849E-05
 144  0.1822893558198E-05  0.1746252169348E-05  0.1946175154172E-05  0.2146098138997E-05
 145  0.1801140232008E-05  0.1717130861509E-05  0.1914735761079E-05  0.2112340660649E-05
 146  0.1778094256065E-05  0.1705476658622E-05  0.1906982164847E-05  0.2108487671071E-05
 147  0.1751908393939E-05  0.1671672783827E-05  0.1861715461667E-05  0.2051758139507E-05
 148  0.1722143147973E-05  0.1645885405752E-05  0.1831323668209E-05  0.2016761930666E-05
 149  0.1693974475704E-05  0.1638018985025E-05  0.1827254512924E-05  0.2016490040823E-05
 150  0.1673269817083E-05  0.1619633624611E-05  0.1810554349076E-05  0.2001475073542E-05
 151  0.1656454157763E-05  0.1605837827745E-05  0.1796303906332E-05  0.1986769984919E-05
 152  0.1635563374248E-05  0.1594016756152E-05  0.1786098447665E-05  0.1978180139179E-05
 153  0.1610590721440E-05  0.1577944186500E-05  0.1768863150157E-05  0.1959782113814E-05
 154  0.1588525872213E-05  0.1546856016896E-05  0.1729336425642E-05  0.1911816834389E-05
 155  0.1570981346338E-05  0.1528005543588E-05  0.1707529348092E-05  0.1887053152597E-05
 156  0.1552804901148E-05  0.1535134906419E-05  0.1721605213728E-05  0.1908075521037E-05
 157  0.1531814375872E-05  0.1500211900173E-05  0.1677018197109E-05  0.1853824494045E-05
 158  0.1511645423371E-05  0.1477055974388E-05  0.1647915137398E-05  0.1818774300409E-05
 159  0.1494825718743E-05  0.1475300868270E-05  0.1663136819472E-05  0.1850972770673E-05
 160  0.1480197191780E-05  0.1461757421565E-05  0.1636258620822E-05  0.1810759820079E-05
 161  0.1465441798806E-05  0.1462348118702E-05  0.1639141028952E-05  0.1815933939201E-05
 162  0.1448254473871E-05  0.1432751664519E-05  0.1614145421027E-05  0.1795539177535E-05
 163  0.1426711086961E-05  0.1433903081611E-05  0.1611723875259E-05  0.1789544668907E-05
 164  0.1403601580936E-05  0.1411393699768E-05  0.1593645093732E-05  0.1775896487695E-05
 165  0.1386420206537E-05  0.1405700687785E-05  0.1585389764619E-05  0.1765078841453E-05
 166  0.1377056569711E-05  0.1389572272385E-05  0.1559179580706E-05  0.1728786889028E-05
 167  0.1366411084321E-05  0.1381219711165E-05  0.1562150127153E-05  0.1743080543141E-05
 168  0.1346486894695E-05  0.1360111607999E-05  0.1524716606841E-05  0.1689321605684E-05
 169  0.1322745183615E-05  0.1337446747176E-05  0.1505391002699E-05  0.1673335258222E-05
 170  0.1305959147602E-05  0.1347857221130E-05  0.1535495574011E-05  0.1723133926892E-05
 171  0.1296674653778E-05  0.1340743332455E-05  0.1524532643590E-05  0.1708321954726E-05
 172  0.1285745882883E-05  0.1314582542546E-05  0.1492153877870E-05  0.1669725213193E-05
 173  0.1267475229023E-05  0.1306347622273E-05  0.1484474478428E-05  0.1662601334582E-05
 174  0.1246051250379E-05  0.1294439940108E-05  0.1479104192316E-05  0.1663768444523E-05
 175  0.1229129349266E-05  0.1270624432639E-05  0.1453313263128E-05  0.1636002093618E-05
 176  0.1217960114404E-05  0.1283204516581E-05  0.1463126033754E-05  0.1643047550927E-05
 177  0.1207001826106E-05  0.1273201081548E-05  0.1453159338332E-05  0.1633117595116E-05
 178  0.1193332675240E-05  0.1258390919408E-05  0.1437441412147E-05  0.1616491904886E-05
 179  0.1179929344387E-05  0.1247843599001E-05  0.1418597270582E-05  0.1589350942164E-05
 180  0.1167925920681E-05  0.1247548154245E-05  0.1412605712815E-05  0.1577663271385E-05
 181  0.1154142496377E-05  0.1235235209764E-05  0.1406836572359E-05  0.1578437934953E-05
 182  0.1138205720998E-05  0.1223417540450E-05  0.1379204657196E-05  0.1534991773943E-05
 183  0.1123813142894E-05  0.1213969228704E-05  0.1383700955586E-05  0.1553432682467E-05
 184  0.1112372816990E-05  0.1227088009834E-05  0.1420975743072E-05  0.1614863476311E-05
 185  0.1102128620534E-05  0.1212477019195E-05  0.1401287858116E-05  0.1590098697037E-05
 186  0.1091936620939E-05  0.1179835371342E-05  0.1361652490173E-05  0.1543469609004E-05
 187  0.1081487354708E-05  0.1162911171982E-05  0.1332514644363E-05  0.1502118116745E-05
 188  0.1070188651115E-05  0.1173396893794E-05  0.1339373637638E-05  0.1505350381482E-05
 189  0.1058287417876E-05  0.1142465931002E-05  0.1290289832006E-05  0.1438113733011E-05
 190  0.1046794423313E-05  0.1140694705847E-05  0.1289129259967E-05  0.1437563814087E-05
 191  0.1035382823304E-05  0.1111050834419E-05  0.1269410781537E-05  0.1427770728656E-05
 192  0.1022263684062E-05  0.1122118228053E-05  0.1279298742451E-05  0.1436479256850E-05
 193  0.1007297269716E-05  0.1133970956194E-05  0.1280992376360E-05  0.1428013796527E-05
 194  0.9939240469882E-06  0.1081411058853E-05  0.1220146096236E-05  0.1358881133619E-05
 195  0.9854009895163E-06  0.1102525680950E-05  0.1251328506446E-05  0.1400131331942E-05
 196  0.9794515457686E-06  0.1078342363381E-05  0.1222387063867E-05  0.1366431764353E-05
 197  0.9706150524885E-06  0.1081477297737E-05  0.1233538077772E-05  0.1385598857807E-05
 198  0.9579614001306E-06  0.1069260033213E-05  0.1209309493682E-05  0.1349358954150E-05
 199  0.9457695136699E-06  0.1065579862366E-05  0.1207314669906E-05  0.1349049477446E-05
 200  0.9368703839541E-06  0.1056247420539E-05  0.1203139227940E-05  0.1350031035340E-05
 201  0.9296326721652E-06  0.1069482039824E-05  0.1221114997986E-05  0.1372747956148E-05
 202  0.9209063191416E-06  0.1024568988125E-05  0.1151820607408E-05  0.1279072226691E-05
 203  0.9094499778051E-06  0.1011699430928E-05  0.1135744585354E-05  0.1259789739780E-05
 204  0.8970368886276E-06  0.1017964413808E-05  0.1170758744781E-05  0.1323553075753E-05
 205  0.8865444964732E-06  0.9939406082666E-06  0.1120232126760E-05  0.1246523645254E-05
 206  0.8784290076411E-06  0.9885680428067E-06  0.1116105900705E-05  0.1243643758603E-05
 207  0.8706438319469E-06  0.9770640023110E-06  0.1090725343113E-05  0.1204386683914E-05
 208  0.8620747794407E-06  0.9668332073142E-06  0.1086681941771E-05  0.1206530676227E-05
 209  0.8533148852968E-06  0.9495811205751E-06  0.1058567733011E-05  0.1167554345447E-05
 210  0.8446449877395E-06  0.9544889948765E-06  0.1067715130844E-05  0.1180941266811E-05
 211  0.8359671461544E-06  0.9255714299092E-06  0.1036821863891E-05  0.1148072297872E-05
 212  0.8277114224692E-06  0.9431052946414E-06  0.1062197906881E-05  0.1181290519120E-05
 213  0.8198470856315E-06  0.9194894878716E-06  0.1030087540543E-05  0.1140685593215E-05
 214  0.8112227518573E-06  0.9003987125361E-06  0.1006195034887E-05  0.1111991357238E-05
 215  0.8012576445650E-06  0.8899115825960E-06  0.9993398556767E-06  0.1108768128757E-05
 216  0.7911755510264E-06  0.8920305495733E-06  0.9978585771127E-06  0.1103686604652E-05
 217  0.7827360906721E-06  0.8815113721285E-06  0.9798260949305E-06  0.1078140817732E-05
 218  0.7761177713707E-06  0.8527053053567E-06  0.9455796353517E-06  0.1038453965347E-05
 219  0.7697105061235E-06  0.8505828329585E-06  0.9409276199025E-06  0.1031272406846E-05
 220  0.7622935931909E-06  0.8682777260357E-06  0.9616637380391E-06  0.1055049750043E-05
 221  0.7545509113847E-06  0.8680114905329E-06  0.9646290777808E-06  0.1061246665029E-05
 222  0.7474840996058E-06  0.8410227917605E-06  0.9382595261688E-06  0.1035496260577E-05
 223  0.7405227233171E-06  0.8238817274741E-06  0.9212713450009E-06  0.1018660962528E-05
 224  0.7328911486159E-06  0.8325619231957E-06  0.9236447832354E-06  0.1014727643275E-05
 225  0.7254385193683E-06  0.8086030461996E-06  0.8923043062617E-06  0.9760055663238E-06
 226  0.7189634810679E-06  0.8173379764725E-06  0.9038491980257E-06  0.9903604195789E-06
 227  0.7123687650979E-06  0.8168441375219E-06  0.9108404546959E-06  0.1004836771870E-05
 228  0.7046158872189E-06  0.8050959648996E-06  0.8913990823454E-06  0.9777021997911E-06
 229  0.6967635463056E-06  0.8031311786839E-06  0.8885267850976E-06  0.9739223915113E-06
 230  0.6899281796149E-06  0.7914998538592E-06  0.8799759176329E-06  0.9684519814067E-06
 231  0.6832161597775E-06  0.7965715031246E-06  0.8796451385468E-06  0.9627187739691E-06
 232  0.6755717769991E-06  0.7813892220434E-06  0.8636450730965E-06  0.9459009241496E-06
 233  0.6677148497816E-06  0.7736039618674E-06  0.8508792698827E-06  0.9281545778980E-06
 234  0.6605082965813E-06  0.7605926485358E-06  0.8389760245913E-06  0.9173594006469E-06
 235  0.6532475325081E-06  0.7619524183542E-06  0.8437731095909E-06  0.9255938008277E-06
 236  0.6454739912725E-06  0.7452303155527E-06  0.8235112027093E-06  0.9017920898660E-06
 237  0.6386913366534E-06  0.7362337851557E-06  0.8124938734580E-06  0.8887539617603E-06
 238  0.6339158677686E-06  0.7344205014713E-06  0.8101377331788E-06  0.8858549648862E-06
 239  0.6293550563581E-06  0.7349586203238E-06  0.8114245014863E-06  0.8878903826489E-06
 240  0.6231441482452E-06  0.7256430193511E-06  0.7973799270548E-06  0.8691168347585E-06
 241  0.6164625826724E-06  0.7312454504863E-06  0.8101066274954E-06  0.8889678045044E-06
 242  0.6111245665561E-06  0.7116897197348E-06  0.7859908265785E-06  0.8602919334223E-06
 243  0.6062185313410E-06  0.7283834635664E-06  0.8063399015712E-06  0.8842963395760E-06
 244  0.5999825513311E-06  0.7169066345258E-06  0.7951945113727E-06  0.8734823882195E-06
 245  0.5929356849128E-06  0.7016935447051E-06  0.7735652331824E-06  0.8454369216597E-06
 246  0.5866034324740E-06  0.7094634052392E-06  0.7803712123999E-06  0.8512790195605E-06
 247  0.5809024384660E-06  0.7216464634744E-06  0.8006002060845E-06  0.8795539486946E-06
 248  0.5748564361725E-06  0.7118736940224E-06  0.7859878757761E-06  0.8601020575298E-06
 249  0.5686808293039E-06  0.7101628748724E-06  0.7917693433439E-06  0.8733758118155E-06
 250  0.5632346668328E-06  0.7100005737572E-06  0.7870784290887E-06  0.8641562844202E-06
 251  0.5581532909063E-06  0.7164855009630E-06  0.7908158516364E-06  0.8651462023098E-06
 252  0.5523293863018E-06  0.7265060488689E-06  0.8086619199733E-06  0.8908177910777E-06
