#
#  k,  E_varmin,  E - E_var,  E,  E + E_var
# averaged of total time steps of =    8000000
   1  0.6469009938316E-08  0.5598055797865E-08  0.6330733808817E-08  0.7063411819769E-08
   2  0.1068582529596E-05  0.1037787088343E-05  0.1077645445016E-05  0.1117503801689E-05
   3  0.2293576810046E-05  0.2247086924385E-05  0.2308605482473E-05  0.2370124040560E-05
   4  0.1858060089776E-05  0.1824220441741E-05  0.1867485567473E-05  0.1910750693205E-05
   5  0.5928035603982E-06  0.5783393401998E-06  0.5941850422829E-06  0.6100307443661E-06
   6  0.2476951800000E-06  0.2371891222062E-06  0.2492105280853E-06  0.2612319339645E-06
   7  0.9782637066986E-06  0.9492978478405E-06  0.9836194171610E-06  0.1017940986482E-05
   8  0.1456941381801E-05  0.1411282013880E-05  0.1459923160285E-05  0.1508564306690E-05
   9  0.9477572268610E-06  0.9009437498105E-06  0.9465759651222E-06  0.9922081804338E-06
  10  0.2594882935386E-06  0.2351331632470E-06  0.2585015724063E-06  0.2818699815655E-06
  11  0.3208364477571E-06  0.2995686922950E-06  0.3224431928970E-06  0.3453176934990E-06
  12  0.7992061630350E-06  0.7533637079558E-06  0.7990075572078E-06  0.8446514064598E-06
  13  0.1030069015788E-05  0.9669604777024E-06  0.1024945889456E-05  0.1082931301209E-05
  14  0.1149064364375E-05  0.1079679994839E-05  0.1147464217969E-05  0.1215248441099E-05
  15  0.1238714636223E-05  0.1179383201411E-05  0.1245894078048E-05  0.1312404954684E-05
  16  0.9152538083463E-06  0.8650517660808E-06  0.9193752443964E-06  0.9736987227119E-06
  17  0.4585237949820E-06  0.4094302874244E-06  0.4507429175528E-06  0.4920555476811E-06
  18  0.5529149301554E-06  0.4930855637454E-06  0.5442788150890E-06  0.5954720664327E-06
  19  0.9453966169014E-06  0.8804717417320E-06  0.9450889636456E-06  0.1009706185559E-05
  20  0.1006113698616E-05  0.9373286454604E-06  0.1005040766928E-05  0.1072752888396E-05
  21  0.8553053290920E-06  0.7770970073063E-06  0.8427841205019E-06  0.9084712336976E-06
  22  0.7855051905755E-06  0.6943784360596E-06  0.7646960393196E-06  0.8350136425796E-06
  23  0.6543285347764E-06  0.5661138527071E-06  0.6348828307660E-06  0.7036518088250E-06
  24  0.4735628651003E-06  0.3981494131178E-06  0.4573363960468E-06  0.5165233789759E-06
  25  0.5554065236029E-06  0.4689360353449E-06  0.5337122373007E-06  0.5984884392565E-06
  26  0.8281016302655E-06  0.7140546175694E-06  0.7979890139061E-06  0.8819234102428E-06
  27  0.8715724553520E-06  0.7548340351449E-06  0.8391647830172E-06  0.9234955308896E-06
  28  0.6714063233346E-06  0.5694337787667E-06  0.6406533005588E-06  0.7118728223509E-06
  29  0.6195760873530E-06  0.5075485496408E-06  0.5825692009829E-06  0.6575898523249E-06
  30  0.7917620876376E-06  0.6522960453047E-06  0.7480245765088E-06  0.8437531077129E-06
  31  0.8605291839063E-06  0.7146245267208E-06  0.8148975166912E-06  0.9151705066617E-06
  32  0.7346933848268E-06  0.6079650451053E-06  0.6916350504796E-06  0.7753050558540E-06
  33  0.7053413642797E-06  0.5739645082253E-06  0.6539774803667E-06  0.7339904525081E-06
  34  0.8772487287993E-06  0.7133649593226E-06  0.8121322912241E-06  0.9108996231257E-06
  35  0.9794433405729E-06  0.8013761233045E-06  0.9097137326281E-06  0.1018051341952E-05
  36  0.8665309076204E-06  0.6975921000455E-06  0.7990850724449E-06  0.9005780448443E-06
  37  0.7691690158458E-06  0.5984879374052E-06  0.6958234972094E-06  0.7931590570135E-06
  38  0.8828451794792E-06  0.6848395070187E-06  0.7922946311481E-06  0.8997497552775E-06
  39  0.1053504947490E-05  0.8387343424851E-06  0.9569380471232E-06  0.1075141751761E-05
  40  0.1064153654480E-05  0.8531030586916E-06  0.9731691615881E-06  0.1093235264484E-05
  41  0.9773871768931E-06  0.7600490123575E-06  0.8774000700741E-06  0.9947511277907E-06
  42  0.9785237592421E-06  0.7515867998202E-06  0.8716491458987E-06  0.9917114919772E-06
  43  0.1061763476139E-05  0.8192995429512E-06  0.9452685009092E-06  0.1071237458867E-05
  44  0.1096307332135E-05  0.8462383765440E-06  0.9750508490787E-06  0.1103863321613E-05
  45  0.1072490746866E-05  0.8172039431486E-06  0.9481186893503E-06  0.1079033435552E-05
  46  0.1077900528310E-05  0.8157515321652E-06  0.9501759769990E-06  0.1084600421833E-05
  47  0.1131584572211E-05  0.8773248732469E-06  0.1013936574331E-05  0.1150548275415E-05
  48  0.1199671958078E-05  0.9052426138495E-06  0.1052849000364E-05  0.1200455386879E-05
  49  0.1278298489781E-05  0.9490536928875E-06  0.1110604194632E-05  0.1272154696376E-05
  50  0.1353945657911E-05  0.1024554268735E-05  0.1193315170800E-05  0.1362076072864E-05
  51  0.1386582607212E-05  0.1069581010562E-05  0.1236153387286E-05  0.1402725764011E-05
  52  0.1397102252258E-05  0.1070717770614E-05  0.1240043832621E-05  0.1409369894628E-05
  53  0.1455318304346E-05  0.1100326198669E-05  0.1280836407969E-05  0.1461346617270E-05
  54  0.1553050637736E-05  0.1220237292073E-05  0.1405144449875E-05  0.1590051607677E-05
  55  0.1615044765865E-05  0.1262179056914E-05  0.1449678823324E-05  0.1637178589733E-05
  56  0.1630278478523E-05  0.1287312467691E-05  0.1474434003080E-05  0.1661555538470E-05
  57  0.1647055195095E-05  0.1306537754472E-05  0.1497193625032E-05  0.1687849495591E-05
  58  0.1677246491125E-05  0.1314286206253E-05  0.1515446293776E-05  0.1716606381299E-05
  59  0.1719682963732E-05  0.1367698323892E-05  0.1571177587478E-05  0.1774656851064E-05
  60  0.1800252967870E-05  0.1436894500715E-05  0.1642239123211E-05  0.1847583745707E-05
  61  0.1886304156395E-05  0.1511795637485E-05  0.1723639899201E-05  0.1935484160916E-05
  62  0.1885369124665E-05  0.1503016266831E-05  0.1718719288176E-05  0.1934422309520E-05
  63  0.1830551589144E-05  0.1449374733110E-05  0.1663909401690E-05  0.1878444070269E-05
  64  0.1890068130937E-05  0.1511845853818E-05  0.1729175936622E-05  0.1946506019426E-05
  65  0.2075800561212E-05  0.1668395977359E-05  0.1899667216188E-05  0.2130938455018E-05
  66  0.2176558121982E-05  0.1759425702140E-05  0.1996417477922E-05  0.2233409253704E-05
  67  0.2119906580832E-05  0.1734037840249E-05  0.1965779218186E-05  0.2197520596122E-05
  68  0.2108798678428E-05  0.1736030700509E-05  0.1965141885293E-05  0.2194253070077E-05
  69  0.2244279097219E-05  0.1842864254368E-05  0.2084618596461E-05  0.2326372938554E-05
  70  0.2352834619525E-05  0.1935319822388E-05  0.2185414764350E-05  0.2435509706311E-05
  71  0.2345260053520E-05  0.1962445629088E-05  0.2217008493976E-05  0.2471571358864E-05
  72  0.2378163103767E-05  0.1976903801962E-05  0.2238369850091E-05  0.2499835898220E-05
  73  0.2511659686444E-05  0.2088262935713E-05  0.2360764211378E-05  0.2633265487043E-05
  74  0.2579001193047E-05  0.2147741368007E-05  0.2424895919268E-05  0.2702050470530E-05
  75  0.2531733267792E-05  0.2110864567132E-05  0.2381142309031E-05  0.2651420050930E-05
  76  0.2557893567125E-05  0.2141259516555E-05  0.2409473139109E-05  0.2677686761663E-05
  77  0.2723554826331E-05  0.2268957294281E-05  0.2543878659632E-05  0.2818800024983E-05
  78  0.2824378125475E-05  0.2368778482487E-05  0.2650972332048E-05  0.2933166181609E-05
  79  0.2741632224000E-05  0.2317813032303E-05  0.2599541330842E-05  0.2881269629381E-05
  80  0.2660296732123E-05  0.2245472935390E-05  0.2522050731760E-05  0.2798628528130E-05
  81  0.2762681488284E-05  0.2317925596625E-05  0.2600603270086E-05  0.2883280943547E-05
  82  0.2937462670088E-05  0.2463681147457E-05  0.2760455848545E-05  0.3057230549634E-05
  83  0.2981775697010E-05  0.2516554843716E-05  0.2819079666989E-05  0.3121604490263E-05
  84  0.2919175802589E-05  0.2477467475644E-05  0.2780078763622E-05  0.3082690051600E-05
  85  0.2918514983550E-05  0.2463900618229E-05  0.2769101429956E-05  0.3074302241683E-05
  86  0.3006289311370E-05  0.2522627041339E-05  0.2832285257430E-05  0.3141943473522E-05
  87  0.3055199417762E-05  0.2579692263423E-05  0.2893338108721E-05  0.3206983954020E-05
  88  0.3013322181279E-05  0.2580250725511E-05  0.2892672199322E-05  0.3205093673133E-05
  89  0.2970557700715E-05  0.2561942792156E-05  0.2871843658862E-05  0.3181744525568E-05
  90  0.2993526388348E-05  0.2578582684986E-05  0.2892286679126E-05  0.3205990673266E-05
  91  0.3034849721524E-05  0.2624853065757E-05  0.2937823763228E-05  0.3250794460700E-05
  92  0.3034719769006E-05  0.2647921326561E-05  0.2960379864707E-05  0.3272838402853E-05
  93  0.3008031972433E-05  0.2637939525562E-05  0.2953408476518E-05  0.3268877427474E-05
  94  0.2995987237425E-05  0.2628994738299E-05  0.2946888194703E-05  0.3264781651107E-05
  95  0.3004315208188E-05  0.2642778331370E-05  0.2962565988500E-05  0.3282353645631E-05
  96  0.3018534903361E-05  0.2672655188069E-05  0.2992665468769E-05  0.3312675749470E-05
  97  0.3033509054890E-05  0.2698911962164E-05  0.3018652976116E-05  0.3338393990069E-05
  98  0.3046267805115E-05  0.2711525255192E-05  0.3036714574244E-05  0.3361903893295E-05
  99  0.3048323092042E-05  0.2707956465453E-05  0.3036114269964E-05  0.3364272074475E-05
 100  0.3041125052805E-05  0.2707913267345E-05  0.3037059333475E-05  0.3366205399604E-05
 101  0.3040360940694E-05  0.2721175644169E-05  0.3050282618967E-05  0.3379389593766E-05
 102  0.3049506483714E-05  0.2725375642698E-05  0.3057805388261E-05  0.3390235133825E-05
 103  0.3045917176239E-05  0.2715141694340E-05  0.3054899735220E-05  0.3394657776100E-05
 104  0.3015561724446E-05  0.2700903784521E-05  0.3041100721864E-05  0.3381297659207E-05
 105  0.2981521555575E-05  0.2696871658716E-05  0.3032613293773E-05  0.3368354928830E-05
 106  0.2972987132610E-05  0.2703814804110E-05  0.3036719090912E-05  0.3369623377714E-05
 107  0.2976553672681E-05  0.2698671406489E-05  0.3031553276504E-05  0.3364435146519E-05
 108  0.2956708158884E-05  0.2673634580483E-05  0.2998558962383E-05  0.3323483344284E-05
 109  0.2914395932702E-05  0.2650393124479E-05  0.2970216577278E-05  0.3290040030078E-05
 110  0.2883538568316E-05  0.2630748091720E-05  0.2954784532610E-05  0.3278820973501E-05
 111  0.2872973148252E-05  0.2622765993999E-05  0.2949349009496E-05  0.3275932024992E-05
 112  0.2854569528407E-05  0.2599180632585E-05  0.2927829809886E-05  0.3256478987187E-05
 113  0.2817244793740E-05  0.2564072665682E-05  0.2895826081403E-05  0.3227579497123E-05
 114  0.2779520521141E-05  0.2541990509101E-05  0.2869471580502E-05  0.3196952651903E-05
 115  0.2749820571130E-05  0.2529213193839E-05  0.2847739986413E-05  0.3166266778986E-05
 116  0.2715347011510E-05  0.2498030755261E-05  0.2813426990276E-05  0.3128823225291E-05
 117  0.2678853907341E-05  0.2461937114967E-05  0.2778235057878E-05  0.3094533000789E-05
 118  0.2654080104962E-05  0.2438453380309E-05  0.2752645154838E-05  0.3066836929368E-05
 119  0.2634235720489E-05  0.2429045676257E-05  0.2739608298907E-05  0.3050170921557E-05
 120  0.2600839632392E-05  0.2412482746709E-05  0.2720293717234E-05  0.3028104687759E-05
 121  0.2573307323019E-05  0.2436321601454E-05  0.2752439820218E-05  0.3068558038982E-05
 122  0.2534954756703E-05  0.2408195848027E-05  0.2723847814690E-05  0.3039499781353E-05
 123  0.2498451744937E-05  0.2381638111889E-05  0.2691744442330E-05  0.3001850772771E-05
 124  0.2452550273344E-05  0.2342715147365E-05  0.2647600402056E-05  0.2952485656747E-05
 125  0.2405223926972E-05  0.2300724380492E-05  0.2604087807883E-05  0.2907451235274E-05
 126  0.2364511855020E-05  0.2266608387762E-05  0.2568179941373E-05  0.2869751494984E-05
 127  0.2327349482427E-05  0.2235871996031E-05  0.2534724259106E-05  0.2833576522182E-05
 128  0.2291770468188E-05  0.2208147688148E-05  0.2502391705003E-05  0.2796635721857E-05
 129  0.2258080800489E-05  0.2180900285501E-05  0.2474210305546E-05  0.2767520325591E-05
 130  0.2221964410375E-05  0.2153389061606E-05  0.2445630369202E-05  0.2737871676798E-05
 131  0.2183270232840E-05  0.2120908299458E-05  0.2412244411977E-05  0.2703580524495E-05
 132  0.2151175540662E-05  0.2088306637873E-05  0.2378765845814E-05  0.2669225053756E-05
 133  0.2126768499206E-05  0.2063669282413E-05  0.2350662723475E-05  0.2637656164538E-05
 134  0.2099129305929E-05  0.2039997817098E-05  0.2324755541664E-05  0.2609513266230E-05
 135  0.2064448014968E-05  0.2015397901914E-05  0.2295483669717E-05  0.2575569437519E-05
 136  0.2031537127001E-05  0.1987036624219E-05  0.2262679411926E-05  0.2538322199634E-05
 137  0.2005820404832E-05  0.1959855882012E-05  0.2230340270512E-05  0.2500824659013E-05
 138  0.1981550520288E-05  0.1937554966498E-05  0.2202276523693E-05  0.2466998080889E-05
 139  0.1952726398309E-05  0.1913447752185E-05  0.2177483592982E-05  0.2441519433778E-05
 140  0.1920846069324E-05  0.1888195008177E-05  0.2151661350032E-05  0.2415127691887E-05
 141  0.1890997594003E-05  0.1864224906974E-05  0.2122773266513E-05  0.2381321626053E-05
 142  0.1865787947103E-05  0.1841417218482E-05  0.2094044912135E-05  0.2346672605788E-05
 143  0.1843985506321E-05  0.1819352703335E-05  0.2069023606259E-05  0.2318694509183E-05
 144  0.1822893558198E-05  0.1797478488306E-05  0.2046787792192E-05  0.2296097096079E-05
 145  0.1801140232008E-05  0.1774876189712E-05  0.2023542345711E-05  0.2272208501709E-05
 146  0.1778094256065E-05  0.1752146667063E-05  0.1997692436648E-05  0.2243238206234E-05
 147  0.1751908393939E-05  0.1729931331715E-05  0.1971019683959E-05  0.2212108036204E-05
 148  0.1722143147973E-05  0.1707224305985E-05  0.1945827808241E-05  0.2184431310497E-05
 149  0.1693974475704E-05  0.1685501791301E-05  0.1922992621338E-05  0.2160483451375E-05
 150  0.1673269817083E-05  0.1664878212741E-05  0.1901712362502E-05  0.2138546512262E-05
 151  0.1656454157763E-05  0.1646308251693E-05  0.1879217083705E-05  0.2112125915716E-05
 152  0.1635563374248E-05  0.1627429148597E-05  0.1854160371558E-05  0.2080891594520E-05
 153  0.1610590721440E-05  0.1606384182271E-05  0.1830058489276E-05  0.2053732796280E-05
 154  0.1588525872213E-05  0.1587880291852E-05  0.1810432200013E-05  0.2032984108174E-05
 155  0.1570981346338E-05  0.1571526051381E-05  0.1792491216607E-05  0.2013456381832E-05
 156  0.1552804901148E-05  0.1555257530052E-05  0.1771337872677E-05  0.1987418215302E-05
 157  0.1531814375872E-05  0.1536000175524E-05  0.1747872751463E-05  0.1959745327402E-05
 158  0.1511645423371E-05  0.1516347624908E-05  0.1727077309915E-05  0.1937806994923E-05
 159  0.1494825718743E-05  0.1501122626655E-05  0.1709476934719E-05  0.1917831242782E-05
 160  0.1480197191780E-05  0.1485320727705E-05  0.1690909627675E-05  0.1896498527645E-05
 161  0.1465441798806E-05  0.1467619162081E-05  0.1670311018362E-05  0.1873002874643E-05
 162  0.1448254473871E-05  0.1448936583482E-05  0.1650130787630E-05  0.1851324991777E-05
 163  0.1426711086961E-05  0.1429816858276E-05  0.1630040557686E-05  0.1830264257095E-05
 164  0.1403601580936E-05  0.1410537400624E-05  0.1607971063465E-05  0.1805404726306E-05
 165  0.1386420206537E-05  0.1392071475199E-05  0.1586228008697E-05  0.1780384542196E-05
 166  0.1377056569711E-05  0.1378474181432E-05  0.1569510979793E-05  0.1760547778154E-05
 167  0.1366411084321E-05  0.1366599551453E-05  0.1555986991517E-05  0.1745374431581E-05
 168  0.1346486894695E-05  0.1351285630881E-05  0.1539766597617E-05  0.1728247564352E-05
 169  0.1322745183615E-05  0.1332375197204E-05  0.1519871691232E-05  0.1707368185261E-05
 170  0.1305959147602E-05  0.1316362253840E-05  0.1500502174431E-05  0.1684642095022E-05
 171  0.1296674653778E-05  0.1305398583058E-05  0.1483734455393E-05  0.1662070327728E-05
 172  0.1285745882883E-05  0.1293309943378E-05  0.1467738785764E-05  0.1642167628150E-05
 173  0.1267475229023E-05  0.1277703593556E-05  0.1450637840793E-05  0.1623572088030E-05
 174  0.1246051250379E-05  0.1260388718209E-05  0.1432941170106E-05  0.1605493622004E-05
 175  0.1229129349266E-05  0.1245536159834E-05  0.1417161013250E-05  0.1588785866666E-05
 176  0.1217960114404E-05  0.1234658698992E-05  0.1403908489011E-05  0.1573158279029E-05
 177  0.1207001826106E-05  0.1223809367801E-05  0.1390025573626E-05  0.1556241779452E-05
 178  0.1193332675240E-05  0.1209433882743E-05  0.1372976036352E-05  0.1536518189962E-05
 179  0.1179929344387E-05  0.1193815791965E-05  0.1354954810168E-05  0.1516093828370E-05
 180  0.1167925920681E-05  0.1179741100853E-05  0.1338422992733E-05  0.1497104884613E-05
 181  0.1154142496377E-05  0.1167300304205E-05  0.1323420334681E-05  0.1479540365156E-05
 182  0.1138205720998E-05  0.1155521756032E-05  0.1309493806966E-05  0.1463465857900E-05
 183  0.1123813142894E-05  0.1143576887205E-05  0.1296674241075E-05  0.1449771594946E-05
 184  0.1112372816990E-05  0.1132342020641E-05  0.1283271413674E-05  0.1434200806707E-05
 185  0.1102128620534E-05  0.1120505858341E-05  0.1268544246776E-05  0.1416582635212E-05
 186  0.1091936620939E-05  0.1107903831095E-05  0.1254178755826E-05  0.1400453680557E-05
 187  0.1081487354708E-05  0.1096037554580E-05  0.1240985862102E-05  0.1385934169624E-05
 188  0.1070188651115E-05  0.1083474170926E-05  0.1227088060508E-05  0.1370701950091E-05
 189  0.1058287417876E-05  0.1070454560597E-05  0.1212013829252E-05  0.1353573097906E-05
 190  0.1046794423313E-05  0.1060284738632E-05  0.1200226845179E-05  0.1340168951727E-05
 191  0.1035382823304E-05  0.1059552532479E-05  0.1200951146654E-05  0.1342349760829E-05
 192  0.1022263684062E-05  0.1046760106820E-05  0.1184906145236E-05  0.1323052183651E-05
 193  0.1007297269716E-05  0.1026515014532E-05  0.1159972942863E-05  0.1293430871194E-05
 194  0.9939240469882E-06  0.1013106743150E-05  0.1144536662674E-05  0.1275966582198E-05
 195  0.9854009895163E-06  0.1005168455692E-05  0.1135661623807E-05  0.1266154791921E-05
 196  0.9794515457686E-06  0.9945562732259E-06  0.1123268252783E-05  0.1251980232340E-05
 197  0.9706150524885E-06  0.9834767602702E-06  0.1110851844155E-05  0.1238226928039E-05
 198  0.9579614001306E-06  0.9759297485079E-06  0.1102334945049E-05  0.1228740141591E-05
 199  0.9457695136699E-06  0.9826732863459E-06  0.1112680480612E-05  0.1242687674878E-05
 200  0.9368703839541E-06  0.9789743840742E-06  0.1109127300097E-05  0.1239280216121E-05
 201  0.9296326721652E-06  0.9601994129148E-06  0.1085697191125E-05  0.1211194969334E-05
 202  0.9209063191416E-06  0.9482961756169E-06  0.1072491555617E-05  0.1196686935617E-05
 203  0.9094499778051E-06  0.9388790904249E-06  0.1061589828938E-05  0.1184300567451E-05
 204  0.8970368886276E-06  0.9181700365175E-06  0.1035776224452E-05  0.1153382412386E-05
 205  0.8865444964732E-06  0.9138135979853E-06  0.1032298162419E-05  0.1150782726853E-05
 206  0.8784290076411E-06  0.8953289635105E-06  0.1010387701160E-05  0.1125446438810E-05
 207  0.8706438319469E-06  0.8919468805581E-06  0.1007464179982E-05  0.1122981479406E-05
 208  0.8620747794407E-06  0.8764607190499E-06  0.9881768863150E-06  0.1099893053580E-05
 209  0.8533148852968E-06  0.8652709236636E-06  0.9737573575298E-06  0.1082243791396E-05
 210  0.8446449877395E-06  0.8529569300302E-06  0.9589598690984E-06  0.1064962808167E-05
 211  0.8359671461544E-06  0.8433658322629E-06  0.9484448282487E-06  0.1053523824235E-05
 212  0.8277114224692E-06  0.8343558109716E-06  0.9384341201133E-06  0.1042512429255E-05
 213  0.8198470856315E-06  0.8255432601270E-06  0.9283295833409E-06  0.1031115906555E-05
 214  0.8112227518573E-06  0.8159721691800E-06  0.9180217013870E-06  0.1020071233594E-05
 215  0.8012576445650E-06  0.8062366707188E-06  0.9081982211712E-06  0.1010159771624E-05
 216  0.7911755510264E-06  0.7976511165166E-06  0.8990910303900E-06  0.1000530944263E-05
 217  0.7827360906721E-06  0.7897634408622E-06  0.8900302321962E-06  0.9902970235301E-06
 218  0.7761177713707E-06  0.7825853272768E-06  0.8807602846286E-06  0.9789352419803E-06
 219  0.7697105061235E-06  0.7752592666196E-06  0.8715604020007E-06  0.9678615373818E-06
 220  0.7622935931909E-06  0.7677561716285E-06  0.8627661737178E-06  0.9577761758071E-06
 221  0.7545509113847E-06  0.7602276368001E-06  0.8546323701911E-06  0.9490371035822E-06
 222  0.7474840996058E-06  0.7531993724979E-06  0.8468364496105E-06  0.9404735267231E-06
 223  0.7405227233171E-06  0.7467329095562E-06  0.8385159019172E-06  0.9302988942781E-06
 224  0.7328911486159E-06  0.7390789786493E-06  0.8297839109615E-06  0.9204888432737E-06
 225  0.7254385193683E-06  0.7312265233255E-06  0.8221495701636E-06  0.9130726170018E-06
 226  0.7189634810679E-06  0.7256531104976E-06  0.8162527412561E-06  0.9068523720146E-06
 227  0.7123687650979E-06  0.7209297413039E-06  0.8104703704174E-06  0.9000109995309E-06
 228  0.7046158872189E-06  0.7147875850533E-06  0.8032286176438E-06  0.8916696502344E-06
 229  0.6967635463056E-06  0.7077823032463E-06  0.7951944559381E-06  0.8826066086299E-06
 230  0.6899281796149E-06  0.7017683153862E-06  0.7882609536714E-06  0.8747535919566E-06
 231  0.6832161597775E-06  0.6970716990906E-06  0.7829154763919E-06  0.8687592536932E-06
 232  0.6755717769991E-06  0.6923598814855E-06  0.7781900688736E-06  0.8640202562617E-06
 233  0.6677148497816E-06  0.6873406138814E-06  0.7730830575422E-06  0.8588255012029E-06
 234  0.6605082965813E-06  0.6821736505882E-06  0.7676126468885E-06  0.8530516431888E-06
 235  0.6532475325081E-06  0.6772240790055E-06  0.7623386371839E-06  0.8474531953624E-06
 236  0.6454739912725E-06  0.6727524309246E-06  0.7576588861080E-06  0.8425653412915E-06
 237  0.6386913366534E-06  0.6693613329018E-06  0.7539728971881E-06  0.8385844614744E-06
 238  0.6339158677686E-06  0.6668703614911E-06  0.7511323425352E-06  0.8353943235794E-06
 239  0.6293550563581E-06  0.6642866847715E-06  0.7482922025134E-06  0.8322977202554E-06
 240  0.6231441482452E-06  0.6612313854072E-06  0.7450670500891E-06  0.8289027147711E-06
 241  0.6164625826724E-06  0.6588473474247E-06  0.7431981004622E-06  0.8275488534997E-06
 242  0.6111245665561E-06  0.6594665904466E-06  0.7445294644080E-06  0.8295923383694E-06
 243  0.6062185313410E-06  0.6615508455330E-06  0.7478713994012E-06  0.8341919532693E-06
 244  0.5999825513311E-06  0.6621957486952E-06  0.7497433434302E-06  0.8372909381652E-06
 245  0.5929356849128E-06  0.6616515696556E-06  0.7499243615029E-06  0.8381971533502E-06
 246  0.5866034324740E-06  0.6640525471790E-06  0.7540899395301E-06  0.8441273318812E-06
 247  0.5809024384660E-06  0.6728774450559E-06  0.7668802615240E-06  0.8608830779921E-06
 248  0.5748564361725E-06  0.6836110859884E-06  0.7831658582589E-06  0.8827206305295E-06
 249  0.5686808293039E-06  0.6903098551614E-06  0.7935748104155E-06  0.8968397656695E-06
 250  0.5632346668328E-06  0.6967573715580E-06  0.8024337325385E-06  0.9081100935190E-06
 251  0.5581532909063E-06  0.7160570776342E-06  0.8296040834456E-06  0.9431510892570E-06
 252  0.5523293863018E-06  0.7537186009761E-06  0.8854343646212E-06  0.1017150128266E-05
