   0    0.000000000000e+00    0.000000000000e+00    0.000000000000e+00    0.000000000000e+00    0.000000000000e+00    0.000000000000e+00    0.000000000000e+00    0.000000000000e+00
   1    0.000000000000e+00    0.000000000000e+00    0.000000000000e+00    0.000000000000e+00    0.000000000000e+00    0.000000000000e+00    0.000000000000e+00    0.000000000000e+00
   2    0.000000000000e+00    0.000000000000e+00    0.000000000000e+00    0.000000000000e+00    0.000000000000e+00    0.000000000000e+00    0.000000000000e+00    0.000000000000e+00
   3    0.000000000000e+00    0.000000000000e+00    0.000000000000e+00    0.000000000000e+00    0.000000000000e+00    0.000000000000e+00    0.000000000000e+00    0.000000000000e+00
   4    0.000000000000e+00    0.000000000000e+00    0.000000000000e+00    0.000000000000e+00    0.000000000000e+00    0.000000000000e+00    0.000000000000e+00    0.000000000000e+00
   5    6.987251310875e-08    2.814820163621e-07   -2.791702335969e-08    2.742115157162e-07   -8.523718264541e-08   -2.797610250127e-07    9.934617573037e-09   -2.726867478486e-07
   6   -2.305527146973e-08    2.876557516629e-07   -9.920357868509e-09    2.835009524915e-07    4.020585819831e-08   -2.944716186448e-07    2.584145697426e-08   -2.908912506427e-07
   7    0.000000000000e+00    0.000000000000e+00    0.000000000000e+00    0.000000000000e+00    0.000000000000e+00    0.000000000000e+00    0.000000000000e+00    0.000000000000e+00
   8    0.000000000000e+00    0.000000000000e+00    0.000000000000e+00    0.000000000000e+00    0.000000000000e+00    0.000000000000e+00    0.000000000000e+00    0.000000000000e+00
   9    0.000000000000e+00    0.000000000000e+00    0.000000000000e+00    0.000000000000e+00    0.000000000000e+00    0.000000000000e+00    0.000000000000e+00    0.000000000000e+00
  10    0.000000000000e+00    0.000000000000e+00    0.000000000000e+00    0.000000000000e+00    0.000000000000e+00    0.000000000000e+00    0.000000000000e+00    0.000000000000e+00
  11    6.898066828853e-08   -6.283066511514e-09    5.532812252795e-08   -2.570184598483e-08   -4.669361786114e-08    4.970356926037e-08   -3.423187777685e-08    6.810311958816e-08
  12    8.024187536648e-08   -2.220840578104e-08    6.495936588635e-08   -3.681699922709e-08   -5.937966918168e-08    6.465313617809e-08   -4.602693337574e-08    7.527702194920e-08
  13    0.000000000000e+00    0.000000000000e+00    0.000000000000e+00    0.000000000000e+00    0.000000000000e+00    0.000000000000e+00    0.000000000000e+00    0.000000000000e+00
  14    1.222862664463e-07    2.340286631153e-09    1.179134159202e-07    5.221628462948e-09   -1.076797815358e-07    2.371347562757e-08   -1.048075688459e-07    2.293808343268e-08
  15    3.764245946059e-07   -2.004873635997e-07    4.010215377548e-07   -2.092940860621e-07   -3.420326777359e-07    2.891614485634e-07   -3.699409489855e-07    3.140143576275e-07
  16    3.324083195366e-07   -2.450221927575e-07    3.231427001538e-07   -2.513365018331e-07   -2.855025229564e-07    3.405637869491e-07   -2.814921344907e-07    3.522002316458e-07
  17    4.858594593316e-07   -3.395799694772e-07    4.757956730828e-07   -3.557153434031e-07   -4.138768474604e-07    4.884627173851e-07   -4.117902108192e-07    5.118230888002e-07
  18    3.280823648311e-07   -3.248491964314e-07    3.112529896043e-07   -3.505835763917e-07   -2.757090555860e-07    4.581189898545e-07   -2.668059266853e-07    4.881139261670e-07
  19    3.828523063021e-07   -4.927544523525e-07    3.635700807081e-07   -5.555885991271e-07   -3.073260188557e-07    6.655967013103e-07   -2.977297697271e-07    7.340375987042e-07
  20    6.147221256469e-07   -2.795493685426e-07    5.677140393345e-07   -3.623785289619e-07   -5.085151428830e-07    5.844261750099e-07   -4.775895945386e-07    6.347339081003e-07
  21    1.150491016233e-06   -9.366581252834e-07    1.086462702915e-06   -1.073542193808e-06   -1.150903813141e-06    1.251476305697e-06   -1.112423888117e-06    1.405887132933e-06
  22    6.993893180152e-07   -9.235012612407e-07    5.900076871512e-07   -1.043083216246e-06   -7.067268938954e-07    1.104093257709e-06   -6.189733312567e-07    1.232639760929e-06
  23    6.356160042742e-07   -5.987956797071e-07    5.575818704529e-07   -6.558178711202e-07   -7.056299295982e-07    7.176439567047e-07   -6.392966724889e-07    7.680781664021e-07
  24    3.042913760964e-07   -9.283498343393e-07    1.140069798566e-07   -9.841105566011e-07   -6.213670076249e-07    9.978051593862e-07   -4.603468823916e-07    1.035078753375e-06
  25    7.716199093011e-07   -8.029272180465e-07    5.626299639516e-07   -9.156053693005e-07   -8.018654966691e-07    8.815307523946e-07   -5.905991997679e-07    9.323654808213e-07
  26    5.585479811998e-07   -9.248483934243e-08    4.311906138810e-07   -1.644085045882e-07   -6.059632937649e-07    2.534368377383e-07   -5.153759161658e-07    2.301178199104e-07
  27    2.635331838974e-06   -1.195519757857e-06    2.706939767450e-06   -1.249837396244e-06   -4.241558428930e-07    1.329464794253e-06   -2.933261953331e-07    1.378421075060e-06
  28    7.872807259446e-07   -2.570822061898e-06    4.903651529276e-07   -2.634974634930e-06   -9.910943390423e-07    2.770774472083e-06   -7.312995080611e-07    2.836903149728e-06
  29    3.890503990078e-07   -2.923105967056e-06    4.783264007102e-09   -3.086837068622e-06   -6.029007977304e-07    2.745814754235e-06   -2.543629022966e-07    2.915975983342e-06
  30    2.201706820415e-06   -3.355281251061e-06    1.689512828307e-06   -3.697990678120e-06    1.045448925652e-06    3.140751687170e-06    1.658787027736e-06    3.440596174187e-06
  31    7.024044634818e-07    1.466842263653e-06    6.983603384469e-08    1.563050545883e-06   -1.020488753056e-06   -1.752808088895e-06   -3.000658068686e-07   -2.088486553475e-06
  32    1.147537204815e-06    7.762577070025e-07    6.864966621833e-07    9.526522148917e-07   -2.531809428774e-08   -1.230562588717e-06    5.473529540723e-07   -1.661528472141e-06
  33    1.737863470908e-07    7.842614650144e-06    6.188694783305e-07    8.535091183148e-06    1.023779759635e-06   -7.585983439640e-06    5.813540155941e-07   -8.730901754461e-06
  34    3.996216491942e-06    1.680371838120e-06    4.602979515766e-06    2.178024715249e-06   -2.689748043849e-06   -1.439132688574e-06   -3.079123644056e-06   -1.987110863411e-06
  35    1.708030595182e-06    6.877528448967e-06    2.482740683263e-06    7.703379196755e-06   -6.370372602760e-07   -6.003212092764e-06   -1.413301333741e-06   -7.090774943208e-06
  36    3.696459998537e-06    1.837029230956e-05    5.219828381087e-06    1.954675281013e-05    2.868787589705e-07   -1.740843435982e-05   -1.235621425622e-06   -1.962541682587e-05
  37   -6.505680403279e-07    3.378414476174e-05    1.965863248188e-06    3.585201557144e-05    6.446704901464e-06   -3.119140455965e-05    3.260639687142e-06   -3.477058635326e-05
  38    2.132131385224e-06    1.845843871706e-05    4.011068995169e-06    1.959505243576e-05    1.090641717383e-06   -1.674510167504e-05   -1.025529172693e-06   -1.898831578728e-05
  39    5.231300406194e-07    2.315194069524e-05    3.410844783502e-06    2.403351027169e-05    3.692746304296e-06   -1.987163523154e-05    5.134818366059e-07   -2.200671769970e-05
  40    1.681998355707e-06    1.465848254156e-05    3.223626208637e-06    1.535216142656e-05    8.727187150726e-07   -1.111149413191e-05   -8.360162269128e-07   -1.262849127670e-05
  41    2.728197841861e-06    1.617715315660e-05    4.693988103099e-06    1.666809293965e-05    1.518409931123e-06   -1.340058406640e-05   -4.619029425612e-07   -1.504722695245e-05
  42    7.042116862976e-07    1.081777645595e-05    1.996840637730e-06    1.112392874347e-05   -2.000081849474e-06   -6.718455097143e-06   -3.140043418171e-06   -8.058056664595e-06
  43    3.920563813153e-06    1.614553184481e-05    6.292541002040e-06    1.707816409180e-05   -1.592025000718e-06   -8.809754945105e-06   -3.666900283861e-06   -1.077322122001e-05
  44    5.837854132551e-06    2.581477929198e-05    9.524601409794e-06    2.697332092794e-05   -1.075391764971e-06   -1.742172389640e-05   -4.895950951322e-06   -2.052927447949e-05
  45    3.082555394940e-06    3.537577867974e-05    9.761557521415e-06    3.623187149060e-05   -3.145868959109e-06   -2.009644776990e-05   -1.043433348968e-05   -2.448025406920e-05
  46   -1.662864065111e-06    2.946716085717e-05    3.563400923667e-06    2.993766247528e-05    2.393494696662e-06   -1.752769458108e-05   -3.329330183988e-06   -2.079801743093e-05
  47    5.017585863243e-06    2.724260593823e-05    1.007393075270e-05    2.718111863942e-05    3.370306558281e-07   -1.499404424976e-05   -4.403047114465e-06   -1.742138738337e-05
  48    1.532744863653e-05    4.187383456156e-05    2.205153032264e-05    4.288603668101e-05   -1.611972402316e-05   -1.111864094128e-05   -2.278655665577e-05   -1.418102237949e-05
  49    3.065347073061e-06    3.067889338126e-05    1.030456587614e-05    3.120625478914e-05   -1.346179487882e-06   -1.887140024337e-05   -8.564100426156e-06   -2.270459117426e-05
  50   -4.181059011898e-06    2.292957833561e-05    7.996862336768e-07    2.168330138375e-05   -8.879895574410e-08   -1.061151942849e-05   -5.839516234118e-06   -1.273167708860e-05
  51    2.535865405662e-06    2.607898932183e-05    8.433663424512e-06    2.450315878377e-05   -6.575202178283e-07   -1.162642456620e-05   -5.877509465790e-06   -1.382674599881e-05
  52    2.003863983191e-06    2.471016341588e-05    8.627725037513e-06    2.316569043614e-05   -2.183527976740e-05    7.581516911159e-06   -2.707420389925e-05    7.316962637560e-06
  53    2.122626483470e-06    5.438810330816e-05    1.238480945176e-05    5.251430411590e-05   -4.564532719087e-05    3.131318953820e-05   -5.502660496859e-05    3.144011134282e-05
  54    1.365672324027e-05    3.050186205655e-05    2.409939042991e-05    2.841318746505e-05   -2.564879650890e-06   -8.216027708841e-06   -1.113017788157e-05   -1.054220138030e-05
  55    1.196175708174e-05    2.814682193275e-05    2.210330239905e-05    2.364601277804e-05    1.849263298936e-06   -1.030087605614e-05   -6.812587344029e-06   -1.226222320838e-05
  56   -1.272066128877e-05    1.315032295679e-05   -7.592320798722e-06    7.068174909364e-06    1.830327505559e-06   -7.387551477223e-07   -6.176631814014e-06   -7.269861157511e-07
  57   -6.727160325681e-06    1.738834907883e-05    2.332317080800e-06    1.220632020704e-05    1.421600359208e-06   -1.273527914236e-06   -8.262594747066e-06   -2.144694008166e-06
  58   -2.443847506584e-07    1.350879665551e-05    8.638209692435e-06    7.876595191192e-06   -7.477776762244e-07    7.851148211557e-07   -8.986618922791e-06    2.709738282647e-07
  59   -6.815655979153e-06    8.809014616418e-06   -1.125263452195e-06    3.081201384703e-06    1.350473098682e-06    3.844903403660e-06   -5.549145498662e-06    3.801698994721e-06
  60   -1.079231788026e-05    4.035783604195e-06   -7.021113560768e-06   -1.973954567802e-06    1.521969352325e-06    8.515883564542e-06   -4.063767391926e-06    9.488699106441e-06
  61   -9.688937097962e-06   -1.136054265771e-06   -7.749241376587e-06   -7.448693395418e-06    5.816932571179e-07    1.274261921935e-05   -3.134371581837e-06    1.460870862502e-05
  62   -1.269217591471e-05   -2.139572188753e-06   -1.258554220840e-05   -8.780984899204e-06    1.104434517174e-07    1.829488064686e-05   -2.521756414353e-06    2.096721618727e-05
  63   -1.701466135273e-05   -7.126508535293e-06   -1.887278995127e-05   -1.374572548229e-05    9.060020147444e-07    2.152189335902e-05   -5.700769065697e-07    2.501512790332e-05
  64   -1.014329518512e-05   -3.847227162623e-06   -1.120094566431e-05   -1.043136307999e-05   -7.325631656840e-08    1.769022310327e-05   -1.137697950071e-06    2.053734533547e-05
  65   -1.986743336602e-05   -1.631006489333e-05   -2.730376581894e-05   -2.485426739440e-05    2.253979801026e-06    2.709761611186e-05    4.633230219042e-06    3.228905916330e-05
  66   -1.559948213981e-05   -1.270725078939e-05   -2.172205495299e-05   -1.930901271407e-05   -2.218138206445e-06    2.616458368720e-05    2.758069399533e-07    3.112963895546e-05
  67   -1.609084756637e-05   -1.357401197311e-05   -2.413610491203e-05   -2.179684270232e-05    4.134037556724e-09    2.995132672368e-05    3.494933707771e-06    3.504138294375e-05
  68   -1.275005706702e-05   -1.112979862228e-05   -2.051299816230e-05   -1.772366340447e-05    1.043295242198e-06    2.596727063064e-05    5.604209036392e-06    2.982485784742e-05
  69   -9.427482837054e-06   -9.239874998457e-06   -1.668490767770e-05   -1.502634040662e-05   -4.058518854322e-09    2.344938548049e-05    4.990388788428e-06    2.646109896887e-05
  70   -1.335720867246e-06   -3.196703801223e-06   -6.318464329524e-06   -8.050574251683e-06   -2.277120756844e-06    2.357571065659e-05    2.451663249303e-06    2.473014865245e-05
  71    1.339480877505e-05   -2.074316171274e-06    1.297218022955e-05   -7.458518666681e-06   -2.373329152761e-06    2.020380270551e-05    2.861889015549e-06    2.250356919831e-05
  72   -4.855748102273e-06   -9.853849405772e-06   -1.338419042440e-05   -1.516279371572e-05   -1.102137048292e-06    2.514834886824e-05    7.207143880805e-06    2.921550913015e-05
  73   -3.642050160124e-06   -9.709866390040e-06   -1.358936970064e-05   -1.439755578758e-05    3.175483129780e-07    2.602034510346e-05    9.499843145022e-06    2.881505679397e-05
  74    2.250670604553e-06   -4.713464022643e-06   -6.189648502186e-06   -8.493859240843e-06   -3.853512680507e-06    2.716411654546e-05    5.098489509692e-06    2.839069748006e-05
  75    3.365515340192e-06   -4.837520009460e-06   -3.755826128327e-06   -8.174023605534e-06    4.955961685482e-07    2.295922422491e-05    9.484139809501e-06    2.444674100843e-05
  76    1.898729010463e-06   -6.592270892725e-06   -7.170380285970e-06   -9.374951332575e-06    1.711977915875e-06    2.313115510333e-05    1.249217439181e-05    2.523472539906e-05
  77    2.868751153073e-06   -6.846680207673e-06   -5.837309345225e-06   -9.300477358920e-06    4.014837600153e-07    2.250968827866e-05    1.139691084973e-05    2.458806193317e-05
  78    4.499988335738e-06   -8.411841008638e-06   -5.382324616221e-06   -1.057633380697e-05   -5.516710643860e-06    2.484745164111e-05    7.444824404956e-06    2.904639768531e-05
  79    7.903902769613e-06   -9.885670806398e-06   -4.217027253617e-06   -1.082261678675e-05   -1.393890443069e-06    2.926361594291e-05    1.365199932479e-05    3.111379555776e-05
  80    7.370174444077e-06   -7.690553502471e-06   -4.305828497309e-06   -8.145358151523e-06    1.356072971248e-06    2.426127139188e-05    1.707203773549e-05    2.651821887412e-05
  81    7.207465387182e-06   -8.210197847802e-06   -4.252161033946e-06   -8.191103006538e-06    1.308336834427e-07    2.289831172675e-05    1.672023608990e-05    2.588938514236e-05
  82    1.302539567405e-05   -6.812988431193e-06    1.445726525162e-06   -6.718003533024e-06   -9.438114147997e-07    2.609699913592e-05    1.608589445823e-05    2.711980778258e-05
  83    1.469500239182e-05   -3.658823516162e-06    4.263334631105e-06   -2.516253971407e-06   -1.178903630716e-06    2.445514655847e-05    1.589379644429e-05    2.588694769656e-05
  84    1.745861482050e-05   -5.244485691946e-06    6.823889634688e-06   -3.649286327345e-06   -4.945314913130e-07    2.233124905615e-05    1.838650314312e-05    2.417483301542e-05
  85    1.748415525071e-05   -5.562706064666e-06    6.309718628472e-06   -3.807771690845e-06    2.845953872566e-07    2.128507730959e-05    2.018652048719e-05    2.319029226783e-05
  86    1.820175202738e-05   -5.004298600397e-06    7.909785381344e-06   -3.196318175469e-06    3.939390182950e-07    2.048610804195e-05    2.030036193901e-05    2.213184598077e-05
  87    2.043751737801e-05   -4.687883119914e-06    1.073378825822e-05   -2.254778110000e-06   -3.820262008958e-07    1.971919300559e-05    2.028325798165e-05    2.129393215000e-05
  88    2.350203067181e-05   -4.025631369586e-06    1.445948055334e-05   -8.695434416950e-07   -1.117327883549e-06    1.871709173429e-05    2.062969724648e-05    2.075129668810e-05
  89    2.476187364664e-05   -3.724683665496e-06    1.617690213607e-05    9.865556194200e-08   -6.139307060948e-06    2.023267552431e-05    1.584166602697e-05    2.316948848602e-05
  90    2.577187296993e-05   -2.220103397121e-06    1.622038871574e-05    2.064203272312e-06   -1.608354637028e-06    1.864553451014e-05    2.270462573506e-05    2.117125586665e-05
  91    2.612397838675e-05   -2.851447561625e-06    1.699935455690e-05    1.149888930740e-06   -1.602271140655e-06    1.707327101030e-05    2.281654815306e-05    1.976309795282e-05
  92    2.869579839171e-05   -2.374113819315e-06    2.155533366022e-05    2.534397935960e-06   -2.563056796134e-06    1.710967990221e-05    2.127357220161e-05    2.024027708103e-05
  93    2.961237805721e-05   -3.715380216818e-06    2.246867006761e-05    9.951772881323e-07   -2.640746288307e-06    1.715502730804e-05    2.259969369334e-05    2.094989577017e-05
  94    2.979026612593e-05   -4.738872576127e-06    2.233125269413e-05    1.632609780700e-07   -3.581369128369e-06    1.719431566016e-05    2.315005440323e-05    2.164288162021e-05
  95    3.049508268305e-05   -5.604423222394e-06    2.273392237839e-05   -4.873343755207e-07   -4.706454546977e-06    1.686833456915e-05    2.348654197704e-05    2.183565084124e-05
  96    3.192048097844e-05   -5.786430847365e-06    2.464561475790e-05   -3.689321204092e-07   -5.751671324106e-06    1.628159043321e-05    2.327290167159e-05    2.168764149246e-05
  97    3.357308742125e-05    3.517767254380e-06    2.494458749425e-05    1.264463753614e-05   -1.215560314449e-05    2.116293217114e-05    1.306308422500e-05    2.812004458974e-05
  98    3.481761814328e-05   -6.158898486319e-06    2.920611950685e-05   -9.586808573658e-07   -6.951444902370e-06    1.543225334899e-05    2.257511914650e-05    2.221858085250e-05
  99    3.483060572762e-05   -6.113811650721e-06    2.978080556204e-05   -1.230653083439e-06   -7.107868896128e-06    1.504534429841e-05    2.283958929183e-05    2.206199678767e-05
 100    3.560008190107e-05   -6.144218787085e-06    3.084481795668e-05   -1.183864924315e-06   -7.229111361085e-06    1.422073728463e-05    2.366613443883e-05    2.170929474232e-05
 101    3.582537465263e-05   -6.475000645878e-06    3.099801688222e-05   -1.244253098776e-06   -7.305204235308e-06    1.317538317380e-05    2.491826489859e-05    2.151082844648e-05
 102    3.683804970933e-05   -8.014799277589e-06    3.268891305197e-05   -2.829691084116e-06   -7.156666470109e-06    1.321229592577e-05    2.529873017920e-05    2.216759276052e-05
 103    3.716784340213e-05   -9.227872396878e-06    3.321189069538e-05   -4.137738415011e-06   -8.317435458594e-06    1.388055989082e-05    2.456245601934e-05    2.377960663580e-05
 104    3.700463639689e-05   -1.003663328447e-05    3.259005097789e-05   -5.022189725423e-06   -8.693015843164e-06    1.432634962839e-05    2.506779310352e-05    2.511501043045e-05
 105    3.855532486341e-05   -1.000644897431e-05    3.494814154692e-05   -5.556965334108e-06   -7.808693226252e-06    1.299494033447e-05    2.724072692217e-05    2.422533361823e-05
 106    4.000199260190e-05   -1.011010135699e-05    3.728326555574e-05   -5.946607416263e-06   -7.170711342042e-06    1.314302517130e-05    2.840295746864e-05    2.503616997274e-05
 107    3.930522507289e-05   -1.063708441507e-05    3.752327393158e-05   -6.604173449887e-06   -7.687340257689e-06    1.319669991062e-05    2.759100243566e-05    2.598220453365e-05
 108    3.603488585213e-05   -1.244976556336e-05    3.365918746567e-05   -1.049794536812e-05   -6.873828169773e-06    1.409015294485e-05    2.827051503118e-05    2.767460864561e-05
 109    3.626329998951e-05   -1.283359597437e-05    3.503588595777e-05   -1.106320178224e-05   -6.914031018823e-06    1.370378140564e-05    2.877899169107e-05    2.800047514029e-05
 110    3.737569568329e-05   -1.437560149498e-05    3.645349715953e-05   -1.330697159574e-05   -6.943902008061e-06    1.370301106363e-05    3.015230868186e-05    2.936142846011e-05
 111    3.785480657825e-05   -1.506796616013e-05    3.653618477983e-05   -1.379829518555e-05   -7.403786639770e-06    1.388030887028e-05    3.110659235972e-05    3.090288373642e-05
 112    3.678009670693e-05   -1.686329233053e-05    3.504364576656e-05   -1.607051308383e-05   -7.812207513780e-06    1.404677004757e-05    3.132686833851e-05    3.236525662942e-05
 113    3.579222902772e-05   -1.803522172850e-05    3.426209150348e-05   -1.818963391997e-05   -8.301722118631e-06    1.453870027035e-05    3.069185549975e-05    3.458644277998e-05
 114    3.557726449799e-05   -1.953645187314e-05    3.426281546126e-05   -2.127838706656e-05   -7.703186383878e-06    1.436753791495e-05    3.199551792932e-05    3.581590499380e-05
 115    3.507387737045e-05   -2.100044730469e-05    3.353302963660e-05   -2.367789602431e-05   -7.226366506075e-06    1.481652998336e-05    3.349648613948e-05    3.797954559559e-05
 116    3.406997711863e-05   -2.210748061771e-05    3.252589158365e-05   -2.557189327490e-05   -7.107531928341e-06    1.494920979894e-05    3.416777326493e-05    3.934505730285e-05
 117    3.391155041754e-05   -2.284933361807e-05    3.295195710962e-05   -2.743241202552e-05   -6.992498583713e-06    1.513302595413e-05    3.425382965361e-05    4.018184699817e-05
 118    3.356605884619e-05   -2.378127646807e-05    3.291510074632e-05   -2.959044650197e-05   -6.570311597898e-06    1.547824285808e-05    3.482077954686e-05    4.149600135861e-05
 119    3.376161839697e-05   -2.507855970180e-05    3.270049637649e-05   -3.150536576868e-05   -5.007232175558e-06    1.628506834095e-05    3.729154195753e-05    4.352966789156e-05
 120    3.308702071081e-05   -2.665839019755e-05    3.120905603282e-05   -3.332641063025e-05   -4.821923994314e-06    1.675200110185e-05    3.881355587509e-05    4.583602276398e-05
 121    3.487919821055e-05   -2.925209446403e-05    3.158084655297e-05   -3.409687269595e-05   -3.095609372394e-06    1.583949779160e-05    4.373273986857e-05    4.718840500573e-05
 122    3.458586070337e-05   -3.066983117606e-05    3.209521310055e-05   -3.678311622934e-05   -2.765212002487e-06    1.587985207152e-05    4.409449684317e-05    4.898093902739e-05
 123    3.313190973131e-05   -3.334732173244e-05    3.076195207541e-05   -4.070007707924e-05   -2.321524334548e-06    1.599869756319e-05    4.478449409362e-05    5.076176603325e-05
 124    3.145584560116e-05   -3.550204564817e-05    2.855073944374e-05   -4.435184018803e-05   -1.906757574943e-06    1.621585761313e-05    4.571546014631e-05    5.265718573355e-05
 125    2.941641105281e-05   -3.695552004501e-05    2.646685425134e-05   -4.720067590824e-05   -1.258504426005e-06    1.613018321223e-05    4.659382466343e-05    5.413367034635e-05
 126    2.798781861202e-05   -3.830257628579e-05    2.584816138551e-05   -4.992294270778e-05   -8.125734325404e-07    1.596778201929e-05    4.669871123042e-05    5.561803118326e-05
 127    2.691772897379e-05   -3.995864972239e-05    2.558497180871e-05   -5.303499710863e-05   -4.976915306543e-07    1.593451634108e-05    4.642306521419e-05    5.730694101658e-05
 128    2.542750007706e-05   -4.172775516054e-05    2.413646325294e-05   -5.642715041176e-05   -2.248609547451e-07    1.573928420839e-05    4.630912735593e-05    5.892211629543e-05
 129    2.290661905135e-05   -4.293261736166e-05    2.123800368281e-05   -5.955947563052e-05    3.636194207957e-07    1.500147936895e-05    4.673400326283e-05    6.012133962940e-05
 130    2.008555929933e-05   -4.405380605021e-05    1.832078669395e-05   -6.281799869612e-05    9.529927638141e-07    1.444053395971e-05    4.711340807262e-05    6.173161091283e-05
 131    1.746939233271e-05   -4.581444227370e-05    1.652090395510e-05   -6.653409218416e-05    1.544537781228e-06    1.447953036404e-05    4.683067527367e-05    6.414207018679e-05
 132    1.583822995599e-05   -4.805140633835e-05    1.565920138091e-05   -7.063820521580e-05    1.846304598985e-06    1.484078711655e-05    4.620044273906e-05    6.683203537250e-05
 133    1.371234066028e-05   -5.027988299844e-05    1.388882810716e-05   -7.454655133188e-05    2.339302227483e-06    1.486666042183e-05    4.594590063789e-05    6.871786899865e-05
 134    1.064650041371e-05   -5.222559047979e-05    1.069351219485e-05   -7.849763642298e-05    2.917546680692e-06    1.454875564377e-05    4.598205123330e-05    7.021243800409e-05
 135    7.039798674668e-06   -5.446935756481e-05    7.125272986741e-06   -8.299027831526e-05    3.461145752226e-06    1.468220943934e-05    4.548513970803e-05    7.240518607432e-05
 136    3.533721610438e-06   -5.728208998335e-05    3.653302201201e-06   -8.825183613226e-05    3.703399215738e-06    1.471325958846e-05    4.426719533512e-05    7.518105849158e-05
 137    9.051081519829e-07   -5.978451736155e-05    5.201158046475e-07   -9.334610513179e-05    3.542705826476e-06    1.457509006286e-05    4.278565029381e-05    7.796579302521e-05
 138   -2.084990910589e-06   -6.156065501273e-05   -3.139570026178e-06   -9.785950533114e-05    3.775872528422e-06    1.405806870025e-05    4.197622183710e-05    8.029500168050e-05
 139   -6.322530225589e-06   -6.363471766235e-05   -7.487716629839e-06   -1.025252277032e-04    4.536150754575e-06    1.385330961057e-05    4.148139123572e-05    8.265701762866e-05
 140   -1.123819038185e-05   -6.593247235287e-05   -1.200667429657e-05   -1.072412269423e-04    5.565907940763e-06    1.438497929485e-05    4.087571142009e-05    8.561644062866e-05
 141   -1.588208579051e-05   -6.816317181801e-05   -1.613120730326e-05   -1.117730062106e-04    6.266964646784e-06    1.486602923251e-05    3.949524034397e-05    8.848813740769e-05
 142   -2.051263982139e-05   -7.093968451954e-05   -2.084993320750e-05   -1.168569069705e-04    6.798672075092e-06    1.501404949522e-05    3.822700091405e-05    9.119346213993e-05
 143   -2.519091322029e-05   -7.285080209840e-05   -2.582113484095e-05   -1.211567214341e-04    7.447706593666e-06    1.485695793235e-05    3.724083217094e-05    9.364200377604e-05
 144   -3.047994323424e-05   -7.441878551617e-05   -3.093194027315e-05   -1.252084184671e-04    8.272961167677e-06    1.485234588472e-05    3.592456778279e-05    9.632544970373e-05
 145   -3.570595799829e-05   -7.629453466507e-05   -3.584924343158e-05   -1.299335126532e-04    8.522350071871e-06    1.523152786831e-05    3.340208422742e-05    9.963287448045e-05
 146   -4.117249045521e-05   -7.864874351071e-05   -4.119142613490e-05   -1.355450076517e-04    8.378086931771e-06    1.546024031995e-05    3.001253935508e-05    1.030191342579e-04
 147   -4.664552034228e-05   -8.147570770234e-05   -4.706651816377e-05   -1.419759937562e-04    8.364543646167e-06    1.557160794619e-05    2.716758535826e-05    1.065702090273e-04
 148   -5.279220567900e-05   -8.413025352638e-05   -5.330402927939e-05   -1.478845224483e-04    9.361265256302e-06    1.557539690111e-05    2.544550989114e-05    1.095818079193e-04
 149   -5.832403621753e-05   -8.640643500257e-05   -5.885802238481e-05   -1.534469629405e-04    1.041927316692e-05    1.599905226612e-05    2.368340392422e-05    1.127020150307e-04
 150   -6.551531259902e-05   -9.003553714138e-05   -6.596608727705e-05   -1.603360578883e-04    1.145062105934e-05    1.687517760729e-05    2.096065691148e-05    1.162642656709e-04
 151   -7.323857425945e-05   -9.368269820698e-05   -7.365627971012e-05   -1.676641113590e-04    1.219261503138e-05    1.766483001120e-05    1.737221100484e-05    1.201388804475e-04
 152   -8.037615771173e-05   -9.574337309459e-05   -8.087147580227e-05   -1.735262630973e-04    1.210475693370e-05    1.790187525330e-05    1.305768455495e-05    1.237560936715e-04
 153   -8.754789450904e-05   -9.784982103156e-05   -8.859347144607e-05   -1.790812093532e-04    1.220125705004e-05    1.796655487851e-05    9.452417543798e-06    1.274371315958e-04
 154   -9.544490603730e-05   -1.005544618238e-04   -9.740384120960e-05   -1.848966348916e-04    1.265565242647e-05    1.855647315097e-05    6.075908913772e-06    1.316270790994e-04
 155   -1.044003583957e-04   -1.039013004629e-04   -1.072519662557e-04   -1.917159825098e-04    1.336670356977e-05    1.953831815626e-05    2.139950993296e-06    1.363713381579e-04
 156   -1.134156991611e-04   -1.073281673598e-04   -1.166109068436e-04   -1.993382174987e-04    1.377161242999e-05    2.090333509841e-05   -2.895667421399e-06    1.416910963599e-04
 157   -1.224834995810e-04   -1.095588522730e-04   -1.252609654330e-04   -2.060264087049e-04    1.420441640221e-05    2.171809319407e-05   -8.475941285724e-06    1.464374217903e-04
 158   -1.307516504312e-04   -1.109687727876e-04   -1.331914681941e-04   -2.115061215591e-04    1.384995994158e-05    2.178400427510e-05   -1.458891892980e-05    1.502122031525e-04
 159   -1.408877433278e-04   -1.130435703089e-04   -1.432475692127e-04   -2.171259111492e-04    1.479752609157e-05    2.197873800469e-05   -1.939845969900e-05    1.538941869512e-04
 160   -1.514475588920e-04   -1.159850871773e-04   -1.539926306577e-04   -2.240463072667e-04    1.573784174980e-05    2.282184505020e-05   -2.442922232149e-05    1.585676072864e-04
 161   -1.622140407562e-04   -1.189962786157e-04   -1.645593292778e-04   -2.322450163774e-04    1.642817005632e-05    2.420407508907e-05   -3.064845441259e-05    1.643802097533e-04
 162   -1.729913637973e-04   -1.216615055455e-04   -1.752124517225e-04   -2.409482985968e-04    1.670525125519e-05    2.537664113333e-05   -3.772321360884e-05    1.704680180410e-04
 163   -1.841663470259e-04   -1.236774551217e-04   -1.862081699073e-04   -2.492183994036e-04    1.674925260886e-05    2.606014095363e-05   -4.532179809758e-05    1.760057930369e-04
 164   -1.963293179870e-04   -1.270239008591e-04   -1.983258989640e-04   -2.584347384982e-04    1.685079223535e-05    2.770869832602e-05   -5.304799924488e-05    1.823418861022e-04
 165   -2.093199582305e-04   -1.303301687585e-04   -2.112132933689e-04   -2.671376278158e-04    1.689174678177e-05    2.986037907249e-05   -6.132673297543e-05    1.890215935418e-04
 166   -2.235310676042e-04   -1.336421555607e-04   -2.251988771604e-04   -2.759898779914e-04    1.726072696329e-05    3.194302553311e-05   -6.992161070229e-05    1.960765075637e-04
 167   -2.385873813182e-04   -1.362725888612e-04   -2.399733784841e-04   -2.846851130016e-04    1.795781645342e-05    3.321539406898e-05   -7.853321585571e-05    2.024758869084e-04
 168   -2.536752144806e-04   -1.384319039062e-04   -2.543488808442e-04   -2.934868389275e-04    1.887582948257e-05    3.414452658035e-05   -8.760793571128e-05    2.084216976073e-04
 169   -2.686014340725e-04   -1.412516721757e-04   -2.681082987692e-04   -3.027127240784e-04    1.956387313840e-05    3.611784268287e-05   -9.785799920792e-05    2.147348131984e-04
 170   -2.839473891072e-04   -1.434771693312e-04   -2.819536020979e-04   -3.111283585895e-04    1.926082222781e-05    3.803554500337e-05   -1.098815118894e-04    2.211551618529e-04
 171   -3.012154775206e-04   -1.457347534597e-04   -2.977162948810e-04   -3.195109893568e-04    1.925868127728e-05    3.988970274804e-05   -1.215065349243e-04    2.281778142788e-04
 172   -3.200827341061e-04   -1.479883794673e-04   -3.155062149744e-04   -3.280612581875e-04    1.972631980607e-05    4.156665090704e-05   -1.319911534665e-04    2.354366442887e-04
 173   -3.392912331037e-04   -1.508920249762e-04   -3.342436102685e-04   -3.375886881258e-04    2.053133357549e-05    4.403812636156e-05   -1.421415654477e-04    2.435326750856e-04
 174   -3.581651835702e-04   -1.548168947920e-04   -3.528672095854e-04   -3.483215987217e-04    2.132517511200e-05    4.791118408320e-05   -1.534299954074e-04    2.530290512368e-04
 175   -3.777702513617e-04   -1.578908850206e-04   -3.716973296832e-04   -3.588497929741e-04    2.156347909477e-05    5.145115574123e-05   -1.667305623414e-04    2.627552603371e-04
 176   -3.991284756921e-04   -1.598331728019e-04   -3.910581290256e-04   -3.690271987580e-04    2.194221451646e-05    5.390597289079e-05   -1.809157402022e-04    2.717424649745e-04
 177   -4.215260851197e-04   -1.617901289137e-04   -4.105914558750e-04   -3.796654928010e-04    2.276842496940e-05    5.645981582347e-05   -1.952482271008e-04    2.805811818689e-04
 178   -4.443515208550e-04   -1.637302193558e-04   -4.303456225898e-04   -3.900074225385e-04    2.404587758065e-05    5.952817446087e-05   -2.097612450598e-04    2.891303156503e-04
 179   -4.668600449804e-04   -1.661780843278e-04   -4.505423712544e-04   -4.006874805782e-04    2.454261084495e-05    6.342303822748e-05   -2.256283623865e-04    2.985901955981e-04
 180   -4.902913933620e-04   -1.677714026300e-04   -4.722685844172e-04   -4.113380273338e-04    2.458660492266e-05    6.668757851003e-05   -2.426027203910e-04    3.088456578553e-04
 181   -5.151199875399e-04   -1.683212176431e-04   -4.949002177455e-04   -4.221134877298e-04    2.445346763125e-05    6.898033461766e-05   -2.607871429063e-04    3.195115423296e-04
 182   -5.415129708126e-04   -1.692187506706e-04   -5.182221648283e-04   -4.336143319961e-04    2.425135789963e-05    7.194266800070e-05   -2.798214554787e-04    3.309159656055e-04
 183   -5.699621979147e-04   -1.709107891656e-04   -5.431208992377e-04   -4.454102891032e-04    2.539374509070e-05    7.585799176013e-05   -2.980346325785e-04    3.425794711802e-04
 184   -5.985116004013e-04   -1.721919834381e-04   -5.684381467290e-04   -4.566620336846e-04    2.595240948722e-05    7.963717507664e-05   -3.174688026775e-04    3.540554316714e-04
 185   -6.262232200243e-04   -1.728960342007e-04   -5.933952052146e-04   -4.680769634433e-04    2.529118319217e-05    8.260527829407e-05   -3.392051730771e-04    3.656466142274e-04
 186   -6.545602809638e-04   -1.736176927807e-04   -6.181176286191e-04   -4.804104682989e-04    2.380531441304e-05    8.599378634244e-05   -3.633172891568e-04    3.779068938456e-04
 187   -6.869169883430e-04   -1.748225913616e-04   -6.447963532992e-04   -4.933805321343e-04    2.403508915449e-05    9.113589476328e-05   -3.869376669172e-04    3.907680511475e-04
 188   -7.231308845803e-04   -1.761153544066e-04   -6.738913943991e-04   -5.062494310550e-04    2.642184335855e-05    9.751749894349e-05   -4.088586429134e-04    4.040759813506e-04
 189   -7.593840709887e-04   -1.768580405042e-04   -7.036413298920e-04   -5.182590684853e-04    2.847289215424e-05    1.031019564834e-04   -4.314715042710e-04    4.174537316430e-04
 190   -7.820852915756e-04   -1.756418496370e-04   -7.225950248539e-04   -5.266285734251e-04    2.546595533204e-05    1.060362847056e-04   -4.542002570815e-04    4.280880384613e-04
 191   -7.632502238266e-04   -1.732114324113e-04   -7.080779760145e-04   -5.300648044795e-04    1.577998227731e-05    1.079992798623e-04   -4.597896477208e-04    4.344634653535e-04
 192   -8.161077275872e-04   -1.712477387628e-04   -7.493963930756e-04   -5.419860826805e-04    1.763868749549e-05    1.123097972595e-04   -4.953379393555e-04    4.488288541324e-04
 193   -9.004120947793e-04   -1.736395643093e-04   -8.166289189830e-04   -5.638116854243e-04    2.551195393607e-05    1.216111922986e-04   -5.421112291515e-04    4.725847102236e-04
 194   -9.407809120603e-04   -1.728775969241e-04   -8.476638467982e-04   -5.734440055676e-04    2.698517891986e-05    1.281336299144e-04   -5.689078825526e-04    4.854102735408e-04
 195   -9.518758160993e-04   -1.626343582757e-04   -8.495837682858e-04   -5.521032144316e-04    2.839100852725e-05    1.273357629543e-04   -5.763691733591e-04    4.713490197901e-04
 196   -1.009511179291e-03   -1.645906304475e-04   -8.983483421616e-04   -5.804053507745e-04    2.604186556709e-05    1.348228979623e-04   -6.218369235285e-04    4.993096226826e-04
 197   -1.062645227648e-03   -1.659673289396e-04   -9.434561943635e-04   -6.100410828367e-04    2.315390702279e-05    1.429202384315e-04   -6.664652028121e-04    5.291628185660e-04
 198   -1.095223822631e-03   -1.679111155681e-04   -9.696286288090e-04   -6.323988782242e-04    1.994199919864e-05    1.512028829893e-04   -6.972200353630e-04    5.524638108909e-04
 199   -1.055275904946e-03   -1.649118348723e-04   -9.379724506289e-04   -6.346394657157e-04    8.594175596954e-06    1.549074804643e-04   -6.890574586578e-04    5.580537836067e-04
 200   -1.076909946278e-03   -1.603351556696e-04   -9.534647106193e-04   -6.365861627273e-04    6.716159077769e-06    1.585741119925e-04   -7.086606929079e-04    5.642721662298e-04
 201   -1.183995511383e-03   -1.553372421768e-04   -1.032186788507e-03   -6.433607777581e-04    1.595139292476e-05    1.640002010390e-04   -7.704272866249e-04    5.760916974396e-04
 202   -1.243306323886e-03   -1.487770496169e-04   -1.074949977919e-03   -6.491611129604e-04    1.801949656510e-05    1.693101949058e-04   -8.120482671075e-04    5.877100629732e-04
 203   -1.291233580559e-03   -1.456250320189e-04   -1.107335207053e-03   -6.589784170501e-04    1.739387880662e-05    1.762632891769e-04   -8.499401737936e-04    6.017955602147e-04
 204   -1.404068316333e-03   -1.480173523305e-04   -1.192973344587e-03   -6.971082184464e-04    2.146988299501e-05    1.921137009049e-04   -9.226268157363e-04    6.455328548327e-04
 205   -1.438876846805e-03   -1.371734833810e-04   -1.209447858855e-03   -6.853295490146e-04    2.470936306054e-05    1.936096377904e-04   -9.454415994696e-04    6.424385937862e-04
 206   -1.538699725643e-03   -1.370658865198e-04   -1.286371960305e-03   -7.254726951942e-04    2.342520747334e-05    2.087122556986e-04   -1.020784606226e-03    6.883817841299e-04
 207   -1.567484810948e-03   -1.264107122552e-04   -1.297463430092e-03   -7.111433660612e-04    2.091419264616e-05    2.103506267304e-04   -1.048861769959e-03    6.841417052783e-04
 208   -1.651998376474e-03   -1.286874612560e-04   -1.362359616905e-03   -7.503631641157e-04    1.559453448863e-05    2.254536229884e-04   -1.117752050050e-03    7.268537301570e-04
 209   -1.724081463180e-03   -1.274273527088e-04   -1.412536948919e-03   -7.772960234433e-04    1.219889509230e-05    2.364086685702e-04   -1.175993122160e-03    7.585869170725e-04
 210   -1.816510222852e-03   -1.214263975271e-04   -1.477870042436e-03   -8.092257776298e-04    1.164604691439e-05    2.485864679329e-04   -1.248117885552e-03    7.975551998243e-04
 211   -1.885156496428e-03   -1.129133524955e-04   -1.521319034509e-03   -8.208723738790e-04    1.063754370989e-05    2.584488829598e-04   -1.304220175371e-03    8.188245701604e-04
 212   -1.957384170964e-03   -1.069290956366e-04   -1.569290761836e-03   -8.385505643673e-04    8.140740646922e-06    2.709883556236e-04   -1.362934592180e-03    8.458811207674e-04
 213   -2.033730270341e-03   -1.013719374896e-04   -1.619673217647e-03   -8.586327894591e-04    6.904544989084e-06    2.817895438056e-04   -1.420559827238e-03    8.747864048928e-04
 214   -2.111454028636e-03   -9.224904351868e-05   -1.667782547884e-03   -8.733868598938e-04    7.090213784977e-06    2.889192837756e-04   -1.477537676692e-03    8.993941009976e-04
 215   -2.189774764702e-03   -8.097843965515e-05   -1.714577316307e-03   -8.830038714223e-04    7.212992841232e-06    2.964632876683e-04   -1.536460709758e-03    9.202363435179e-04
 216   -2.272481331602e-03   -7.101236406015e-05   -1.766283181496e-03   -8.936062222347e-04    6.719717021042e-06    3.077933215536e-04   -1.597319031134e-03    9.425954194739e-04
 217   -2.359848236665e-03   -6.469983054558e-05   -1.821732497774e-03   -9.108618833125e-04    5.711134235753e-06    3.218890051357e-04   -1.660117413849e-03    9.705721749924e-04
 218   -2.448613755405e-03   -5.904944555368e-05   -1.875040470622e-03   -9.330569300801e-04    4.057012574776e-06    3.352681233082e-04   -1.726635033265e-03    1.002934528515e-03
 219   -2.535474486649e-03   -5.103981675347e-05   -1.923488802277e-03   -9.547548834234e-04    1.667603100941e-06    3.471163217910e-04   -1.797785167582e-03    1.035370980389e-03
 220   -2.624165266752e-03   -3.920567542082e-05   -1.972845755517e-03   -9.708178695291e-04   -1.217931355768e-07    3.585524100345e-04   -1.870786421932e-03    1.064211130142e-03
 221   -2.719806740060e-03   -2.549678538344e-05   -2.027541631833e-03   -9.826022433117e-04    7.900369496383e-07    3.704213886522e-04   -1.941389753483e-03    1.089985482395e-03
 222   -2.819579327479e-03   -1.385119321640e-05   -2.083043800667e-03   -9.964153869078e-04    1.932830173246e-06    3.824916202575e-04   -2.011992037296e-03    1.115899882279e-03
 223   -2.917696489021e-03   -4.202947366139e-06   -2.133743138984e-03   -1.015222747810e-03   -1.432909584764e-06    3.946056822315e-04   -2.089319983497e-03    1.144765177742e-03
 224   -3.014176618308e-03    6.078882051952e-06   -2.181510906667e-03   -1.036277040839e-03   -8.190626431315e-06    4.061783547513e-04   -2.173441229388e-03    1.175607088953e-03
 225   -3.116934793070e-03    1.863791476353e-05   -2.232857048512e-03   -1.053889398463e-03   -1.163643628388e-05    4.181337135378e-04   -2.256976440549e-03    1.205318723805e-03
 226   -3.226235276088e-03    3.205136090401e-05   -2.289182506502e-03   -1.068535144441e-03   -1.003281522571e-05    4.297137784306e-04   -2.334069460630e-03    1.232632901520e-03
 227   -3.337048226967e-03    4.300146611058e-05   -2.346778288484e-03   -1.086905365810e-03   -1.167574737337e-05    4.431490378920e-04   -2.413416979834e-03    1.262778067030e-03
 228   -3.446187824011e-03    5.258223609417e-05   -2.401209902018e-03   -1.109702978283e-03   -2.045500696113e-05    4.580775566865e-04   -2.505057258531e-03    1.296833739616e-03
 229   -3.555051516742e-03    6.495055276901e-05   -2.452073153108e-03   -1.132031437010e-03   -3.016156551894e-05    4.718797281384e-04   -2.604346256703e-03    1.331426552497e-03
 230   -3.667969489470e-03    8.003073889995e-05   -2.502048853785e-03   -1.151498057880e-03   -3.390922938706e-05    4.849958058912e-04   -2.700751414523e-03    1.364125288092e-03
 231   -3.787022782490e-03    9.589095134288e-05   -2.554845064878e-03   -1.169290393591e-03   -3.506232314976e-05    4.987895954400e-04   -2.792955143377e-03    1.394705031998e-03
 232   -3.911949228495e-03    1.106724739657e-04   -2.611350733787e-03   -1.188448863104e-03   -3.927984653274e-05    5.142716690898e-04   -2.888263901696e-03    1.425669994205e-03
 233   -4.039819352329e-03    1.256767864106e-04   -2.668983303010e-03   -1.207992667332e-03   -4.773107866640e-05    5.293931462802e-04   -2.991876332089e-03    1.457411679439e-03
 234   -4.168277140707e-03    1.416084851371e-04   -2.725677564740e-03   -1.227848115377e-03   -5.660715396516e-05    5.425855633803e-04   -3.100651083514e-03    1.490836846642e-03
 235   -4.297944251448e-03    1.561720273457e-04   -2.782320138067e-03   -1.250891946256e-03   -6.288428266998e-05    5.552374641411e-04   -3.207993693650e-03    1.526326988824e-03
 236   -4.433393012732e-03    1.682870206423e-04   -2.840411616489e-03   -1.277835574001e-03   -6.903969915584e-05    5.702071939595e-04   -3.315968904644e-03    1.563496189192e-03
 237   -4.574168939143e-03    1.786285429262e-04   -2.899558516219e-03   -1.307476661168e-03   -7.783833279973e-05    5.871710600331e-04   -3.428757190704e-03    1.600291696377e-03
 238   -4.716255236417e-03    1.901785435621e-04   -2.957983408123e-03   -1.336000161245e-03   -8.962641732069e-05    6.040317239240e-04   -3.548005362973e-03    1.635195105337e-03
 239   -4.859206732363e-03    2.035125216935e-04   -3.015561494976e-03   -1.362455775961e-03   -1.009015322779e-04    6.194597226568e-04   -3.669446334243e-03    1.668931916356e-03
 240   -5.007256753743e-03    2.162448508898e-04   -3.072259016335e-03   -1.389827812091e-03   -1.091935046134e-04    6.348327733576e-04   -3.790190909058e-03    1.703598303720e-03
 241   -5.163106136024e-03    2.266144147143e-04   -3.128083655611e-03   -1.422820496373e-03   -1.170661125798e-04    6.513363332488e-04   -3.913469146937e-03    1.739968196489e-03
 242   -5.320549476892e-03    2.343679952901e-04   -3.179327584803e-03   -1.465596491471e-03   -1.294327521464e-04    6.687780260108e-04   -4.044993314892e-03    1.777284662239e-03
 243   -5.478328559548e-03    2.416927309241e-04   -3.227292560041e-03   -1.512910472229e-03   -1.460927742301e-04    6.859441054985e-04   -4.185623023659e-03    1.813366659917e-03
 244   -5.642370786518e-03    2.511706552468e-04   -3.278314601630e-03   -1.556884613819e-03   -1.629088510526e-04    7.021737401374e-04   -4.330728668720e-03    1.848924439400e-03
 245   -5.819331388921e-03    2.624563931022e-04   -3.335986752063e-03   -1.597975147888e-03   -1.779687881935e-04    7.192392367870e-04   -4.478695336729e-03    1.886423910037e-03
 246   -6.007534451783e-03    2.715464215726e-04   -3.394372062758e-03   -1.649875892326e-03   -1.948762801476e-04    7.384799537249e-04   -4.633578471839e-03    1.926621422172e-03
 247   -6.199790630490e-03    2.756951143965e-04   -3.443769412115e-03   -1.723173656501e-03   -2.187039644923e-04    7.579206721857e-04   -4.801015835255e-03    1.966130919755e-03
 248   -6.391173694283e-03    2.766010584310e-04   -3.482627449557e-03   -1.805976964533e-03   -2.498553658370e-04    7.737071136944e-04   -4.979431629181e-03    1.998963067308e-03
 249   -6.586602889001e-03    2.767146506812e-04   -3.518195590004e-03   -1.878187758848e-03   -2.848358999472e-04    7.843853672966e-04   -5.162212997675e-03    2.021885942668e-03
 250   -6.797966081649e-03    2.695531584322e-04   -3.548891283572e-03   -1.953578088433e-03   -3.244609397370e-04    7.922782097012e-04   -5.354512017220e-03    2.038332400844e-03
 251   -7.032517809421e-03    2.413742913632e-04   -3.557670628652e-03   -2.081895014271e-03   -3.806175664067e-04    7.977571804076e-04   -5.577456206083e-03    2.053302712739e-03
 252   -7.287109736353e-03    1.876791793620e-04   -3.530741669238e-03   -2.284146612510e-03   -4.631440097000e-04    7.950324215926e-04   -5.844416562468e-03    2.058624755591e-03
