   0   -0.000000000000e+00    0.000000000000e+00   -0.000000000000e+00    0.000000000000e+00   -0.000000000000e+00    0.000000000000e+00   -0.000000000000e+00    0.000000000000e+00
   1   -0.000000000000e+00    0.000000000000e+00   -0.000000000000e+00    0.000000000000e+00   -0.000000000000e+00    0.000000000000e+00   -0.000000000000e+00    0.000000000000e+00
   2   -0.000000000000e+00    0.000000000000e+00   -0.000000000000e+00    0.000000000000e+00   -0.000000000000e+00    0.000000000000e+00   -0.000000000000e+00    0.000000000000e+00
   3   -0.000000000000e+00    0.000000000000e+00   -0.000000000000e+00    0.000000000000e+00   -0.000000000000e+00    0.000000000000e+00   -0.000000000000e+00    0.000000000000e+00
   4   -0.000000000000e+00    0.000000000000e+00   -0.000000000000e+00    0.000000000000e+00   -0.000000000000e+00    0.000000000000e+00   -0.000000000000e+00    0.000000000000e+00
   5   -3.549880141834e-15    0.000000000000e+00    2.744366843830e-15   -3.919168507386e-16    2.744366843830e-15    3.919168507386e-16   -1.947915527812e-15    0.000000000000e+00
   6    7.447606539556e-16    0.000000000000e+00   -8.043491570971e-16   -2.811869864012e-16   -8.043491570971e-16    2.811869864012e-16    8.163223913231e-16    0.000000000000e+00
   7   -0.000000000000e+00    0.000000000000e+00   -0.000000000000e+00    0.000000000000e+00   -0.000000000000e+00    0.000000000000e+00   -0.000000000000e+00    0.000000000000e+00
   8   -0.000000000000e+00    0.000000000000e+00   -0.000000000000e+00    0.000000000000e+00   -0.000000000000e+00    0.000000000000e+00   -0.000000000000e+00    0.000000000000e+00
   9   -0.000000000000e+00    0.000000000000e+00   -0.000000000000e+00    0.000000000000e+00   -0.000000000000e+00    0.000000000000e+00   -0.000000000000e+00    0.000000000000e+00
  10   -0.000000000000e+00    0.000000000000e+00   -0.000000000000e+00    0.000000000000e+00   -0.000000000000e+00    0.000000000000e+00   -0.000000000000e+00    0.000000000000e+00
  11   -2.302494954477e-15    0.000000000000e+00    1.693653177705e-15    3.660076745991e-16    1.693653177705e-15   -3.660076745991e-16   -1.192735150995e-15    0.000000000000e+00
  12   -4.479625644629e-15    0.000000000000e+00    3.304023111421e-15    8.532650451033e-16    3.304023111421e-15   -8.532650451033e-16   -2.353033175275e-15    0.000000000000e+00
  13   -0.000000000000e+00    0.000000000000e+00   -0.000000000000e+00    0.000000000000e+00   -0.000000000000e+00    0.000000000000e+00   -0.000000000000e+00    0.000000000000e+00
  14   -6.152804977208e-15    0.000000000000e+00    5.211906803354e-15    5.819547805045e-16    5.211906803354e-15   -5.819547805045e-16   -4.436163113556e-15    0.000000000000e+00
  15   -1.077646984507e-14    0.000000000000e+00    8.934695804117e-15    1.695821158534e-15    8.934695804117e-15   -1.695821158534e-15   -7.469360992619e-15    0.000000000000e+00
  16   -1.043186041971e-14    0.000000000000e+00    7.693217401019e-15    2.519409927874e-15    7.693217401019e-15   -2.519409927874e-15   -5.555344358631e-15    0.000000000000e+00
  17   -2.131383075945e-14    0.000000000000e+00    1.657874209551e-14    4.540767447377e-15    1.657874209551e-14   -4.540767447377e-15   -1.289645948084e-14    0.000000000000e+00
  18   -1.860987628105e-14    0.000000000000e+00    1.478049792476e-14    4.372983773053e-15    1.478049792476e-14   -4.372983773053e-15   -1.181681265154e-14    0.000000000000e+00
  19   -1.982974772070e-14    0.000000000000e+00    1.519548985880e-14    4.907373471344e-15    1.519548985880e-14   -4.907373471344e-15   -1.165358347338e-14    0.000000000000e+00
  20   -2.727271431965e-14    0.000000000000e+00    2.077272408989e-14    7.037508444242e-15    2.077272408989e-14   -7.037508444242e-15   -1.561453061034e-14    0.000000000000e+00
  21   -4.321516018299e-14    0.000000000000e+00    3.577026912518e-14    7.700608610516e-15    3.577026912518e-14   -7.700608610516e-15   -2.907295579410e-14    0.000000000000e+00
  22   -3.471832874359e-14    0.000000000000e+00    2.865151963339e-14    6.015312895144e-15    2.865151963339e-14   -6.015312895144e-15   -2.326540652839e-14    0.000000000000e+00
  23   -3.490300903115e-14    0.000000000000e+00    3.150968323610e-14    4.848376779535e-15    3.150968323610e-14   -4.848376779535e-15   -2.789723171166e-14    0.000000000000e+00
  24   -2.727627016396e-14    0.000000000000e+00    2.853424283964e-14    5.562329839347e-15    2.853424283964e-14   -5.562329839347e-15   -2.815856678688e-14    0.000000000000e+00
  25   -4.943292072879e-14    0.000000000000e+00    4.315940508627e-14    5.707844170455e-15    4.315940508627e-14   -5.707844170455e-15   -3.634635317327e-14    0.000000000000e+00
  26   -3.543504397785e-14    0.000000000000e+00    2.995945370043e-14    6.849339651493e-15    2.995945370043e-14   -6.849339651493e-15   -2.497804107917e-14    0.000000000000e+00
  27   -1.050082330117e-13    0.000000000000e+00    5.451100522033e-14    3.345231264305e-15    5.451100522033e-14   -3.345231264305e-15   -1.701126252937e-14    0.000000000000e+00
  28   -5.166218608509e-14    0.000000000000e+00    4.564580931656e-14    1.385257671917e-14    4.564580931656e-14   -1.385257671917e-14   -3.920753898954e-14    0.000000000000e+00
  29   -4.287816981899e-14    0.000000000000e+00    3.786492061737e-14    7.474845530953e-15    3.786492061737e-14   -7.474845530953e-15   -3.195237992379e-14    0.000000000000e+00
  30   -1.455727086184e-13    0.000000000000e+00    4.745593566551e-14    4.984280674823e-15    4.745593566551e-14   -4.984280674823e-15    1.275605106434e-14    0.000000000000e+00
  31   -1.011083374685e-13    0.000000000000e+00    9.821075972870e-14   -2.989091179434e-15    9.821075972870e-14    2.989091179434e-15   -8.749651800614e-14    0.000000000000e+00
  32   -9.563443786886e-14    0.000000000000e+00    6.605959811286e-14   -4.269300164046e-17    6.605959811286e-14    4.269300164046e-17   -4.213044979074e-14    0.000000000000e+00
  33    8.305822121659e-15    0.000000000000e+00   -2.590555570894e-14    8.145475396612e-15   -2.590555570894e-14   -8.145475396612e-15    3.630869747657e-14    0.000000000000e+00
  34   -1.174238793223e-13    0.000000000000e+00    9.082101390390e-14    6.287232070552e-15    9.082101390390e-14   -6.287232070552e-15   -6.888535423501e-14    0.000000000000e+00
  35   -3.176336621567e-14    0.000000000000e+00    7.072714945178e-15    8.218577728092e-15    7.072714945178e-15   -8.218577728092e-15    6.266986712564e-15    0.000000000000e+00
  36   -8.169550105852e-14    0.000000000000e+00   -8.856850935166e-15   -1.601358477245e-14   -8.856850935166e-15    1.601358477245e-14    5.560265789462e-14    0.000000000000e+00
  37    1.907557906121e-13    0.000000000000e+00   -3.102851634483e-13   -1.923092761424e-14   -3.102851634483e-13    1.923092761424e-14    3.504459092710e-13    0.000000000000e+00
  38    2.922391061783e-14    0.000000000000e+00   -9.883397268998e-14    2.191107538463e-14   -9.883397268998e-14   -2.191107538463e-14    1.306716372476e-13    0.000000000000e+00
  39    1.806890276507e-13    0.000000000000e+00   -2.546445042675e-13    4.997776281365e-14   -2.546445042675e-13   -4.997776281365e-14    2.826011722811e-13    0.000000000000e+00
  40    1.593622694744e-14    0.000000000000e+00   -7.498609209695e-14    6.903357822451e-14   -7.498609209695e-14   -6.903357822451e-14    1.076665747659e-13    0.000000000000e+00
  41    2.351565394233e-14    0.000000000000e+00   -1.030939656560e-13    4.318919354096e-14   -1.030939656560e-13   -4.318919354096e-14    1.438459269233e-13    0.000000000000e+00
  42    6.034363004941e-14    0.000000000000e+00   -2.055407439302e-14    9.218771850495e-14   -2.055407439302e-14   -9.218771850495e-14    4.836138000480e-15    0.000000000000e+00
  43    2.004557679786e-14    0.000000000000e+00   -5.604995227714e-14    1.310354412866e-13   -5.604995227714e-14   -1.310354412866e-13    8.330845507800e-14    0.000000000000e+00
  44    3.204108799029e-14    0.000000000000e+00   -1.286224138265e-13    1.703475820689e-13   -1.286224138265e-13   -1.703475820689e-13    1.920783681848e-13    0.000000000000e+00
  45    4.231325847429e-13    0.000000000000e+00   -4.256741985807e-13    3.627844010444e-13   -4.256741985807e-13   -3.627844010444e-13    4.370808727970e-13    0.000000000000e+00
  46    4.506196847956e-13    0.000000000000e+00   -4.560764743297e-13    2.459309340376e-13   -4.560764743297e-13   -2.459309340376e-13    4.628487805698e-13    0.000000000000e+00
  47    2.256617879755e-13    0.000000000000e+00   -2.987298722192e-13    2.030393675455e-13   -2.987298722192e-13   -2.030393675455e-13    3.442865567291e-13    0.000000000000e+00
  48   -5.608827204767e-14    0.000000000000e+00   -4.948136084898e-14    4.661056696859e-13   -4.948136084898e-14   -4.661056696859e-13    1.813159811095e-13    0.000000000000e+00
  49    5.084710864162e-13    0.000000000000e+00   -5.031641336223e-13    2.852185447457e-13   -5.031641336223e-13   -2.852185447457e-13    5.094024160823e-13    0.000000000000e+00
  50    5.841275813739e-13    0.000000000000e+00   -4.954943248238e-13    3.417265114544e-13   -4.954943248238e-13   -3.417265114544e-13    4.722130889437e-13    0.000000000000e+00
  51    3.972983780073e-13    0.000000000000e+00   -3.810523673941e-13    3.385845477686e-13   -3.810523673941e-13   -3.385845477686e-13    3.948556434076e-13    0.000000000000e+00
  52    5.087383422517e-13    0.000000000000e+00   -1.436063724533e-13    6.690928193442e-13   -1.436063724533e-13   -6.690928193442e-13    1.057752924962e-13    0.000000000000e+00
  53    6.103259716193e-13    0.000000000000e+00   -1.130652781687e-13    1.638466055540e-12   -1.130652781687e-13   -1.638466055540e-12    2.586531249599e-13    0.000000000000e+00
  54    4.439243026996e-13    0.000000000000e+00   -6.203756041864e-13    4.612772837309e-13   -6.203756041864e-13   -4.612772837309e-13    7.292016383081e-13    0.000000000000e+00
  55    4.951465669770e-13    0.000000000000e+00   -7.199584353169e-13    4.713928357901e-13   -7.199584353169e-13   -4.713928357901e-13    8.246401066343e-13    0.000000000000e+00
  56    1.135187104907e-12    0.000000000000e+00   -9.028255573695e-13    6.056234073265e-13   -9.028255573695e-13   -6.056234073265e-13    8.878386307393e-13    0.000000000000e+00
  57    1.296062432724e-12    0.000000000000e+00   -1.088159293575e-12    6.289307724790e-13   -1.088159293575e-12   -6.289307724790e-13    1.053282027569e-12    0.000000000000e+00
  58    1.057096684492e-12    0.000000000000e+00   -9.053596631073e-13    5.863008646287e-13   -9.053596631073e-13   -5.863008646287e-13    8.829487163110e-13    0.000000000000e+00
  59    1.004583894369e-12    0.000000000000e+00   -8.367334060864e-13    6.030727132955e-13   -8.367334060864e-13   -6.030727132955e-13    8.422626203257e-13    0.000000000000e+00
  60    1.025210407020e-12    0.000000000000e+00   -7.875298720442e-13    6.282172590293e-13   -7.875298720442e-13   -6.282172590293e-13    7.866875011663e-13    0.000000000000e+00
  61    8.269704907839e-13    0.000000000000e+00   -6.197968570668e-13    6.074888855845e-13   -6.197968570668e-13   -6.074888855845e-13    6.423435459750e-13    0.000000000000e+00
  62    7.389549042114e-13    0.000000000000e+00   -5.431126468697e-13    7.070022735658e-13   -5.431126468697e-13   -7.070022735658e-13    6.249484978994e-13    0.000000000000e+00
  63    7.785921430151e-13    0.000000000000e+00   -5.165630835406e-13    6.979026731524e-13   -5.165630835406e-13   -6.979026731524e-13    5.850077366976e-13    0.000000000000e+00
  64    5.436152287867e-13    0.000000000000e+00   -3.650552082846e-13    6.560042765079e-13   -3.650552082846e-13   -6.560042765079e-13    4.512364874115e-13    0.000000000000e+00
  65    4.922944647420e-13    0.000000000000e+00   -2.134867125745e-13    7.510729234730e-13   -2.134867125745e-13   -7.510729234730e-13    3.315411096702e-13    0.000000000000e+00
  66    3.567072852373e-13    0.000000000000e+00   -8.562810562603e-14    6.857168912550e-13   -8.562810562603e-14   -6.857168912550e-13    2.201733261854e-13    0.000000000000e+00
  67    1.763018171123e-13    0.000000000000e+00   -3.196719961223e-14    8.159298974311e-13   -3.196719961223e-14   -8.159298974311e-13    2.608263268995e-13    0.000000000000e+00
  68   -1.073793831630e-14    0.000000000000e+00    1.139299565063e-13    7.015586028780e-13    1.139299565063e-13   -7.015586028780e-13    8.787420660919e-14    0.000000000000e+00
  69   -1.369727627761e-13    0.000000000000e+00    2.252344361367e-13    6.701781057189e-13    2.252344361367e-13   -6.701781057189e-13   -2.712007051223e-14    0.000000000000e+00
  70   -4.032953712738e-13    0.000000000000e+00    3.099086742439e-13    7.576115299349e-13    3.099086742439e-13   -7.576115299349e-13   -3.040444415334e-14    0.000000000000e+00
  71   -5.772150335828e-13    0.000000000000e+00    2.900792399254e-13    4.537620008471e-13    2.900792399254e-13   -4.537620008471e-13   -1.490131802673e-13    0.000000000000e+00
  72   -4.935847737475e-13    0.000000000000e+00    5.122427005136e-13    5.575576892541e-13    5.122427005136e-13   -5.575576892541e-13   -3.197050371835e-13    0.000000000000e+00
  73   -7.460038988459e-13    0.000000000000e+00    6.153551518166e-13    6.233205141273e-13    6.153551518166e-13   -6.233205141273e-13   -3.421325722730e-13    0.000000000000e+00
  74   -1.025456195652e-12    0.000000000000e+00    7.638042759037e-13    7.625422645749e-13    7.638042759037e-13   -7.625422645749e-13   -3.688057346497e-13    0.000000000000e+00
  75   -9.149254704549e-13    0.000000000000e+00    6.206014434990e-13    5.215796327826e-13    6.206014434990e-13   -5.215796327826e-13   -3.725863476252e-13    0.000000000000e+00
  76   -1.047410097023e-12    0.000000000000e+00    7.472068211563e-13    4.187703515120e-13    7.472068211563e-13   -4.187703515120e-13   -5.207153610208e-13    0.000000000000e+00
  77   -1.056154404384e-12    0.000000000000e+00    7.819027543488e-13    3.995753923049e-13    7.819027543488e-13   -3.995753923049e-13   -5.693342932517e-13    0.000000000000e+00
  78   -1.267496415984e-12    0.000000000000e+00    1.075269756047e-12    3.434143160813e-13    1.075269756047e-12   -3.434143160813e-13   -8.316808613323e-13    0.000000000000e+00
  79   -1.740442425596e-12    0.000000000000e+00    1.173399268375e-12    4.123270193161e-13    1.173399268375e-12   -4.123270193161e-13   -8.249291549335e-13    0.000000000000e+00
  80   -1.711996863718e-12    0.000000000000e+00    1.178790572098e-12    1.908808397802e-13    1.178790572098e-12   -1.908808397802e-13   -9.623330778086e-13    0.000000000000e+00
  81   -1.676784904502e-12    0.000000000000e+00    1.245782340134e-12    9.278455824838e-14    1.245782340134e-12   -9.278455824838e-14   -1.104087632951e-12    0.000000000000e+00
  82   -2.115867593980e-12    0.000000000000e+00    1.367018260742e-12    2.694365997674e-13    1.367018260742e-12   -2.694365997674e-13   -1.066387104488e-12    0.000000000000e+00
  83   -2.197596488465e-12    0.000000000000e+00    1.386250923080e-12    1.453415296102e-13    1.386250923080e-12   -1.453415296102e-13   -1.113511192974e-12    0.000000000000e+00
  84   -2.367970619935e-12    0.000000000000e+00    1.505212079110e-12   -6.795955399992e-14    1.505212079110e-12    6.795955399992e-14   -1.341484649059e-12    0.000000000000e+00
  85   -2.472739027426e-12    0.000000000000e+00    1.572389570978e-12   -1.292413170841e-13    1.572389570978e-12    1.292413170841e-13   -1.448126991585e-12    0.000000000000e+00
  86   -2.481394213369e-12    0.000000000000e+00    1.547300482185e-12   -1.301432377664e-13    1.547300482185e-12    1.301432377664e-13   -1.455301157360e-12    0.000000000000e+00
  87   -2.603109351337e-12    0.000000000000e+00    1.620654673830e-12   -2.146586673604e-13    1.620654673830e-12    2.146586673604e-13   -1.564796903164e-12    0.000000000000e+00
  88   -2.749077007702e-12    0.000000000000e+00    1.706175240153e-12   -3.742105637947e-13    1.706175240153e-12    3.742105637947e-13   -1.714004372461e-12    0.000000000000e+00
  89   -2.812844792158e-12    0.000000000000e+00    1.829634534156e-12   -3.540908885546e-13    1.829634534156e-12    3.540908885546e-13   -1.768490193697e-12    0.000000000000e+00
  90   -3.126974373879e-12    0.000000000000e+00    1.922892617703e-12   -5.075474545854e-13    1.922892617703e-12    5.075474545854e-13   -1.957834285318e-12    0.000000000000e+00
  91   -3.123682736084e-12    0.000000000000e+00    1.921722329878e-12   -5.570529931428e-13    1.921722329878e-12    5.570529931428e-13   -2.007559049555e-12    0.000000000000e+00
  92   -3.119710002483e-12    0.000000000000e+00    1.827296994272e-12   -6.314098549565e-13    1.827296994272e-12    6.314098549565e-13   -1.956533676392e-12    0.000000000000e+00
  93   -3.116967621508e-12    0.000000000000e+00    1.857814466502e-12   -7.080240256932e-13    1.857814466502e-12    7.080240256932e-13   -2.087459328656e-12    0.000000000000e+00
  94   -3.143120529472e-12    0.000000000000e+00    1.945090789823e-12   -7.802778063427e-13    1.945090789823e-12    7.802778063427e-13   -2.234223006256e-12    0.000000000000e+00
  95   -3.236188227118e-12    0.000000000000e+00    2.065611136998e-12   -8.595380809016e-13    2.065611136998e-12    8.595380809016e-13   -2.391453354789e-12    0.000000000000e+00
  96   -3.311044797713e-12    0.000000000000e+00    2.127872097274e-12   -9.373286652056e-13    2.127872097274e-12    9.373286652056e-13   -2.493974644857e-12    0.000000000000e+00
  97   -4.044911974810e-12    0.000000000000e+00    2.263893282908e-12   -7.876064709277e-13    2.263893282908e-12    7.876064709277e-13   -2.038808141411e-12    0.000000000000e+00
  98   -3.378293304823e-12    0.000000000000e+00    2.102398116710e-12   -1.041079006857e-12    2.102398116710e-12    1.041079006857e-12   -2.552496625521e-12    0.000000000000e+00
  99   -3.354391417409e-12    0.000000000000e+00    2.104212203785e-12   -1.040095201806e-12    2.104212203785e-12    1.040095201806e-12   -2.584683552256e-12    0.000000000000e+00
 100   -3.384605529871e-12    0.000000000000e+00    2.132277644382e-12   -1.122956762301e-12    2.132277644382e-12    1.122956762301e-12   -2.675685627923e-12    0.000000000000e+00
 101   -3.367082654360e-12    0.000000000000e+00    2.163858935783e-12   -1.244866839820e-12    2.163858935783e-12    1.244866839820e-12   -2.805577818676e-12    0.000000000000e+00
 102   -3.317942925615e-12    0.000000000000e+00    2.076736786011e-12   -1.287280178286e-12    2.076736786011e-12    1.287280178286e-12   -2.790260860905e-12    0.000000000000e+00
 103   -3.331279913379e-12    0.000000000000e+00    2.084536970121e-12   -1.277710034130e-12    2.084536970121e-12    1.277710034130e-12   -2.792660200313e-12    0.000000000000e+00
 104   -3.344486146362e-12    0.000000000000e+00    2.107541138135e-12   -1.292871300469e-12    2.107541138135e-12    1.292871300469e-12   -2.828802513413e-12    0.000000000000e+00
 105   -3.287906405469e-12    0.000000000000e+00    2.071782849444e-12   -1.395593493200e-12    2.071782849444e-12    1.395593493200e-12   -2.936132023276e-12    0.000000000000e+00
 106   -3.239922436241e-12    0.000000000000e+00    1.978264774216e-12   -1.444778758436e-12    1.978264774216e-12    1.444778758436e-12   -2.929872273613e-12    0.000000000000e+00
 107   -3.122204751682e-12    0.000000000000e+00    1.894413662398e-12   -1.434893219868e-12    1.894413662398e-12    1.434893219868e-12   -2.867990567257e-12    0.000000000000e+00
 108   -2.889544506446e-12    0.000000000000e+00    1.797507130120e-12   -1.275263206667e-12    1.797507130120e-12    1.275263206667e-12   -2.777714256524e-12    0.000000000000e+00
 109   -2.783209426815e-12    0.000000000000e+00    1.737432029844e-12   -1.298579733328e-12    1.737432029844e-12    1.298579733328e-12   -2.797195634840e-12    0.000000000000e+00
 110   -2.686763572041e-12    0.000000000000e+00    1.700592357906e-12   -1.366001712785e-12    1.700592357906e-12    1.366001712785e-12   -2.873506771070e-12    0.000000000000e+00
 111   -2.663181307427e-12    0.000000000000e+00    1.710617650134e-12   -1.445587356416e-12    1.710617650134e-12    1.445587356416e-12   -2.944217786238e-12    0.000000000000e+00
 112   -2.553334280120e-12    0.000000000000e+00    1.681170502289e-12   -1.448177623826e-12    1.681170502289e-12    1.448177623826e-12   -2.948443138945e-12    0.000000000000e+00
 113   -2.432651085779e-12    0.000000000000e+00    1.614179059514e-12   -1.409102001748e-12    1.614179059514e-12    1.409102001748e-12   -2.885028804397e-12    0.000000000000e+00
 114   -2.288313418961e-12    0.000000000000e+00    1.544897456490e-12   -1.395245897984e-12    1.544897456490e-12    1.395245897984e-12   -2.900492129462e-12    0.000000000000e+00
 115   -2.130135044048e-12    0.000000000000e+00    1.473954313637e-12   -1.405061830773e-12    1.473954313637e-12    1.405061830773e-12   -2.918761152909e-12    0.000000000000e+00
 116   -1.947860059012e-12    0.000000000000e+00    1.399640603070e-12   -1.397756259694e-12    1.399640603070e-12    1.397756259694e-12   -2.905562943023e-12    0.000000000000e+00
 117   -1.826989731377e-12    0.000000000000e+00    1.316275213825e-12   -1.348156395548e-12    1.316275213825e-12    1.348156395548e-12   -2.846756034028e-12    0.000000000000e+00
 118   -1.708050367810e-12    0.000000000000e+00    1.240070546249e-12   -1.297506915278e-12    1.240070546249e-12    1.297506915278e-12   -2.798597291409e-12    0.000000000000e+00
 119   -1.641117580373e-12    0.000000000000e+00    1.152930940822e-12   -1.296442770846e-12    1.152930940822e-12    1.296442770846e-12   -2.787506336865e-12    0.000000000000e+00
 120   -1.499155834195e-12    0.000000000000e+00    1.116269078040e-12   -1.328691171844e-12    1.116269078040e-12    1.328691171844e-12   -2.821279234538e-12    0.000000000000e+00
 121   -1.460014726305e-12    0.000000000000e+00    1.104446937551e-12   -1.575687930827e-12    1.104446937551e-12    1.575687930827e-12   -3.036117581304e-12    0.000000000000e+00
 122   -1.294972159019e-12    0.000000000000e+00    9.966012390339e-13   -1.558093714812e-12    9.966012390339e-13    1.558093714812e-12   -2.983903922560e-12    0.000000000000e+00
 123   -1.091052378652e-12    0.000000000000e+00    9.058784538468e-13   -1.527971000594e-12    9.058784538468e-13    1.527971000594e-12   -2.948185315668e-12    0.000000000000e+00
 124   -9.357115776654e-13    0.000000000000e+00    8.544527932419e-13   -1.482902559427e-12    8.544527932419e-13    1.482902559427e-12   -2.927726203833e-12    0.000000000000e+00
 125   -7.491848938099e-13    0.000000000000e+00    7.836053854404e-13   -1.437535528982e-12    7.836053854404e-13    1.437535528982e-12   -2.893002894536e-12    0.000000000000e+00
 126   -5.477375280769e-13    0.000000000000e+00    6.784821727883e-13   -1.398450149084e-12    6.784821727883e-13    1.398450149084e-12   -2.825646184049e-12    0.000000000000e+00
 127   -3.648791338517e-13    0.000000000000e+00    5.701812719888e-13   -1.360183883928e-12    5.701812719888e-13    1.360183883928e-12   -2.743931601032e-12    0.000000000000e+00
 128   -2.078956581539e-13    0.000000000000e+00    4.945519905056e-13   -1.321432113038e-12    4.945519905056e-13    1.321432113038e-12   -2.679309898945e-12    0.000000000000e+00
 129   -3.149900045657e-14    0.000000000000e+00    4.391357611745e-13   -1.280692457466e-12    4.391357611745e-13    1.280692457466e-12   -2.638917079648e-12    0.000000000000e+00
 130    1.732844553612e-13    0.000000000000e+00    3.732872843297e-13   -1.227739914941e-12    3.732872843297e-13    1.227739914941e-12   -2.592432562024e-12    0.000000000000e+00
 131    4.199886965983e-13    0.000000000000e+00    2.541593509004e-13   -1.168172329702e-12    2.541593509004e-13    1.168172329702e-12   -2.496583452125e-12    0.000000000000e+00
 132    6.115350196720e-13    0.000000000000e+00    1.430046402476e-13   -1.113770859394e-12    1.430046402476e-13    1.113770859394e-12   -2.395498296254e-12    0.000000000000e+00
 133    7.965387789459e-13    0.000000000000e+00    5.503475279667e-14   -1.062488313476e-12    5.503475279667e-14    1.062488313476e-12   -2.315949081816e-12    0.000000000000e+00
 134    9.978606482774e-13    0.000000000000e+00   -7.762182823584e-15   -1.002782709300e-12   -7.762182823584e-15    1.002782709300e-12   -2.257870106159e-12    0.000000000000e+00
 135    1.235556253663e-12    0.000000000000e+00   -9.370439537151e-14   -9.200619866673e-13   -9.370439537151e-14    9.200619866673e-13   -2.164095508697e-12    0.000000000000e+00
 136    1.470094011802e-12    0.000000000000e+00   -1.884915292426e-13   -8.465093318151e-13   -1.884915292426e-13    8.465093318151e-13   -2.050174266466e-12    0.000000000000e+00
 137    1.624430082635e-12    0.000000000000e+00   -2.491172958023e-13   -7.856244951462e-13   -2.491172958023e-13    7.856244951462e-13   -1.948857308171e-12    0.000000000000e+00
 138    1.774158185815e-12    0.000000000000e+00   -2.947611772719e-13   -7.337379401978e-13   -2.947611772719e-13    7.337379401978e-13   -1.872297672803e-12    0.000000000000e+00
 139    2.005256854662e-12    0.000000000000e+00   -3.702086380508e-13   -6.658191793046e-13   -3.702086380508e-13    6.658191793046e-13   -1.782890675373e-12    0.000000000000e+00
 140    2.279049345077e-12    0.000000000000e+00   -4.727078103950e-13   -5.769027833571e-13   -4.727078103950e-13    5.769027833571e-13   -1.665699045708e-12    0.000000000000e+00
 141    2.530574708115e-12    0.000000000000e+00   -5.746574548680e-13   -4.871111109958e-13   -5.746574548680e-13    4.871111109958e-13   -1.528797921591e-12    0.000000000000e+00
 142    2.754048291503e-12    0.000000000000e+00   -6.515824663676e-13   -4.079483062122e-13   -6.515824663676e-13    4.079483062122e-13   -1.413468734418e-12    0.000000000000e+00
 143    2.955074119432e-12    0.000000000000e+00   -7.129831122200e-13   -3.378102918922e-13   -7.129831122200e-13    3.378102918922e-13   -1.313735903917e-12    0.000000000000e+00
 144    3.194929780806e-12    0.000000000000e+00   -7.970799584603e-13   -2.612019758472e-13   -7.970799584603e-13    2.612019758472e-13   -1.190577367596e-12    0.000000000000e+00
 145    3.438271585846e-12    0.000000000000e+00   -8.879271558467e-13   -1.696192014969e-13   -8.879271558467e-13    1.696192014969e-13   -1.033375316740e-12    0.000000000000e+00
 146    3.683625886958e-12    0.000000000000e+00   -9.738399323056e-13   -6.923866861797e-14   -9.738399323056e-13    6.923866861797e-14   -8.583634020579e-13    0.000000000000e+00
 147    3.905057267134e-12    0.000000000000e+00   -1.038167381923e-12    2.933720974485e-14   -1.038167381923e-12   -2.933720974485e-14   -7.103926821794e-13    0.000000000000e+00
 148    4.149552229604e-12    0.000000000000e+00   -1.115966477214e-12    1.223487457180e-13   -1.115966477214e-12   -1.223487457180e-13   -5.778836068525e-13    0.000000000000e+00
 149    4.364467121043e-12    0.000000000000e+00   -1.196678281641e-12    2.190355102155e-13   -1.196678281641e-12   -2.190355102155e-13   -4.387297816710e-13    0.000000000000e+00
 150    4.660117777777e-12    0.000000000000e+00   -1.306479880878e-12    3.383656202449e-13   -1.306479880878e-12   -3.383656202449e-13   -2.530305609136e-13    0.000000000000e+00
 151    4.967234956688e-12    0.000000000000e+00   -1.415263522694e-12    4.663081986517e-13   -1.415263522694e-12   -4.663081986517e-13   -4.659955147451e-14    0.000000000000e+00
 152    5.217622341125e-12    0.000000000000e+00   -1.485092430975e-12    5.811054762384e-13   -1.485092430975e-12   -5.811054762384e-13    1.443278547890e-13    0.000000000000e+00
 153    5.443868446309e-12    0.000000000000e+00   -1.537230303987e-12    6.758046813132e-13   -1.537230303987e-12   -6.758046813132e-13    3.042136854925e-13    0.000000000000e+00
 154    5.679453435325e-12    0.000000000000e+00   -1.596406383822e-12    7.724162021799e-13   -1.596406383822e-12   -7.724162021799e-13    4.718794799352e-13    0.000000000000e+00
 155    5.946589141242e-12    0.000000000000e+00   -1.673599410099e-12    8.844448610990e-13   -1.673599410099e-12   -8.844448610990e-13    6.736858250075e-13    0.000000000000e+00
 156    6.224395131260e-12    0.000000000000e+00   -1.762997842332e-12    1.015946875238e-12   -1.762997842332e-12   -1.015946875238e-12    9.083509769012e-13    0.000000000000e+00
 157    6.510741598631e-12    0.000000000000e+00   -1.860936318238e-12    1.143050064323e-12   -1.860936318238e-12   -1.143050064323e-12    1.153516518415e-12    0.000000000000e+00
 158    6.752103216823e-12    0.000000000000e+00   -1.930868876246e-12    1.250212823892e-12   -1.930868876246e-12   -1.250212823892e-12    1.377805747098e-12    0.000000000000e+00
 159    7.044017279190e-12    0.000000000000e+00   -2.016509572170e-12    1.355090085281e-12   -2.016509572170e-12   -1.355090085281e-12    1.591531051913e-12    0.000000000000e+00
 160    7.344864300096e-12    0.000000000000e+00   -2.105042268968e-12    1.473885683639e-12   -2.105042268968e-12   -1.473885683639e-12    1.813865897760e-12    0.000000000000e+00
 161    7.667437865178e-12    0.000000000000e+00   -2.211518511722e-12    1.618808819631e-12   -2.211518511722e-12   -1.618808819631e-12    2.073544894815e-12    0.000000000000e+00
 162    7.978926547247e-12    0.000000000000e+00   -2.309667431269e-12    1.769957227657e-12   -2.309667431269e-12   -1.769957227657e-12    2.344615387256e-12    0.000000000000e+00
 163    8.284714060613e-12    0.000000000000e+00   -2.398026005199e-12    1.918099359899e-12   -2.398026005199e-12   -1.918099359899e-12    2.617790966636e-12    0.000000000000e+00
 164    8.614718313704e-12    0.000000000000e+00   -2.493120293545e-12    2.080355852863e-12   -2.493120293545e-12   -2.080355852863e-12    2.900436835152e-12    0.000000000000e+00
 165    8.960125176538e-12    0.000000000000e+00   -2.591524217443e-12    2.246701739581e-12   -2.591524217443e-12   -2.246701739581e-12    3.197836526830e-12    0.000000000000e+00
 166    9.340481513243e-12    0.000000000000e+00   -2.700020545685e-12    2.413174261112e-12   -2.700020545685e-12   -2.413174261112e-12    3.509271649313e-12    0.000000000000e+00
 167    9.728540022180e-12    0.000000000000e+00   -2.801246647838e-12    2.573343231213e-12   -2.801246647838e-12   -2.573343231213e-12    3.817134976158e-12    0.000000000000e+00
 168    1.010921554800e-11    0.000000000000e+00   -2.909174854140e-12    2.733858278647e-12   -2.909174854140e-12   -2.733858278647e-12    4.136826298184e-12    0.000000000000e+00
 169    1.048754572769e-11    0.000000000000e+00   -3.034624634912e-12    2.914106456142e-12   -3.034624634912e-12   -2.914106456142e-12    4.490415851655e-12    0.000000000000e+00
 170    1.087325715576e-11    0.000000000000e+00   -3.156529725101e-12    3.094520299729e-12   -3.156529725101e-12   -3.094520299729e-12    4.866323923686e-12    0.000000000000e+00
 171    1.130571591207e-11    0.000000000000e+00   -3.275784374659e-12    3.273669746742e-12   -3.275784374659e-12   -3.273669746742e-12    5.230942415335e-12    0.000000000000e+00
 172    1.176032535244e-11    0.000000000000e+00   -3.377007874728e-12    3.448296119132e-12   -3.377007874728e-12   -3.448296119132e-12    5.563922152868e-12    0.000000000000e+00
 173    1.219960330673e-11    0.000000000000e+00   -3.472205162280e-12    3.628711046921e-12   -3.472205162280e-12   -3.628711046921e-12    5.891829992638e-12    0.000000000000e+00
 174    1.261203121106e-11    0.000000000000e+00   -3.581151217583e-12    3.821764519435e-12   -3.581151217583e-12   -3.821764519435e-12    6.253294757008e-12    0.000000000000e+00
 175    1.303239460793e-11    0.000000000000e+00   -3.694704264756e-12    4.014707403327e-12   -3.694704264756e-12   -4.014707403327e-12    6.649423633237e-12    0.000000000000e+00
 176    1.351000561423e-11    0.000000000000e+00   -3.821401528548e-12    4.209309550224e-12   -3.821401528548e-12   -4.209309550224e-12    7.063480876590e-12    0.000000000000e+00
 177    1.402837655068e-11    0.000000000000e+00   -3.967657365850e-12    4.420045059128e-12   -3.967657365850e-12   -4.420045059128e-12    7.491036436991e-12    0.000000000000e+00
 178    1.455168797959e-11    0.000000000000e+00   -4.128282351384e-12    4.641734913102e-12   -4.128282351384e-12   -4.641734913102e-12    7.930532099076e-12    0.000000000000e+00
 179    1.504558110044e-11    0.000000000000e+00   -4.281335268946e-12    4.870833771042e-12   -4.281335268946e-12   -4.870833771042e-12    8.387272647237e-12    0.000000000000e+00
 180    1.553192990889e-11    0.000000000000e+00   -4.415775037292e-12    5.087006337001e-12   -4.415775037292e-12   -5.087006337001e-12    8.850927803172e-12    0.000000000000e+00
 181    1.602778500198e-11    0.000000000000e+00   -4.541464426744e-12    5.290870606217e-12   -4.541464426744e-12   -5.290870606217e-12    9.326584643476e-12    0.000000000000e+00
 182    1.654371084570e-11    0.000000000000e+00   -4.668601876617e-12    5.508454369724e-12   -4.668601876617e-12   -5.508454369724e-12    9.815278798064e-12    0.000000000000e+00
 183    1.710497021801e-11    0.000000000000e+00   -4.817064282181e-12    5.739493949553e-12   -4.817064282181e-12   -5.739493949553e-12    1.030593058809e-11    0.000000000000e+00
 184    1.767503504668e-11    0.000000000000e+00   -4.967314753967e-12    5.972191925024e-12   -4.967314753967e-12   -5.972191925024e-12    1.081206825460e-11    0.000000000000e+00
 185    1.823197148809e-11    0.000000000000e+00   -5.116667940036e-12    6.201276905177e-12   -5.116667940036e-12   -6.201276905177e-12    1.134301246680e-11    0.000000000000e+00
 186    1.880101109519e-11    0.000000000000e+00   -5.279349873932e-12    6.446629254725e-12   -5.279349873932e-12   -6.446629254725e-12    1.191091669739e-11    0.000000000000e+00
 187    1.944298194667e-11    0.000000000000e+00   -5.474132432071e-12    6.715646268252e-12   -5.474132432071e-12   -6.715646268252e-12    1.249868958331e-11    0.000000000000e+00
 188    2.015045422188e-11    0.000000000000e+00   -5.685840687164e-12    6.990251259775e-12   -5.685840687164e-12   -6.990251259775e-12    1.307961291358e-11    0.000000000000e+00
 189    2.084297318072e-11    0.000000000000e+00   -5.875858393595e-12    7.244661901634e-12   -5.875858393595e-12   -7.244661901634e-12    1.364632885859e-11    0.000000000000e+00
 190    2.118546657548e-11    0.000000000000e+00   -5.944011342157e-12    7.407671698267e-12   -5.944011342157e-12   -7.407671698267e-12    1.406212819799e-11    0.000000000000e+00
 191    2.045252509020e-11    0.000000000000e+00   -5.690637197575e-12    7.331964028967e-12   -5.690637197575e-12   -7.331964028967e-12    1.384122764320e-11    0.000000000000e+00
 192    2.154340247862e-11    0.000000000000e+00   -6.020087206515e-12    7.659694926943e-12   -6.020087206515e-12   -7.659694926943e-12    1.471903154915e-11    0.000000000000e+00
 193    2.340107448096e-11    0.000000000000e+00   -6.593668319677e-12    8.202933124424e-12   -6.593668319677e-12   -8.202933124424e-12    1.604678022404e-11    0.000000000000e+00
 194    2.411907826239e-11    0.000000000000e+00   -6.789148236652e-12    8.455430799970e-12   -6.789148236652e-12   -8.455430799970e-12    1.664814466840e-11    0.000000000000e+00
 195    2.404020559010e-11    0.000000000000e+00   -6.738438800002e-12    8.364491391188e-12   -6.738438800002e-12   -8.364491391188e-12    1.665719819022e-11    0.000000000000e+00
 196    2.513757431377e-11    0.000000000000e+00   -7.011569710252e-12    8.811952036114e-12   -7.011569710252e-12   -8.811952036114e-12    1.763560304735e-11    0.000000000000e+00
 197    2.611008631526e-11    0.000000000000e+00   -7.280210288785e-12    9.243284956884e-12   -7.280210288785e-12   -9.243284956884e-12    1.857792912563e-11    0.000000000000e+00
 198    2.662338058346e-11    0.000000000000e+00   -7.446087149643e-12    9.529271469133e-12   -7.446087149643e-12   -9.529271469133e-12    1.915347568049e-11    0.000000000000e+00
 199    2.540497152925e-11    0.000000000000e+00   -7.054284240082e-12    9.348895789463e-12   -7.054284240082e-12   -9.348895789463e-12    1.854248352084e-11    0.000000000000e+00
 200    2.557717752871e-11    0.000000000000e+00   -7.066680574042e-12    9.440778020453e-12   -7.066680574042e-12   -9.440778020453e-12    1.880003271115e-11    0.000000000000e+00
 201    2.767381636348e-11    0.000000000000e+00   -7.667857668259e-12    9.939955109006e-12   -7.667857668259e-12   -9.939955109006e-12    2.030107332240e-11    0.000000000000e+00
 202    2.864499956678e-11    0.000000000000e+00   -7.939608172303e-12    1.022235854992e-11   -7.939608172303e-12   -1.022235854992e-11    2.114568416201e-11    0.000000000000e+00
 203    2.941295471071e-11    0.000000000000e+00   -8.173092411190e-12    1.047681039146e-11   -8.173092411190e-12   -1.047681039146e-11    2.183749188422e-11    0.000000000000e+00
 204    3.164590811622e-11    0.000000000000e+00   -8.819649004177e-12    1.118758991697e-11   -8.819649004177e-12   -1.118758991697e-11    2.346460872826e-11    0.000000000000e+00
 205    3.207498155966e-11    0.000000000000e+00   -8.965445573439e-12    1.121764139911e-11   -8.965445573439e-12   -1.121764139911e-11    2.378525328084e-11    0.000000000000e+00
 206    3.394463182760e-11    0.000000000000e+00   -9.496915406859e-12    1.189470223706e-11   -9.496915406859e-12   -1.189470223706e-11    2.533623831569e-11    0.000000000000e+00
 207    3.421345151633e-11    0.000000000000e+00   -9.589859288617e-12    1.189807280477e-11   -9.589859288617e-12   -1.189807280477e-11    2.567332110792e-11    0.000000000000e+00
 208    3.566496056817e-11    0.000000000000e+00   -9.960891486638e-12    1.248816328125e-11   -9.960891486638e-12   -1.248816328125e-11    2.693847228619e-11    0.000000000000e+00
 209    3.680899682279e-11    0.000000000000e+00   -1.026444467617e-11    1.291705631346e-11   -1.026444467617e-11   -1.291705631346e-11    2.792935153983e-11    0.000000000000e+00
 210    3.835158926546e-11    0.000000000000e+00   -1.071624039506e-11    1.347601977925e-11   -1.071624039506e-11   -1.347601977925e-11    2.926890674271e-11    0.000000000000e+00
 211    3.939461604152e-11    0.000000000000e+00   -1.104149931208e-11    1.381097753522e-11   -1.104149931208e-11   -1.381097753522e-11    3.021887254318e-11    0.000000000000e+00
 212    4.051749907807e-11    0.000000000000e+00   -1.136036056892e-11    1.419259067909e-11   -1.136036056892e-11   -1.419259067909e-11    3.118028404914e-11    0.000000000000e+00
 213    4.168921458048e-11    0.000000000000e+00   -1.167092290866e-11    1.456710446712e-11   -1.167092290866e-11   -1.456710446712e-11    3.208149371159e-11    0.000000000000e+00
 214    4.282448007320e-11    0.000000000000e+00   -1.198976681827e-11    1.488837352015e-11   -1.198976681827e-11   -1.488837352015e-11    3.295473963161e-11    0.000000000000e+00
 215    4.391813995808e-11    0.000000000000e+00   -1.233540092987e-11    1.518693677760e-11   -1.233540092987e-11   -1.518693677760e-11    3.388460345644e-11    0.000000000000e+00
 216    4.505960535250e-11    0.000000000000e+00   -1.268450795788e-11    1.552028644491e-11   -1.268450795788e-11   -1.552028644491e-11    3.486219299353e-11    0.000000000000e+00
 217    4.628201988321e-11    0.000000000000e+00   -1.302222826099e-11    1.590780632221e-11   -1.302222826099e-11   -1.590780632221e-11    3.583050869893e-11    0.000000000000e+00
 218    4.752809951158e-11    0.000000000000e+00   -1.335754337001e-11    1.631260057589e-11   -1.335754337001e-11   -1.631260057589e-11    3.678315291245e-11    0.000000000000e+00
 219    4.872947184653e-11    0.000000000000e+00   -1.371497186653e-11    1.669290053408e-11   -1.371497186653e-11   -1.669290053408e-11    3.776907259168e-11    0.000000000000e+00
 220    4.993048682844e-11    0.000000000000e+00   -1.409376781947e-11    1.704274048275e-11   -1.409376781947e-11   -1.704274048275e-11    3.880389412569e-11    0.000000000000e+00
 221    5.121895269022e-11    0.000000000000e+00   -1.448552649358e-11    1.739107295673e-11   -1.448552649358e-11   -1.739107295673e-11    3.983830973442e-11    0.000000000000e+00
 222    5.256912960494e-11    0.000000000000e+00   -1.488466294663e-11    1.775710828378e-11   -1.488466294663e-11   -1.775710828378e-11    4.085200233650e-11    0.000000000000e+00
 223    5.389765717068e-11    0.000000000000e+00   -1.528877545398e-11    1.813297602349e-11   -1.528877545398e-11   -1.813297602349e-11    4.189124394594e-11    0.000000000000e+00
 224    5.518578649610e-11    0.000000000000e+00   -1.569186620920e-11    1.849934962161e-11   -1.569186620920e-11   -1.849934962161e-11    4.297964761868e-11    0.000000000000e+00
 225    5.654803014732e-11    0.000000000000e+00   -1.610863178958e-11    1.887501960285e-11   -1.610863178958e-11   -1.887501960285e-11    4.409005105455e-11    0.000000000000e+00
 226    5.797832006160e-11    0.000000000000e+00   -1.652633412064e-11    1.926496115412e-11   -1.652633412064e-11   -1.926496115412e-11    4.513488194302e-11    0.000000000000e+00
 227    5.941920566688e-11    0.000000000000e+00   -1.693972739858e-11    1.968196439162e-11   -1.693972739858e-11   -1.968196439162e-11    4.615096152460e-11    0.000000000000e+00
 228    6.083119424849e-11    0.000000000000e+00   -1.736122530460e-11    2.009616778542e-11   -1.736122530460e-11   -2.009616778542e-11    4.724218585772e-11    0.000000000000e+00
 229    6.221435866482e-11    0.000000000000e+00   -1.777957121807e-11    2.047986433218e-11   -1.777957121807e-11   -2.047986433218e-11    4.840380180005e-11    0.000000000000e+00
 230    6.363513188612e-11    0.000000000000e+00   -1.821203604591e-11    2.086292770487e-11   -1.821203604591e-11   -2.086292770487e-11    4.957532995231e-11    0.000000000000e+00
 231    6.511242933716e-11    0.000000000000e+00   -1.865465594497e-11    2.127170835309e-11   -1.865465594497e-11   -2.127170835309e-11    5.070835071286e-11    0.000000000000e+00
 232    6.663338630863e-11    0.000000000000e+00   -1.911190997128e-11    2.170804334900e-11   -1.911190997128e-11   -2.170804334900e-11    5.183693405075e-11    0.000000000000e+00
 233    6.815760456025e-11    0.000000000000e+00   -1.956842327067e-11    2.214181095417e-11   -1.956842327067e-11   -2.214181095417e-11    5.300545072306e-11    0.000000000000e+00
 234    6.968492449744e-11    0.000000000000e+00   -2.002313245764e-11    2.255477055124e-11   -2.002313245764e-11   -2.255477055124e-11    5.420286441904e-11    0.000000000000e+00
 235    7.123556605704e-11    0.000000000000e+00   -2.048559759327e-11    2.296237505695e-11   -2.048559759327e-11   -2.296237505695e-11    5.537085026597e-11    0.000000000000e+00
 236    7.284821357256e-11    0.000000000000e+00   -2.097159598757e-11    2.340134509782e-11   -2.097159598757e-11   -2.340134509782e-11    5.652977044801e-11    0.000000000000e+00
 237    7.447899241786e-11    0.000000000000e+00   -2.146481083154e-11    2.387153669181e-11   -2.146481083154e-11   -2.387153669181e-11    5.770975017305e-11    0.000000000000e+00
 238    7.608332713849e-11    0.000000000000e+00   -2.194507769948e-11    2.433500796706e-11   -2.194507769948e-11   -2.433500796706e-11    5.892719645573e-11    0.000000000000e+00
 239    7.768811982611e-11    0.000000000000e+00   -2.242518323814e-11    2.477108448917e-11   -2.242518323814e-11   -2.477108448917e-11    6.016865478076e-11    0.000000000000e+00
 240    7.936983709156e-11    0.000000000000e+00   -2.294424372717e-11    2.522211432765e-11   -2.294424372717e-11   -2.522211432765e-11    6.143640457479e-11    0.000000000000e+00
 241    8.116801675229e-11    0.000000000000e+00   -2.350006994556e-11    2.573995530608e-11   -2.350006994556e-11   -2.573995530608e-11    6.273308261751e-11    0.000000000000e+00
 242    8.301814791167e-11    0.000000000000e+00   -2.406348210970e-11    2.632187350027e-11   -2.406348210970e-11   -2.632187350027e-11    6.404560215501e-11    0.000000000000e+00
 243    8.488197644763e-11    0.000000000000e+00   -2.463143924936e-11    2.690309607034e-11   -2.463143924936e-11   -2.690309607034e-11    6.536576835359e-11    0.000000000000e+00
 244    8.676972335087e-11    0.000000000000e+00   -2.521661178478e-11    2.744467847426e-11   -2.521661178478e-11   -2.744467847426e-11    6.669271385151e-11    0.000000000000e+00
 245    8.875675888698e-11    0.000000000000e+00   -2.582970816400e-11    2.800139460579e-11   -2.582970816400e-11   -2.800139460579e-11    6.806681607241e-11    0.000000000000e+00
 246    9.092962494073e-11    0.000000000000e+00   -2.646763710978e-11    2.866859701023e-11   -2.646763710978e-11   -2.866859701023e-11    6.951603181982e-11    0.000000000000e+00
 247    9.331520278710e-11    0.000000000000e+00   -2.713829161394e-11    2.946792809766e-11   -2.713829161394e-11   -2.946792809766e-11    7.102927274127e-11    0.000000000000e+00
 248    9.579891740996e-11    0.000000000000e+00   -2.784542735279e-11    3.029074213678e-11   -2.784542735279e-11   -3.029074213678e-11    7.255893108571e-11    0.000000000000e+00
 249    9.828611535756e-11    0.000000000000e+00   -2.858503191094e-11    3.103830040208e-11   -2.858503191094e-11   -3.103830040208e-11    7.409122620983e-11    0.000000000000e+00
 250    1.009801617324e-10    0.000000000000e+00   -2.942068116907e-11    3.183233537873e-11   -2.942068116907e-11   -3.183233537873e-11    7.572877047668e-11    0.000000000000e+00
 251    1.042887720626e-10    0.000000000000e+00   -3.045962787551e-11    3.294494538286e-11   -3.045962787551e-11   -3.294494538286e-11    7.759781706085e-11    0.000000000000e+00
 252    1.083635611798e-10    0.000000000000e+00   -3.175055704463e-11    3.445026555693e-11   -3.175055704463e-11   -3.445026555693e-11    7.971132087725e-11    0.000000000000e+00
