   0    0.000000000000e+00    0.000000000000e+00    0.000000000000e+00    0.000000000000e+00    0.000000000000e+00    0.000000000000e+00    0.000000000000e+00    0.000000000000e+00
   1    0.000000000000e+00    0.000000000000e+00    0.000000000000e+00    0.000000000000e+00    0.000000000000e+00    0.000000000000e+00    0.000000000000e+00    0.000000000000e+00
   2    0.000000000000e+00    0.000000000000e+00    0.000000000000e+00    0.000000000000e+00    0.000000000000e+00    0.000000000000e+00    0.000000000000e+00    0.000000000000e+00
   3    0.000000000000e+00    0.000000000000e+00    0.000000000000e+00    0.000000000000e+00    0.000000000000e+00    0.000000000000e+00    0.000000000000e+00    0.000000000000e+00
   4    0.000000000000e+00    0.000000000000e+00    0.000000000000e+00    0.000000000000e+00    0.000000000000e+00    0.000000000000e+00    0.000000000000e+00    0.000000000000e+00
   5    3.813011289822e-06    2.602006077268e-07    8.629135663796e-07    3.060536073463e-07   -3.229696403650e-06   -2.216573022906e-07   -1.206753523775e-07   -1.149109607468e-07
   6    2.788296114886e-06   -6.117776365500e-07    1.668512595643e-06   -3.715690127137e-06   -2.781860530376e-06    6.775161978112e-07   -1.529114229015e-06    4.050091320096e-06
   7    0.000000000000e+00    0.000000000000e+00    0.000000000000e+00    0.000000000000e+00    0.000000000000e+00    0.000000000000e+00    0.000000000000e+00    0.000000000000e+00
   8    0.000000000000e+00    0.000000000000e+00    0.000000000000e+00    0.000000000000e+00    0.000000000000e+00    0.000000000000e+00    0.000000000000e+00    0.000000000000e+00
   9    0.000000000000e+00    0.000000000000e+00    0.000000000000e+00    0.000000000000e+00    0.000000000000e+00    0.000000000000e+00    0.000000000000e+00    0.000000000000e+00
  10    0.000000000000e+00    0.000000000000e+00    0.000000000000e+00    0.000000000000e+00    0.000000000000e+00    0.000000000000e+00    0.000000000000e+00    0.000000000000e+00
  11    1.567595631968e-06    5.373130420594e-07   -9.762557056092e-07    1.773668486749e-06   -1.610901676941e-06   -4.732019647236e-07    9.260988349524e-07   -1.746882503539e-06
  12    2.336118086532e-06   -5.883506446480e-07   -1.553674309207e-07   -3.524279463818e-07   -2.382148750257e-06    6.933753979865e-07    8.645884008729e-08    4.322980373672e-07
  13    0.000000000000e+00    0.000000000000e+00    0.000000000000e+00    0.000000000000e+00    0.000000000000e+00    0.000000000000e+00    0.000000000000e+00    0.000000000000e+00
  14    1.285896018999e-06    7.969255761964e-07    6.332181783364e-07    2.458282779116e-06   -1.229235294886e-06   -7.028889399407e-07   -4.425334907410e-07   -2.267949184898e-06
  15    5.224412234384e-06    3.297590865259e-06    4.742214514408e-06    7.318438747461e-06   -4.935779998050e-06   -3.013300784005e-06   -4.052334134030e-06   -6.896704235260e-06
  16    5.249212790659e-06    3.750297992156e-06    3.884732450388e-06    7.075429039105e-06   -4.885354883299e-06   -3.458871560724e-06   -3.128507842121e-06   -6.721077625116e-06
  17    7.534972610301e-06    5.359898750612e-06    5.832304395881e-06    1.001704458758e-05   -7.071271284076e-06   -4.827974862565e-06   -4.871167220699e-06   -9.321945981355e-06
  18    5.021875495004e-06    4.211472059978e-06    3.126948058707e-06    6.930116342119e-06   -4.630727744370e-06   -3.714800413945e-06   -2.378381850576e-06   -6.299324468273e-06
  19    8.005478775885e-06    6.731925623171e-06    4.476789854380e-06    1.087723012461e-05   -7.293206635950e-06   -5.959085228824e-06   -3.150569455102e-06   -9.983558811655e-06
  20    9.747473995958e-06    1.242553935299e-05    3.796186319960e-06    1.727091694192e-05   -7.982491297298e-06   -1.128987150878e-05   -1.276317334487e-06   -1.612316737010e-05
  21    1.447663817089e-05    1.134097692557e-05    8.227542821260e-06    1.487398731115e-05   -1.286105543841e-05   -9.988093552238e-06   -5.839962341270e-06   -1.350317324977e-05
  22    1.338287893304e-05    1.512448488938e-05    7.655025910935e-06    1.929276913870e-05   -1.161438012787e-05   -1.430330121366e-05   -5.035069534642e-06   -1.851821798482e-05
  23    1.140422045864e-05    6.536864930240e-06    8.442931175523e-06    7.018560609140e-06   -9.867943845165e-06   -6.010885044816e-06   -6.217669124453e-06   -6.537336957990e-06
  24    1.829212237681e-06    1.198567588290e-05   -4.102292223251e-06    1.371428425045e-05   -7.717666449025e-06   -1.205313219543e-05   -1.430549104953e-06   -1.412481560692e-05
  25    1.696888830338e-05    2.219150337623e-05    1.123654237745e-05    2.591514748929e-05   -1.235671606992e-05   -2.225551725132e-05   -5.281392986944e-06   -2.647394103406e-05
  26   -5.272331691231e-07   -3.121966074104e-06   -8.236315807153e-06   -1.651287334425e-06   -3.337134444337e-07    4.688617991633e-06    7.914072739368e-06    2.795589352900e-06
  27    2.925176340796e-05    1.574819725647e-05    2.278127067257e-05    1.837515628722e-05   -9.497638529865e-06   -1.631019586057e-05   -7.582965508846e-07   -1.936702028615e-05
  28    1.635002990952e-05    3.089799429290e-05    6.446466159105e-06    3.738956002053e-05   -1.821971818572e-05   -3.105990253971e-05   -7.547923360107e-06   -3.846808976959e-05
  29   -1.967263187908e-06    1.220631656906e-05   -1.346896533505e-05    1.289697684115e-05    2.125573018930e-06   -1.433706620446e-05    1.304442503169e-05   -1.536564013804e-05
  30   -1.218184934260e-05    5.596840765065e-06   -2.942192804767e-05    4.458162038645e-06   -1.683292794041e-05   -8.351401447726e-06   -1.431959958609e-06   -7.820751307008e-06
  31    8.144960474965e-07   -7.977097084222e-06   -2.586680966488e-05   -1.040048482537e-05    1.633794340705e-06    6.276553449425e-06    2.707845669647e-05    7.222515250760e-06
  32   -2.297593164258e-05   -2.391020643699e-05   -4.438314863364e-05   -2.761541691143e-05    1.742610379551e-06    2.303132896486e-05    2.137418596249e-05    2.491953091521e-05
  33   -1.498371875641e-05   -4.608064045897e-05   -3.474484401522e-05   -5.112618237035e-05   -1.071465794666e-05    5.383448296925e-05    6.469818799815e-06    5.902892007725e-05
  34    9.197175131703e-06    7.433015525748e-06   -4.171485215920e-06    9.941868484020e-06   -1.106091804104e-05   -4.594742677000e-06    1.003962438517e-06   -8.453506779915e-06
  35   -1.372564383928e-05   -3.320944233565e-05   -3.850489883916e-05   -3.679509245558e-05   -1.245825501428e-06    4.120855010115e-05    2.048099486274e-05    4.382161932881e-05
  36    2.785950300677e-06   -8.005437121028e-05   -2.322583350178e-05   -9.095409768634e-05   -3.318699964439e-05    1.036047397065e-04   -9.435699212190e-06    1.118846630561e-04
  37   -4.171079126536e-06   -1.413727877662e-04   -4.908917981084e-05   -1.529176661279e-04   -6.868791388115e-05    1.833679707488e-04   -2.719946860452e-05    1.934055471793e-04
  38    1.035845070874e-05   -7.787535287207e-05   -1.687716394372e-05   -8.094834629446e-05   -4.397812153911e-05    1.046613178914e-04   -1.611312654859e-05    1.059190617525e-04
  39   -5.850586239831e-05   -1.525964471512e-04   -1.071273945854e-04   -1.724060566630e-04   -8.497197995894e-06    1.885414676508e-04    3.303572157165e-05    2.070080226986e-04
  40   -7.578137592645e-05   -1.389595709043e-04   -1.278772542719e-04   -1.531220623292e-04   -1.973258258658e-05    1.530400768388e-04    2.224409217888e-05    1.668857585173e-04
  41   -4.611585973180e-05   -1.600388932275e-04   -1.027047765092e-04   -1.785086351447e-04    4.996148163627e-06    1.824616629165e-04    5.807595516671e-05    2.008439187193e-04
  42   -1.168417802546e-04   -2.668534580152e-04   -2.040656690951e-04   -3.036329289898e-04    5.351987510949e-06    2.539180277381e-04    7.503289089072e-05    2.873890043702e-04
  43   -1.077481138054e-04   -2.321884821868e-04   -1.812101545511e-04   -2.623355539981e-04   -2.005902024393e-05    2.300445921719e-04    3.868983549182e-05    2.589508076198e-04
  44   -7.058645860525e-05   -2.273435238749e-04   -1.366840151604e-04   -2.500041155145e-04   -8.042740955716e-05    2.591803495307e-04   -2.618827056722e-05    2.811037993524e-04
  45   -1.568726002006e-04   -4.936149343848e-04   -2.805316762533e-04   -5.530882626772e-04   -5.464825881063e-05    5.284762592055e-04    5.174151374376e-05    5.901681724936e-04
  46   -2.104055747623e-04   -4.809584934264e-04   -3.676337655634e-04   -5.396048072726e-04   -2.550478529884e-05    5.062280688435e-04    1.019090123009e-04    5.710133118555e-04
  47   -4.031053977087e-04   -5.757546750829e-04   -6.068535149097e-04   -6.510965176858e-04    3.127656555080e-06    5.581617006101e-04    1.493796735303e-04    6.363271968439e-04
  48   -2.291050332133e-04   -5.178578430787e-04   -4.025122325402e-04   -5.853273905814e-04   -6.384983862517e-05    5.461529362947e-04    7.023424404906e-05    6.220237119123e-04
  49   -2.270288823638e-04   -4.333515826147e-04   -3.909229417332e-04   -4.900807398371e-04   -1.391827754560e-05    4.523410752881e-04    1.176959485747e-04    5.163605092093e-04
  50   -3.614101733547e-04   -6.221383227967e-04   -5.932994536124e-04   -7.095637847669e-04   -7.990493031684e-06    5.983116570860e-04    1.624219585210e-04    6.917494465597e-04
  51   -4.207906313241e-04   -6.613651639782e-04   -6.700161611661e-04   -7.473704754375e-04   -2.980166755151e-05    6.100519676693e-04    1.441999775125e-04    7.046395912766e-04
  52   -4.820609465241e-04   -7.095823530108e-04   -7.801445317455e-04   -8.040334796533e-04    6.533780833706e-06    6.408924236894e-04    2.139477001037e-04    7.465421222150e-04
  53   -4.691498179454e-04   -7.546856068075e-04   -7.702659931965e-04   -8.601706358604e-04   -5.704638533643e-05    7.648284663446e-04    1.575125643285e-04    8.883471018635e-04
  54   -6.850607460365e-04   -8.928314200602e-04   -1.068801269867e-03   -1.013970235363e-03   -2.740697027548e-06    8.428660803474e-04    2.461361873429e-04    9.819534607232e-04
  55   -6.029218202457e-04   -9.229487041011e-04   -1.003162469715e-03   -1.065460732207e-03    2.093361217703e-05    8.745868108235e-04    3.010377695318e-04    1.028579776175e-03
  56   -6.988442619331e-04   -1.026028068736e-03   -1.147204893641e-03   -1.175214536488e-03    4.089984031452e-06    9.414742817171e-04    3.097000007983e-04    1.103324932046e-03
  57   -8.161907899193e-04   -1.132843899541e-03   -1.330537837930e-03   -1.291612745263e-03    5.035792582930e-06    1.042160787620e-03    3.378553665243e-04    1.236635376699e-03
  58   -7.763302419335e-04   -1.107129617594e-03   -1.305740443058e-03   -1.269889995456e-03   -1.469574840485e-06    1.005209167488e-03    3.463173634373e-04    1.190640381537e-03
  59   -9.088498190977e-04   -1.157585298643e-03   -1.502906437963e-03   -1.335736364126e-03    3.150156408083e-05    1.043179305270e-03    4.064182285219e-04    1.243327278644e-03
  60   -8.812292944640e-04   -1.156453858130e-03   -1.471023890190e-03   -1.326074823737e-03    1.254329981748e-05    1.033045235090e-03    3.862417943310e-04    1.229063607752e-03
  61   -9.489803342149e-04   -1.198912621476e-03   -1.585492864251e-03   -1.379598164931e-03    2.144925565517e-05    1.055080792867e-03    4.125083214603e-04    1.265104627237e-03
  62   -9.856513934210e-04   -1.319385017268e-03   -1.664003357291e-03   -1.502435654402e-03   -1.316053294431e-05    1.161308609881e-03    4.080423677806e-04    1.387796248309e-03
  63   -9.533387492411e-04   -1.317424699664e-03   -1.632165978663e-03   -1.494119642302e-03   -5.117827458889e-05    1.151041476987e-03    3.721448592842e-04    1.372995786369e-03
  64   -1.017047441565e-03   -1.273188623600e-03   -1.746537163854e-03   -1.459334744141e-03   -2.092350041494e-05    1.101712812670e-03    4.226496967021e-04    1.326445024461e-03
  65   -1.032256521285e-03   -1.330235856585e-03   -1.806623884477e-03   -1.534959301353e-03   -6.852239039290e-06    1.142085762694e-03    4.689115448855e-04    1.382609945722e-03
  66   -1.011896529235e-03   -1.319241710007e-03   -1.780337537639e-03   -1.499684876762e-03   -4.378306039143e-05    1.119759865105e-03    4.265018505976e-04    1.346967881545e-03
  67   -1.116897095926e-03   -1.494430936873e-03   -1.989155774936e-03   -1.710567623377e-03   -7.378961890936e-05    1.274334732443e-03    4.577735089697e-04    1.549591426738e-03
  68   -1.098924200051e-03   -1.403575879522e-03   -1.950596109964e-03   -1.593621214852e-03   -8.993528172141e-05    1.188484136946e-03    4.215593216941e-04    1.437758794054e-03
  69   -1.085504307412e-03   -1.337762339972e-03   -1.946541713551e-03   -1.523906597868e-03   -8.926096052164e-05    1.124753965996e-03    4.246983735356e-04    1.364386407658e-03
  70   -1.111417077482e-03   -1.352007267997e-03   -2.018044237047e-03   -1.537373522297e-03   -1.390665565850e-04    1.144445035607e-03    4.003790963907e-04    1.394200371578e-03
  71   -1.271075685509e-03   -1.482171588577e-03   -2.270236378536e-03   -1.681876485236e-03   -1.051009603543e-04    1.218181569129e-03    4.729666688945e-04    1.491545932367e-03
  72   -1.215589814819e-03   -1.453698612750e-03   -2.207787241787e-03   -1.647576922551e-03   -1.104319817387e-04    1.191230141558e-03    4.693661758211e-04    1.460443250835e-03
  73   -1.166570698842e-03   -1.412585959770e-03   -2.162787364796e-03   -1.605448080227e-03   -1.438439794583e-04    1.169681781903e-03    4.382120096125e-04    1.437937957235e-03
  74   -1.167011563666e-03   -1.405618386343e-03   -2.200064947829e-03   -1.593193039298e-03   -1.942303060787e-04    1.170599600300e-03    4.075811884832e-04    1.441662898287e-03
  75   -1.207359833643e-03   -1.414847443812e-03   -2.263428177685e-03   -1.591264968738e-03   -2.012523036683e-04    1.161432359368e-03    4.067744885106e-04    1.429849187844e-03
  76   -1.242436701432e-03   -1.465574488975e-03   -2.335006836802e-03   -1.639442169107e-03   -2.179864386562e-04    1.192071358673e-03    4.065968096256e-04    1.471244264394e-03
  77   -1.197629258968e-03   -1.391773344949e-03   -2.284725895151e-03   -1.557640265673e-03   -1.998218940571e-04    1.126546063460e-03    4.187547892798e-04    1.394958118908e-03
  78   -1.243622973561e-03   -1.420424319804e-03   -2.372389892116e-03   -1.576834241860e-03   -1.856901653809e-04    1.138769905083e-03    4.497284826357e-04    1.409579883330e-03
  79   -1.291726483032e-03   -1.470610033721e-03   -2.479940652847e-03   -1.628137892112e-03   -2.679091994651e-04    1.199128455482e-03    4.034467274323e-04    1.485270215198e-03
  80   -1.294668763876e-03   -1.442122971639e-03   -2.481022849679e-03   -1.584473415278e-03   -2.676954318304e-04    1.158756669611e-03    3.990661643911e-04    1.433517318219e-03
  81   -1.273279660381e-03   -1.392805599608e-03   -2.464536810294e-03   -1.526818028651e-03   -2.428141160635e-04    1.106223091483e-03    4.235878586769e-04    1.370700076222e-03
  82   -1.240605488420e-03   -1.362062292174e-03   -2.446690341458e-03   -1.496282056905e-03   -2.998103736900e-04    1.105856732465e-03    3.813260700554e-04    1.372455968522e-03
  83   -1.271352986805e-03   -1.341494382359e-03   -2.503777155653e-03   -1.465963548981e-03   -2.886269649025e-04    1.084468211047e-03    3.950746031478e-04    1.345180557109e-03
  84   -1.305770478211e-03   -1.339683425613e-03   -2.557827625424e-03   -1.453648437746e-03   -3.003641613759e-04    1.069168210961e-03    3.880337462761e-04    1.327254925855e-03
  85   -1.289711683057e-03   -1.302596530877e-03   -2.539719920605e-03   -1.410839846358e-03   -3.067851357628e-04    1.032275380567e-03    3.805588348769e-04    1.283597666770e-03
  86   -1.253676251508e-03   -1.251828391105e-03   -2.511361381039e-03   -1.359042362310e-03   -3.077652945649e-04    9.934178087860e-04    3.834367962554e-04    1.240120967850e-03
  87   -1.269197207876e-03   -1.240176148713e-03   -2.548289718106e-03   -1.339610782452e-03   -3.108252421953e-04    9.826613822952e-04    3.882288001478e-04    1.225025625899e-03
  88   -1.315782079473e-03   -1.256608404219e-03   -2.624371554703e-03   -1.341080991551e-03   -3.281772951595e-04    9.892658563331e-04    3.817270335276e-04    1.230258727446e-03
  89   -1.334415283054e-03   -1.260056975298e-03   -2.665401669219e-03   -1.331398030743e-03   -3.282387042418e-04    9.721642127261e-04    3.926728095394e-04    1.210288610309e-03
  90   -1.326070283540e-03   -1.223103608936e-03   -2.675082301721e-03   -1.286731450818e-03   -3.629344573710e-04    9.671108564362e-04    3.592178982217e-04    1.207724795677e-03
  91   -1.322717871517e-03   -1.193101052195e-03   -2.678218530491e-03   -1.257571042515e-03   -3.526460204739e-04    9.357078815810e-04    3.729712625500e-04    1.166831469163e-03
  92   -1.340966438875e-03   -1.169610419311e-03   -2.712405985221e-03   -1.223509316333e-03   -3.622009535320e-04    9.246184490621e-04    3.656173066702e-04    1.152705401182e-03
  93   -1.346773933619e-03   -1.159693812951e-03   -2.728542312980e-03   -1.201508450322e-03   -3.750569012482e-04    9.125241776928e-04    3.597375471145e-04    1.134588965215e-03
  94   -1.349898870103e-03   -1.156712882221e-03   -2.753130160272e-03   -1.187654561363e-03   -3.847457701340e-04    9.068154031411e-04    3.614621818997e-04    1.127043040469e-03
  95   -1.357760862447e-03   -1.150450785644e-03   -2.781973686069e-03   -1.174454810098e-03   -3.885382902808e-04    8.990943315439e-04    3.658399800770e-04    1.119947875850e-03
  96   -1.362547976896e-03   -1.133453450166e-03   -2.803768962622e-03   -1.151663833298e-03   -3.972645208705e-04    8.845474221744e-04    3.634620807134e-04    1.104297814891e-03
  97   -1.374767394736e-03   -1.084393006749e-03   -2.837941749021e-03   -1.089385128580e-03   -4.174250643700e-04    8.730394765735e-04    3.333550703246e-04    1.090122968890e-03
  98   -1.367416698486e-03   -1.083154929802e-03   -2.843302674592e-03   -1.091550104320e-03   -4.082196974196e-04    8.459785603918e-04    3.596850438043e-04    1.056501409039e-03
  99   -1.361229340546e-03   -1.062204828486e-03   -2.856144681573e-03   -1.068123383448e-03   -4.170941247139e-04    8.298887987621e-04    3.555410949048e-04    1.040362287313e-03
 100   -1.360245747492e-03   -1.042544259690e-03   -2.870861906558e-03   -1.041423296556e-03   -4.313427489251e-04    8.141029975377e-04    3.486390633043e-04    1.023219549097e-03
 101   -1.370806712657e-03   -1.033931155689e-03   -2.886232919991e-03   -1.016863039695e-03   -4.484461678658e-04    8.057928062044e-04    3.400871646591e-04    1.008172053844e-03
 102   -1.364742056467e-03   -1.001752680168e-03   -2.886325586587e-03   -9.749232558534e-04   -4.548610595521e-04    7.840531761758e-04    3.336285590194e-04    9.761254768819e-04
 103   -1.357741188258e-03   -9.765616268851e-04   -2.901837928221e-03   -9.483075118624e-04   -4.532776656561e-04    7.635285146534e-04    3.417872940190e-04    9.514025878161e-04
 104   -1.353228348307e-03   -9.608684922569e-04   -2.917338395491e-03   -9.248962742276e-04   -4.701425204985e-04    7.495266618207e-04    3.383674193174e-04    9.329628665000e-04
 105   -1.364493742585e-03   -9.499792358838e-04   -2.938455436379e-03   -9.025452309288e-04   -4.943878739141e-04    7.384855416603e-04    3.271945461165e-04    9.169274708256e-04
 106   -1.382923452184e-03   -9.324120474048e-04   -2.967313164845e-03   -8.706668741070e-04   -5.152903613634e-04    7.304019527510e-04    3.144434595015e-04    9.040738223121e-04
 107   -1.367130549625e-03   -8.942641434260e-04   -2.961624879390e-03   -8.271081023850e-04   -5.205349298194e-04    7.084292592481e-04    3.116775478702e-04    8.750297711231e-04
 108   -1.317071728408e-03   -8.454906637780e-04   -2.911272458732e-03   -7.821574690752e-04   -5.101795541123e-04    6.632346776314e-04    3.269857552368e-04    8.137559634633e-04
 109   -1.314211753197e-03   -8.228616206907e-04   -2.922780346125e-03   -7.535180193372e-04   -5.246434011497e-04    6.442802841775e-04    3.187966940459e-04    7.907170802355e-04
 110   -1.330676837824e-03   -8.158335695043e-04   -2.950994996354e-03   -7.346769561991e-04   -5.444815033115e-04    6.365168374032e-04    3.109584504273e-04    7.771834498271e-04
 111   -1.346383360215e-03   -8.104256703518e-04   -2.985188737512e-03   -7.140989182517e-04   -5.714223370887e-04    6.394808879122e-04    3.011267108377e-04    7.785657071508e-04
 112   -1.330651692115e-03   -7.946621044539e-04   -2.987314714119e-03   -6.891666562296e-04   -5.831780144945e-04    6.321422406472e-04    3.049399238080e-04    7.684502634220e-04
 113   -1.311745727435e-03   -7.617477094755e-04   -2.984656020999e-03   -6.480442243628e-04   -5.952614592388e-04    6.130706751719e-04    3.047775535379e-04    7.417251472361e-04
 114   -1.300798496231e-03   -7.348091457970e-04   -2.971372334287e-03   -6.167381652631e-04   -6.146985106170e-04    5.949917249382e-04    2.936687669717e-04    7.134922780097e-04
 115   -1.299268449657e-03   -7.150495075621e-04   -2.968366025016e-03   -5.881724646315e-04   -6.446802872233e-04    5.819186917506e-04    2.767964906525e-04    6.913085817359e-04
 116   -1.290278392844e-03   -7.019727490842e-04   -2.966087777168e-03   -5.662153707817e-04   -6.694078329019e-04    5.733757861890e-04    2.688183158170e-04    6.759480456822e-04
 117   -1.276743831113e-03   -6.803754367866e-04   -2.971758600324e-03   -5.397735512815e-04   -6.917436257936e-04    5.609241197817e-04    2.634608536027e-04    6.583738722838e-04
 118   -1.268860069104e-03   -6.532735424116e-04   -2.983229001984e-03   -5.094843218103e-04   -7.158191292547e-04    5.473741912283e-04    2.582017332315e-04    6.416715332307e-04
 119   -1.273065106943e-03   -6.403534789570e-04   -2.999661723152e-03   -4.855365841649e-04   -7.787170470692e-04    5.494186189026e-04    2.206841454608e-04    6.453789537773e-04
 120   -1.288749859668e-03   -6.401577848010e-04   -3.024380654097e-03   -4.679711128119e-04   -8.353884331882e-04    5.551798967645e-04    1.937031192938e-04    6.525708013214e-04
 121   -1.357145840302e-03   -6.811387138441e-04   -3.096306696534e-03   -4.769155348185e-04   -9.507658542134e-04    5.971584469080e-04    1.215669763042e-04    7.048532715999e-04
 122   -1.357894740067e-03   -6.636942271143e-04   -3.118265653029e-03   -4.525874974206e-04   -9.761953842826e-04    5.903370911255e-04    1.177086523967e-04    6.944174529053e-04
 123   -1.344512449577e-03   -6.493661785498e-04   -3.128106240183e-03   -4.309417563491e-04   -1.001068507321e-03    5.817865603603e-04    1.170918403659e-04    6.854301318526e-04
 124   -1.337447436526e-03   -6.261781672947e-04   -3.141757333651e-03   -3.989443939645e-04   -1.023623161018e-03    5.665842909366e-04    1.197461315314e-04    6.689623696730e-04
 125   -1.322750351392e-03   -6.091481773183e-04   -3.145695431158e-03   -3.741474356502e-04   -1.051065395586e-03    5.544226733036e-04    1.172495321953e-04    6.522613111883e-04
 126   -1.311165280640e-03   -5.943053402007e-04   -3.154677571729e-03   -3.531146212481e-04   -1.075784093700e-03    5.431959871203e-04    1.160314350273e-04    6.346117588691e-04
 127   -1.307117170654e-03   -5.781974759884e-04   -3.174390643835e-03   -3.312884073239e-04   -1.096181338653e-03    5.320340860635e-04    1.186737936223e-04    6.211668951437e-04
 128   -1.301551703364e-03   -5.631111562252e-04   -3.192941425368e-03   -3.095186257269e-04   -1.118992222473e-03    5.235758144408e-04    1.200301921926e-04    6.158656906337e-04
 129   -1.285945996642e-03   -5.570734501816e-04   -3.199164755642e-03   -2.972880029120e-04   -1.147909322754e-03    5.231086397544e-04    1.184480279335e-04    6.194452289492e-04
 130   -1.265045022592e-03   -5.353596643545e-04   -3.199556376785e-03   -2.704731014092e-04   -1.176570309326e-03    5.040725809522e-04    1.191449191538e-04    5.991647485644e-04
 131   -1.242114463821e-03   -5.203183391131e-04   -3.198161954060e-03   -2.516992099117e-04   -1.205150620081e-03    4.920996143483e-04    1.170843315776e-04    5.822213715874e-04
 132   -1.237231423147e-03   -4.934612661600e-04   -3.216002602130e-03   -2.178987633670e-04   -1.218907185830e-03    4.721103468910e-04    1.282842131332e-04    5.568503984250e-04
 133   -1.221162965521e-03   -4.763476608787e-04   -3.222491359338e-03   -1.911267318064e-04   -1.243493054062e-03    4.645838052966e-04    1.304393954342e-04    5.465790745802e-04
 134   -1.209928770550e-03   -4.585491842590e-04   -3.238716162741e-03   -1.624375727260e-04   -1.263583893888e-03    4.549457516987e-04    1.439616316929e-04    5.337961483747e-04
 135   -1.190959708765e-03   -4.456902097445e-04   -3.253948176280e-03   -1.418016036041e-04   -1.290762913413e-03    4.452160792425e-04    1.549235603306e-04    5.209965747781e-04
 136   -1.169338938780e-03   -4.342678294051e-04   -3.269845386967e-03   -1.251067005796e-04   -1.311208354309e-03    4.324911860749e-04    1.721587032080e-04    5.070230690762e-04
 137   -1.153496210463e-03   -4.216045199428e-04   -3.287606406957e-03   -1.066536278813e-04   -1.332194777206e-03    4.219476250000e-04    1.851567067206e-04    4.973780014552e-04
 138   -1.138837658800e-03   -4.080853541382e-04   -3.304769285023e-03   -8.410254667979e-05   -1.359335379675e-03    4.144716949668e-04    1.932216255227e-04    4.884793888777e-04
 139   -1.119181979448e-03   -3.986904921476e-04   -3.321160329506e-03   -6.639270577580e-05   -1.383777009323e-03    4.085219698027e-04    2.092056820402e-04    4.793575499207e-04
 140   -1.095011713915e-03   -3.786168817896e-04   -3.336102468893e-03   -4.213695501676e-05   -1.411739387549e-03    3.898773866240e-04    2.228671219200e-04    4.597555962391e-04
 141   -1.070563448593e-03   -3.652049344964e-04   -3.353450680152e-03   -2.532853613957e-05   -1.437959144823e-03    3.778114914894e-04    2.399902004981e-04    4.493433225434e-04
 142   -1.043906202540e-03   -3.503906773403e-04   -3.365122480318e-03   -3.104694542344e-06   -1.456131809391e-03    3.660785150714e-04    2.636520948727e-04    4.368173249532e-04
 143   -1.020271214657e-03   -3.350166371092e-04   -3.378772875294e-03    2.286900598847e-05   -1.478872145526e-03    3.549688262865e-04    2.840668894351e-04    4.212328640278e-04
 144   -9.967926889658e-04   -3.265810373705e-04   -3.396415384486e-03    4.001179331681e-05   -1.502471044660e-03    3.469860239420e-04    3.066842036787e-04    4.102025413886e-04
 145   -9.760663378984e-04   -3.161618951708e-04   -3.423057030886e-03    5.577710180660e-05   -1.521287369542e-03    3.343002754264e-04    3.364473232068e-04    3.998904430773e-04
 146   -9.446322801523e-04   -3.122694033664e-04   -3.442739835009e-03    6.326935545076e-05   -1.547269639559e-03    3.288656007499e-04    3.618182090577e-04    4.009764234070e-04
 147   -9.170229895972e-04   -2.971953363158e-04   -3.462521359324e-03    8.504965080647e-05   -1.568191568367e-03    3.155359881930e-04    3.908920916729e-04    3.898177819792e-04
 148   -8.770887507126e-04   -2.905948495027e-04   -3.469385905191e-03    1.015626985463e-04   -1.601494965144e-03    3.117094165646e-04    4.088076821063e-04    3.828710468952e-04
 149   -8.630381780677e-04   -2.670020912774e-04   -3.504228778183e-03    1.375602732878e-04   -1.620199764147e-03    2.908792521339e-04    4.418845637701e-04    3.582866920624e-04
 150   -8.334686863236e-04   -2.560356224421e-04   -3.529382636771e-03    1.581282413099e-04   -1.634764252231e-03    2.824424591381e-04    4.830077523366e-04    3.517793666106e-04
 151   -7.991308812052e-04   -2.462479169481e-04   -3.552784444764e-03    1.761443709256e-04   -1.651186263189e-03    2.745123347268e-04    5.256028962322e-04    3.482504980639e-04
 152   -7.641702541150e-04   -2.375412441324e-04   -3.576745279133e-03    1.951071171788e-04   -1.682820264250e-03    2.644256455824e-04    5.545433959924e-04    3.397188265808e-04
 153   -7.278433186002e-04   -2.308720577275e-04   -3.601307747886e-03    2.139585849363e-04   -1.709233387373e-03    2.547292679083e-04    5.901843542233e-04    3.283133555669e-04
 154   -6.918849539943e-04   -2.234377898276e-04   -3.626126796007e-03    2.325817476958e-04   -1.733041368425e-03    2.460273390170e-04    6.286887801252e-04    3.191136347596e-04
 155   -6.556938169524e-04   -2.102895668941e-04   -3.650185419247e-03    2.553796803113e-04   -1.751850242727e-03    2.341065264773e-04    6.745881983079e-04    3.091737162322e-04
 156   -6.125869113021e-04   -1.926471886691e-04   -3.669130150229e-03    2.832274767570e-04   -1.774026779458e-03    2.148627245333e-04    7.196706719697e-04    2.939428959507e-04
 157   -5.725538940169e-04   -1.916600449476e-04   -3.696602536365e-03    2.964027517010e-04   -1.795262563974e-03    2.074033109238e-04    7.679119589739e-04    2.887539158110e-04
 158   -5.362455849536e-04   -1.846726809163e-04   -3.731114324182e-03    3.145576629322e-04   -1.815424184315e-03    1.942583330674e-04    8.164512109943e-04    2.758832415566e-04
 159   -4.909054841846e-04   -1.784573978512e-04   -3.758962498978e-03    3.313347988296e-04   -1.839213189669e-03    1.859280600911e-04    8.637846331112e-04    2.681348414626e-04
 160   -4.482184594963e-04   -1.646055025049e-04   -3.789721056819e-03    3.603560035117e-04   -1.862188917585e-03    1.708458003122e-04    9.142279159278e-04    2.553157974035e-04
 161   -4.080902144779e-04   -1.573175395606e-04   -3.828587476164e-03    3.870466316584e-04   -1.883835531771e-03    1.563659316162e-04    9.719428489916e-04    2.447521837894e-04
 162   -3.540964098647e-04   -1.492335868534e-04   -3.855563234538e-03    4.104360705242e-04   -1.907349913381e-03    1.392287522322e-04    1.027339952998e-03    2.291530545335e-04
 163   -2.952654904220e-04   -1.431859855074e-04   -3.881494747475e-03    4.254014056642e-04   -1.927598728798e-03    1.246266765520e-04    1.088581164367e-03    2.136418042937e-04
 164   -2.354721218580e-04   -1.364816562273e-04   -3.910494502634e-03    4.418570315465e-04   -1.939893001691e-03    1.149544914369e-04    1.164676039480e-03    2.043155982392e-04
 165   -1.807898079278e-04   -1.246690226253e-04   -3.947038669139e-03    4.721962322947e-04   -1.958745066077e-03    1.012277207337e-04    1.240212819539e-03    1.948443386937e-04
 166   -1.277537230635e-04   -1.145843707491e-04   -3.981401678175e-03    5.060969851911e-04   -1.976779662073e-03    8.862397953635e-05    1.313822576776e-03    1.864176010713e-04
 167   -6.436366675189e-05   -1.010844862321e-04   -4.004372283816e-03    5.396948545240e-04   -2.000835491344e-03    6.967139779590e-05    1.377805019729e-03    1.673327060416e-04
 168    4.611757503881e-06   -8.786240505287e-05   -4.028671421111e-03    5.662188632414e-04   -2.024689922109e-03    4.904113666271e-05    1.443995395675e-03    1.455927849747e-04
 169    7.533154712291e-05   -7.714118692093e-05   -4.059960599989e-03    5.917287780903e-04   -2.047699177638e-03    3.082858893322e-05    1.518483040854e-03    1.305200421484e-04
 170    1.349072408630e-04   -6.973190465942e-05   -4.102766513824e-03    6.213617743924e-04   -2.060948405415e-03    1.497356424807e-05    1.606359146535e-03    1.205038133776e-04
 171    2.046411245828e-04   -6.239285721676e-05   -4.133075010031e-03    6.500968593173e-04   -2.080222591758e-03   -8.838818530421e-07    1.688380725682e-03    1.117295105360e-04
 172    2.875906648114e-04   -5.906096339459e-05   -4.152580630034e-03    6.708119763061e-04   -2.108243759722e-03   -1.498544224887e-05    1.764194574207e-03    1.026865938911e-04
 173    3.711007302627e-04   -5.054249777459e-05   -4.179168492556e-03    6.975513533689e-04   -2.133609261364e-03   -3.642956653493e-05    1.847683335654e-03    8.571273065172e-05
 174    4.549844597932e-04   -4.551418896881e-05   -4.214528482407e-03    7.275364478119e-04   -2.154257381335e-03   -5.261967453407e-05    1.942238654010e-03    7.502319931518e-05
 175    5.362623487599e-04   -4.156495560892e-05   -4.253648221493e-03    7.611629553139e-04   -2.172158332542e-03   -6.707405555062e-05    2.038078149781e-03    6.379494880093e-05
 176    6.298811640590e-04   -3.050982195418e-05   -4.282287321985e-03    7.969342404976e-04   -2.196383429691e-03   -8.737809548620e-05    2.129704225808e-03    4.649194306694e-05
 177    7.236877572723e-04   -1.696414074104e-05   -4.309023730457e-03    8.330980199389e-04   -2.215622225776e-03   -1.088875142159e-04    2.228289144114e-03    2.507643694116e-05
 178    8.147163898684e-04   -2.622736246849e-06   -4.343816544861e-03    8.728053653613e-04   -2.231798833236e-03   -1.340904273093e-04    2.338161692023e-03    4.262433321855e-06
 179    9.049042710103e-04    2.573604206191e-06   -4.382201004773e-03    9.086588397622e-04   -2.245517214760e-03   -1.536177442176e-04    2.451565815136e-03   -7.210279818537e-06
 180    1.003455603495e-03   -1.044085820467e-06   -4.421491175890e-03    9.316602954641e-04   -2.264247741550e-03   -1.684802264208e-04    2.563004149124e-03   -1.225805317517e-05
 181    1.117120264098e-03   -5.520776539925e-06   -4.455109126866e-03    9.508692310192e-04   -2.291758777574e-03   -1.836345618358e-04    2.670784946531e-03   -2.332220901735e-05
 182    1.228248351254e-03   -5.540916845348e-07   -4.494913853705e-03    9.829732589424e-04   -2.315274439752e-03   -2.057924575638e-04    2.787544392049e-03   -4.572192847263e-05
 183    1.334535540082e-03    1.098092980101e-05   -4.534675739706e-03    1.027006190270e-03   -2.328172791749e-03   -2.290119009558e-04    2.914548618719e-03   -6.494656554423e-05
 184    1.441197353415e-03    1.879553383333e-05   -4.574244841933e-03    1.065967138857e-03   -2.343503991142e-03   -2.532354264986e-04    3.038800554350e-03   -7.634070789209e-05
 185    1.555163413286e-03    1.965252704395e-05   -4.610328003764e-03    1.094726729207e-03   -2.358478726819e-03   -2.737771137618e-04    3.163337940350e-03   -8.515540685039e-05
 186    1.677398104221e-03    2.022308035521e-05   -4.646523389965e-03    1.126614050008e-03   -2.375197596848e-03   -2.947494795080e-04    3.291687928140e-03   -1.050408536685e-04
 187    1.803551800549e-03    3.207371264580e-05   -4.680458456278e-03    1.176505000331e-03   -2.392563736066e-03   -3.215636825189e-04    3.423709189519e-03   -1.385070354445e-04
 188    1.930341590196e-03    5.190907177166e-05   -4.714635200799e-03    1.238616649061e-03   -2.410464221612e-03   -3.536918666214e-04    3.561171935871e-03   -1.764523476595e-04
 189    2.058971207589e-03    7.044733501971e-05   -4.749357234687e-03    1.291571417823e-03   -2.424119506031e-03   -3.858957497869e-04    3.706640331075e-03   -2.029027673416e-04
 190    2.158775925636e-03    6.843863957329e-05   -4.732298664749e-03    1.313233631663e-03   -2.408235101029e-03   -4.047373076901e-04    3.806924913079e-03   -2.141456789104e-04
 191    2.156649716198e-03    7.512225420214e-05   -4.474918358028e-03    1.323541044258e-03   -2.289997180924e-03   -4.217200912535e-04    3.696145722643e-03   -2.300661144545e-04
 192    2.350041642785e-03    7.539280341007e-05   -4.589939024299e-03    1.359123503789e-03   -2.350330352783e-03   -4.443598445505e-04    3.923353739083e-03   -2.473752829246e-04
 193    2.625294728205e-03    9.127757220995e-05   -4.852112848312e-03    1.430774223991e-03   -2.477432368323e-03   -4.856896412093e-04    4.290639888495e-03   -2.771238214336e-04
 194    2.777352230623e-03    9.645315003581e-05   -4.890439566225e-03    1.462342799641e-03   -2.490893937647e-03   -5.128284683451e-04    4.455241840333e-03   -2.929527545348e-04
 195    2.855053870007e-03    7.940674549900e-05   -4.791220650077e-03    1.417775638402e-03   -2.442744560540e-03   -5.047211307101e-04    4.494217690080e-03   -2.853095065802e-04
 196    3.052863758057e-03    7.540235674242e-05   -4.891889169812e-03    1.488803303801e-03   -2.483454300091e-03   -5.354766035452e-04    4.718176554888e-03   -3.061400784645e-04
 197    3.233392024413e-03    7.952992018545e-05   -4.975011572242e-03    1.572753186338e-03   -2.511396538466e-03   -5.704124341719e-04    4.926779773086e-03   -3.364048898220e-04
 198    3.350219922140e-03    9.454251267016e-05   -4.968665074557e-03    1.634315121919e-03   -2.497450448573e-03   -6.085915374570e-04    5.040944553912e-03   -3.661264199764e-04
 199    3.241323865950e-03    1.093557657441e-04   -4.646147601306e-03    1.645636744797e-03   -2.329699695110e-03   -6.331400945783e-04    4.815266467631e-03   -3.857576230075e-04
 200    3.331374377012e-03    1.035527602653e-04   -4.568279255182e-03    1.660911599174e-03   -2.294387901202e-03   -6.475558038801e-04    4.859162960202e-03   -3.971961559728e-04
 201    3.678152570501e-03    1.131548779085e-04   -4.806861747056e-03    1.704154652543e-03   -2.405897947028e-03   -6.763473502360e-04    5.272110924125e-03   -4.259703855496e-04
 202    3.876936389133e-03    1.133792975452e-04   -4.888225346804e-03    1.739905565046e-03   -2.419153228402e-03   -7.030140841380e-04    5.510413553566e-03   -4.512216546573e-04
 203    4.044290632010e-03    1.325398334302e-04   -4.924244713038e-03    1.780186896212e-03   -2.419782569632e-03   -7.387300138362e-04    5.698551889509e-03   -4.815247957595e-04
 204    4.398138262331e-03    1.514915202279e-04   -5.183263681829e-03    1.905214041471e-03   -2.527240896598e-03   -8.022187394090e-04    6.151080597192e-03   -5.242525949143e-04
 205    4.518247675151e-03    1.461113133701e-04   -5.115213803947e-03    1.896890695207e-03   -2.510481746867e-03   -8.099614642560e-04    6.219044793397e-03   -5.346339312382e-04
 206    4.833532031626e-03    1.583388220752e-04   -5.307006649673e-03    2.028070390224e-03   -2.574689453468e-03   -8.760247728787e-04    6.614194717258e-03   -5.791150615551e-04
 207    4.928548820317e-03    1.588646991877e-04   -5.263408645988e-03    2.021969761699e-03   -2.518085064366e-03   -8.875604835339e-04    6.722029764205e-03   -6.079263985157e-04
 208    5.206043832004e-03    1.918548805406e-04   -5.410349462181e-03    2.143486635759e-03   -2.545658731833e-03   -9.548355010338e-04    7.066336926073e-03   -6.521277246065e-04
 209    5.445356015116e-03    2.069521869998e-04   -5.490800365806e-03    2.214128384367e-03   -2.572277560830e-03   -9.978755842894e-04    7.315988652408e-03   -6.704899133183e-04
 210    5.725843831897e-03    2.161684678867e-04   -5.604874808341e-03    2.313391072676e-03   -2.614177996293e-03   -1.051932456903e-03    7.621123455465e-03   -6.979941972531e-04
 211    5.931544117630e-03    2.273265126860e-04   -5.643478129059e-03    2.371525159106e-03   -2.608824055642e-03   -1.097895903513e-03    7.845475338399e-03   -7.325645419769e-04
 212    6.151303648949e-03    2.540891582612e-04   -5.679919850081e-03    2.441886579618e-03   -2.597000915557e-03   -1.153477584012e-03    8.078279905021e-03   -7.815289427526e-04
 213    6.389609072357e-03    2.738270850386e-04   -5.722186528146e-03    2.502994844690e-03   -2.598583465442e-03   -1.199749065563e-03    8.306973613799e-03   -8.130513015203e-04
 214    6.623295601457e-03    2.760366478469e-04   -5.776562727988e-03    2.547246869653e-03   -2.611138159409e-03   -1.231761532836e-03    8.533069863915e-03   -8.194110705517e-04
 215    6.844852119684e-03    2.782588708214e-04   -5.824217107147e-03    2.592818811536e-03   -2.616120269522e-03   -1.257988624275e-03    8.765028789639e-03   -8.234746637754e-04
 216    7.064935285598e-03    2.977403637487e-04   -5.854442715645e-03    2.655975753441e-03   -2.606169786304e-03   -1.292609144002e-03    8.998910896480e-03   -8.511297637597e-04
 217    7.300753612071e-03    3.291245957371e-04   -5.878080613911e-03    2.739352406934e-03   -2.585406182334e-03   -1.334478263743e-03    9.238012135029e-03   -8.949132170528e-04
 218    7.547867484391e-03    3.566420346033e-04   -5.929131992161e-03    2.828530734405e-03   -2.581604756415e-03   -1.386062358506e-03    9.485143236816e-03   -9.346805745736e-04
 219    7.786517497152e-03    3.792306233663e-04   -5.998834501952e-03    2.910538343713e-03   -2.581504173577e-03   -1.438135630451e-03    9.742958471179e-03   -9.574923315085e-04
 220    8.015988394618e-03    3.954530402552e-04   -6.055746227503e-03    2.969849621877e-03   -2.579337917268e-03   -1.484333770350e-03    9.989934973419e-03   -9.750655735843e-04
 221    8.260380476713e-03    4.082217928953e-04   -6.085719913244e-03    3.012822009623e-03   -2.580251544714e-03   -1.526675769128e-03    1.021670643240e-02   -1.001993427053e-03
 222    8.527192287147e-03    4.295422113501e-04   -6.112301256508e-03    3.067104145885e-03   -2.574211917818e-03   -1.567571423948e-03    1.045779976994e-02   -1.031202264130e-03
 223    8.784851990640e-03    4.705829778686e-04   -6.165654398501e-03    3.149993019179e-03   -2.560069551691e-03   -1.618058886379e-03    1.072479411960e-02   -1.057198620401e-03
 224    9.014368988574e-03    5.206783534959e-04   -6.232469342649e-03    3.243945073336e-03   -2.527030650526e-03   -1.669951830991e-03    1.100508216769e-02   -1.073781400919e-03
 225    9.260084480047e-03    5.595217226073e-04   -6.284022238106e-03    3.318646457046e-03   -2.527343807742e-03   -1.718476880342e-03    1.125316973776e-02   -1.093935687095e-03
 226    9.536093100905e-03    5.934049841017e-04   -6.299175322056e-03    3.377851564437e-03   -2.531050238758e-03   -1.756331650540e-03    1.148418802768e-02   -1.111107994802e-03
 227    9.814538061619e-03    6.411180947907e-04   -6.313023623079e-03    3.449756884947e-03   -2.517159096897e-03   -1.800781465136e-03    1.172858010978e-02   -1.135470345616e-03
 228    1.007294468582e-02    7.033624569885e-04   -6.359267514199e-03    3.541964804754e-03   -2.489015925676e-03   -1.854495843872e-03    1.200586836785e-02   -1.165500492789e-03
 229    1.031614281237e-02    7.569247391075e-04   -6.428361404687e-03    3.629187121987e-03   -2.456683665514e-03   -1.904672128148e-03    1.229716278613e-02   -1.185060944408e-03
 230    1.056980248541e-02    7.920188945718e-04   -6.494936533272e-03    3.691353369504e-03   -2.439892152324e-03   -1.945090130903e-03    1.257278863341e-02   -1.186157227494e-03
 231    1.084046158940e-02    8.255594293587e-04   -6.545288953930e-03    3.739353502169e-03   -2.427994739264e-03   -1.985272858292e-03    1.283072587103e-02   -1.178315258585e-03
 232    1.111585740000e-02    8.820879156701e-04   -6.591870449483e-03    3.801397746429e-03   -2.396132564172e-03   -2.031197072938e-03    1.309989765286e-02   -1.175207784399e-03
 233    1.137939468026e-02    9.559057070874e-04   -6.649656221271e-03    3.878612536937e-03   -2.349791349843e-03   -2.081428188831e-03    1.338412426412e-02   -1.179812359624e-03
 234    1.163083966821e-02    1.024001045153e-03   -6.720989011228e-03    3.956734668463e-03   -2.312066731974e-03   -2.124609425664e-03    1.366781722754e-02   -1.181739033200e-03
 235    1.188979763538e-02    1.088129240088e-03   -6.784956436604e-03    4.031423479319e-03   -2.286835107952e-03   -2.159881405532e-03    1.394510455430e-02   -1.166354632005e-03
 236    1.216605026275e-02    1.159374369308e-03   -6.839166395366e-03    4.107543267310e-03   -2.269624033943e-03   -2.198976930231e-03    1.421800255775e-02   -1.147915259935e-03
 237    1.245369389653e-02    1.259124022909e-03   -6.890084128827e-03    4.195697605610e-03   -2.227880991995e-03   -2.244660165161e-03    1.451091002673e-02   -1.133233774453e-03
 238    1.272955164313e-02    1.366212498397e-03   -6.954653654248e-03    4.279617685825e-03   -2.166593214497e-03   -2.290584146976e-03    1.481503248215e-02   -1.123339403421e-03
 239    1.299767103046e-02    1.459512626752e-03   -7.023377344012e-03    4.350295290351e-03   -2.109818160534e-03   -2.328308764845e-03    1.511458493769e-02   -1.106832176447e-03
 240    1.328371651471e-02    1.554338494316e-03   -7.082922384143e-03    4.423572216183e-03   -2.079678000882e-03   -2.363498089835e-03    1.540425606072e-02   -1.078425673768e-03
 241    1.358540356159e-02    1.675766077824e-03   -7.140191737562e-03    4.504578653723e-03   -2.052124124020e-03   -2.401449019089e-03    1.569799706340e-02   -1.028661616147e-03
 242    1.387159712613e-02    1.840739278123e-03   -7.208779919893e-03    4.593557678163e-03   -1.996199600399e-03   -2.440688665956e-03    1.599825173616e-02   -9.588777902536e-04
 243    1.415028888732e-02    2.029869472608e-03   -7.285095751286e-03    4.683438688517e-03   -1.934521482326e-03   -2.469379920512e-03    1.630081050098e-02   -8.824001415633e-04
 244    1.443136204034e-02    2.209295053035e-03   -7.352601736784e-03    4.771835170686e-03   -1.872708089650e-03   -2.494232030585e-03    1.660440489650e-02   -8.189168293029e-04
 245    1.472863461822e-02    2.376231597736e-03   -7.412170059979e-03    4.855938255787e-03   -1.815968658775e-03   -2.526771975681e-03    1.690669357777e-02   -7.675251108594e-04
 246    1.504238136113e-02    2.571735065430e-03   -7.480706553906e-03    4.923920147121e-03   -1.759529463015e-03   -2.553680213168e-03    1.720404438674e-02   -6.709728622809e-04
 247    1.536164991558e-02    2.847152529284e-03   -7.567079737782e-03    4.971733782440e-03   -1.693767379038e-03   -2.542194910347e-03    1.750386133790e-02   -4.789632512257e-04
 248    1.567104272544e-02    3.175288205966e-03   -7.670743390918e-03    5.008370149881e-03   -1.609567087144e-03   -2.484690397978e-03    1.783080212772e-02   -2.334430027986e-04
 249    1.596427336335e-02    3.475513542071e-03   -7.789568044245e-03    5.038693081588e-03   -1.506224391051e-03   -2.413633745164e-03    1.819225586951e-02   -2.260750261485e-05
 250    1.625855080783e-02    3.804601728916e-03   -7.924386300147e-03    5.058290902525e-03   -1.393409795128e-03   -2.341073006392e-03    1.856352202594e-02    1.982483227039e-04
 251    1.654601655900e-02    4.394785501063e-03   -8.091699331999e-03    5.036983639002e-03   -1.260997378267e-03   -2.203717827797e-03    1.892583072186e-02    6.705076084472e-04
 252    1.683515310287e-02    5.393113009632e-03   -8.311178535223e-03    4.931732080877e-03   -1.108249532990e-03   -1.900706207380e-03    1.930576749146e-02    1.544138300233e-03
