   0    1.000000000000e+00    0.000000000000e+00    0.000000000000e+00    0.000000000000e+00    0.000000000000e+00    0.000000000000e+00    1.000000000000e+00    0.000000000000e+00
   1    1.000000000000e+00    0.000000000000e+00    0.000000000000e+00    0.000000000000e+00    0.000000000000e+00    0.000000000000e+00    1.000000000000e+00    0.000000000000e+00
   2    1.000000000000e+00    0.000000000000e+00    0.000000000000e+00    0.000000000000e+00    0.000000000000e+00    0.000000000000e+00    1.000000000000e+00    0.000000000000e+00
   3    1.000000000000e+00    0.000000000000e+00    0.000000000000e+00    0.000000000000e+00    0.000000000000e+00    0.000000000000e+00    1.000000000000e+00    0.000000000000e+00
   4    1.000000000000e+00    0.000000000000e+00    0.000000000000e+00    0.000000000000e+00    0.000000000000e+00    0.000000000000e+00    1.000000000000e+00    0.000000000000e+00
   5    7.992429137230e-01    0.000000000000e+00    5.949719548225e-01   -8.496659249067e-02   -5.949717760086e-01   -8.496657758951e-02    7.992429733276e-01    0.000000000000e+00
   6    7.217878103256e-01    0.000000000000e+00   -6.533427834511e-01   -2.283976674080e-01    6.533429026604e-01   -2.283977121115e-01    7.217878699303e-01    0.000000000000e+00
   7    1.000000000000e+00    0.000000000000e+00    0.000000000000e+00    0.000000000000e+00    0.000000000000e+00    0.000000000000e+00    1.000000000000e+00    0.000000000000e+00
   8    1.000000000000e+00    0.000000000000e+00    0.000000000000e+00    0.000000000000e+00    0.000000000000e+00    0.000000000000e+00    1.000000000000e+00    0.000000000000e+00
   9    1.000000000000e+00    0.000000000000e+00    0.000000000000e+00    0.000000000000e+00    0.000000000000e+00    0.000000000000e+00    1.000000000000e+00    0.000000000000e+00
  10    1.000000000000e+00    0.000000000000e+00    0.000000000000e+00    0.000000000000e+00    0.000000000000e+00    0.000000000000e+00    1.000000000000e+00    0.000000000000e+00
  11    8.077670335770e-01    0.000000000000e+00    5.762007236481e-01    1.245201006532e-01   -5.762006640434e-01    1.245201081038e-01    8.077670931816e-01    0.000000000000e+00
  12    8.054466247559e-01    0.000000000000e+00    5.738416314125e-01    1.481947898865e-01   -5.738415718079e-01    1.481947898865e-01    8.054465651512e-01    0.000000000000e+00
  13    1.000000000000e+00    0.000000000000e+00    0.000000000000e+00    0.000000000000e+00    0.000000000000e+00    0.000000000000e+00    1.000000000000e+00    0.000000000000e+00
  14    7.620755434036e-01    0.000000000000e+00    6.434891223907e-01    7.185115665197e-02   -6.434892416000e-01    7.185116410255e-02    7.620755434036e-01    0.000000000000e+00
  15    7.677538990974e-01    0.000000000000e+00    6.295062899590e-01    1.194814294577e-01   -6.295062303543e-01    1.194814145565e-01    7.677537798882e-01    0.000000000000e+00
  16    8.026202917099e-01    0.000000000000e+00    5.668671727180e-01    1.856402605772e-01   -5.668671727180e-01    1.856402605772e-01    8.026202917099e-01    0.000000000000e+00
  17    7.867078185081e-01    0.000000000000e+00    5.953972339630e-01    1.630739122629e-01   -5.953971743584e-01    1.630738973618e-01    7.867076396942e-01    0.000000000000e+00
  18    7.794848680496e-01    0.000000000000e+00    6.006823182106e-01    1.777188926935e-01   -6.006824374199e-01    1.777189373970e-01    7.794850468636e-01    0.000000000000e+00
  19    7.899412512779e-01    0.000000000000e+00    5.835082530975e-01    1.884436160326e-01   -5.835081934929e-01    1.884435862303e-01    7.899411320686e-01    0.000000000000e+00
  20    7.927350401878e-01    0.000000000000e+00    5.773341059685e-01    1.955926716328e-01   -5.773340463638e-01    1.955926865339e-01    7.927350401878e-01    0.000000000000e+00
  21    7.712790966034e-01    0.000000000000e+00    6.222413778305e-01    1.339558660984e-01   -6.222414970398e-01    1.339558809996e-01    7.712789773941e-01    0.000000000000e+00
  22    7.719985246658e-01    0.000000000000e+00    6.220624446869e-01    1.306004077196e-01   -6.220625042915e-01    1.306004077196e-01    7.719985246658e-01    0.000000000000e+00
  23    7.447208166122e-01    0.000000000000e+00    6.596134901047e-01    1.014943495393e-01   -6.596134305000e-01    1.014943346381e-01    7.447208762169e-01    0.000000000000e+00
  24    7.124509811401e-01    0.000000000000e+00   -6.887575387955e-01   -1.342631131411e-01    6.887575387955e-01   -1.342631280422e-01    7.124511599541e-01    0.000000000000e+00
  25    7.578355073929e-01    0.000000000000e+00    6.468136906624e-01    8.554131537676e-02   -6.468137502670e-01    8.554131537676e-02    7.578354477882e-01    0.000000000000e+00
  26    7.641072273254e-01    0.000000000000e+00    6.288641095161e-01    1.437710970640e-01   -6.288640499115e-01    1.437710970640e-01    7.641072273254e-01    0.000000000000e+00
  27    9.020438194275e-01    0.000000000000e+00    4.308339953423e-01    2.643941901624e-02   -4.308339357376e-01    2.643941529095e-02    9.020438194275e-01    0.000000000000e+00
  28    7.514815926552e-01    0.000000000000e+00    6.313219666481e-01    1.915933936834e-01   -6.313219070435e-01    1.915933638811e-01    7.514817118645e-01    0.000000000000e+00
  29    7.550314664841e-01    0.000000000000e+00    6.432741880417e-01    1.269875764847e-01   -6.432741880417e-01    1.269875764847e-01    7.550314068794e-01    0.000000000000e+00
  30    9.634441137314e-01    0.000000000000e+00    2.664438784122e-01    2.798450365663e-02   -2.664439380169e-01    2.798450924456e-02    9.634440541267e-01    0.000000000000e+00
  31    7.311297655106e-01    0.000000000000e+00    6.819226145744e-01   -2.075463905931e-02   -6.819226145744e-01   -2.075463905931e-02    7.311297059059e-01    0.000000000000e+00
  32    8.292636275291e-01    0.000000000000e+00    5.588573813438e-01   -3.611784195527e-04   -5.588575005531e-01   -3.611783904489e-04    8.292636275291e-01    0.000000000000e+00
  33    8.538931012154e-01    0.000000000000e+00   -4.964840114117e-01    1.561093181372e-01    4.964841008186e-01    1.561093181372e-01    8.538931012154e-01    0.000000000000e+00
  34    7.929649353027e-01    0.000000000000e+00    6.078125238419e-01    4.207679629326e-02   -6.078125238419e-01    4.207680746913e-02    7.929649353027e-01    0.000000000000e+00
  35    9.666162729263e-01    0.000000000000e+00    1.671353876591e-01    1.942133009434e-01   -1.671354174614e-01    1.942133605480e-01    9.666162133217e-01    0.000000000000e+00
  36    9.915287494659e-01    0.000000000000e+00   -6.286410242319e-02   -1.136611178517e-01    6.286408752203e-02   -1.136611104012e-01    9.915287494659e-01    0.000000000000e+00
  37    7.901776432991e-01    0.000000000000e+00   -6.117039918900e-01   -3.791233524680e-02    6.117041110992e-01   -3.791234269738e-02    7.901776432991e-01    0.000000000000e+00
  38    8.508729934692e-01    0.000000000000e+00   -5.129179358482e-01    1.137117370963e-01    5.129179358482e-01    1.137117594481e-01    8.508730530739e-01    0.000000000000e+00
  39    7.722308635712e-01    0.000000000000e+00   -6.234478950500e-01    1.223609074950e-01    6.234478950500e-01    1.223608851433e-01    7.722308635712e-01    0.000000000000e+00
  40    8.397496938705e-01    0.000000000000e+00   -3.994680345058e-01    3.677576482296e-01    3.994680941105e-01    3.677576482296e-01    8.397497534752e-01    0.000000000000e+00
  41    8.584779500961e-01    0.000000000000e+00   -4.730193912983e-01    1.981621831656e-01    4.730193912983e-01    1.981621980667e-01    8.584780097008e-01    0.000000000000e+00
  42    8.006006479263e-01    0.000000000000e+00    1.303949058056e-01   -5.848382711411e-01   -1.303948909044e-01   -5.848382711411e-01    8.006007671356e-01    0.000000000000e+00
  43    7.799589037895e-01    0.000000000000e+00   -2.461257725954e-01    5.754008889198e-01    2.461257427931e-01    5.754008889198e-01    7.799588441849e-01    0.000000000000e+00
  44    8.218951225281e-01    0.000000000000e+00   -3.432533442974e-01    4.546049237251e-01    3.432533144951e-01    4.546049237251e-01    8.218950629234e-01    0.000000000000e+00
  45    7.115013003349e-01    0.000000000000e+00   -5.348066091537e-01    4.557934105396e-01    5.348066687584e-01    4.557934701443e-01    7.115013599396e-01    0.000000000000e+00
  46    7.112663984299e-01    0.000000000000e+00   -6.187039613724e-01    3.336248695850e-01    6.187039613724e-01    3.336248695850e-01    7.112663984299e-01    0.000000000000e+00
  47    7.622465491295e-01    0.000000000000e+00   -5.353392958641e-01    3.638570308685e-01    5.353393554688e-01    3.638570606709e-01    7.622464895248e-01    0.000000000000e+00
  48    7.891435623169e-01    0.000000000000e+00   -6.483951956034e-02    6.107768416405e-01    6.483951956034e-02    6.107768416405e-01    7.891435027122e-01    0.000000000000e+00
  49    7.073913812637e-01    0.000000000000e+00   -6.149025559425e-01    3.485574424267e-01    6.149024367332e-01    3.485573828220e-01    7.073914408684e-01    0.000000000000e+00
  50    7.391101717949e-01    0.000000000000e+00    5.545001626015e-01   -3.824209272861e-01   -5.545001626015e-01   -3.824209570885e-01    7.391101717949e-01    0.000000000000e+00
  51    7.079534530640e-01    0.000000000000e+00    5.279531478882e-01   -4.691134691238e-01   -5.279531478882e-01   -4.691134095192e-01    7.079533338547e-01    0.000000000000e+00
  52    8.007604479790e-01    0.000000000000e+00    1.256966292858e-01   -5.856475830078e-01   -1.256966441870e-01   -5.856475830078e-01    8.007604479790e-01    0.000000000000e+00
  53    7.437926530838e-01    0.000000000000e+00    4.601541534066e-02   -6.668248176575e-01   -4.601540789008e-02   -6.668246984482e-01    7.437924742699e-01    0.000000000000e+00
  54    7.685849666595e-01    0.000000000000e+00   -5.133844017982e-01    3.817244470119e-01    5.133844017982e-01    3.817244768143e-01    7.685850262642e-01    0.000000000000e+00
  55    7.707231044769e-01    0.000000000000e+00   -5.330713987350e-01    3.490284979343e-01    5.330712199211e-01    3.490284383297e-01    7.707231044769e-01    0.000000000000e+00
  56    7.460000514984e-01    0.000000000000e+00    5.530409216881e-01   -3.709847927094e-01   -5.530409216881e-01   -3.709847927094e-01    7.459999918938e-01    0.000000000000e+00
  57    7.403163313866e-01    0.000000000000e+00    5.820351243019e-01   -3.364028036594e-01   -5.820351243019e-01   -3.364028334618e-01    7.403162717819e-01    0.000000000000e+00
  58    7.350051999092e-01    0.000000000000e+00    5.691425204277e-01   -3.685703873634e-01   -5.691426396370e-01   -3.685704469681e-01    7.350052595139e-01    0.000000000000e+00
  59    7.343180179596e-01    0.000000000000e+00    5.506790280342e-01   -3.968999981880e-01   -5.506790280342e-01   -3.968999683857e-01    7.343180179596e-01    0.000000000000e+00
  60    7.475172877312e-01    0.000000000000e+00    5.192667245865e-01   -4.142221510410e-01   -5.192666649818e-01   -4.142220914364e-01    7.475172281265e-01    0.000000000000e+00
  61    7.435629367828e-01    0.000000000000e+00    4.775358438492e-01   -4.680529236794e-01   -4.775359332561e-01   -4.680530130863e-01    7.435629367828e-01    0.000000000000e+00
  62    7.293175458908e-01    0.000000000000e+00    4.167944788933e-01   -5.425662994385e-01   -4.167945086956e-01   -5.425663590431e-01    7.293176054955e-01    0.000000000000e+00
  63    7.452481985092e-01    0.000000000000e+00    3.966908156872e-01   -5.359491705894e-01   -3.966907858849e-01   -5.359491705894e-01    7.452481985092e-01    0.000000000000e+00
  64    7.284945845604e-01    0.000000000000e+00    3.331145942211e-01   -5.986068248749e-01   -3.331145644188e-01   -5.986068844795e-01    7.284947633743e-01    0.000000000000e+00
  65    7.424274682999e-01    0.000000000000e+00    1.831658482552e-01   -6.444002389908e-01   -1.831658482552e-01   -6.444002985954e-01    7.424275875092e-01    0.000000000000e+00
  66    7.410498261452e-01    0.000000000000e+00    8.320038020611e-02   -6.662753820419e-01   -8.320036530495e-02   -6.662753224373e-01    7.410499453545e-01    0.000000000000e+00
  67    7.251508235931e-01    0.000000000000e+00   -2.695748023689e-02    6.880620718002e-01    2.695748209953e-02    6.880621314049e-01    7.251508831978e-01    0.000000000000e+00
  68    7.311652898788e-01    0.000000000000e+00    1.093537136912e-01    6.733788251877e-01   -1.093536987901e-01    6.733788251877e-01    7.311654090881e-01    0.000000000000e+00
  69    7.339804172516e-01    0.000000000000e+00    2.163642644882e-01    6.437851786613e-01   -2.163642942905e-01    6.437851190567e-01    7.339803576469e-01    0.000000000000e+00
  70    7.816929817200e-01    0.000000000000e+00    2.361242473125e-01    5.772359967232e-01   -2.361242622137e-01    5.772359967232e-01    7.816930413246e-01    0.000000000000e+00
  71    8.274726867676e-01    0.000000000000e+00    3.024388551712e-01    4.730956852436e-01   -3.024388551712e-01    4.730957150459e-01    8.274726271629e-01    0.000000000000e+00
  72    7.463500499725e-01    0.000000000000e+00    4.502790570259e-01    4.901125431061e-01   -4.502790868282e-01    4.901125431061e-01    7.463501691818e-01    0.000000000000e+00
  73    7.825136184692e-01    0.000000000000e+00    4.374281764030e-01    4.430903494358e-01   -4.374281466007e-01    4.430904090405e-01    7.825135588646e-01    0.000000000000e+00
  74    8.034414052963e-01    0.000000000000e+00    4.213478565216e-01    4.206517338753e-01   -4.213478863239e-01    4.206516742706e-01    8.034414649010e-01    0.000000000000e+00
  75    8.115487694740e-01    0.000000000000e+00    4.472922086716e-01    3.759232759476e-01   -4.472922682762e-01    3.759233057499e-01    8.115486502647e-01    0.000000000000e+00
  76    8.043238520622e-01    0.000000000000e+00    5.183364152908e-01    2.905004620552e-01   -5.183363556862e-01    2.905004024506e-01    8.043239116669e-01    0.000000000000e+00
  77    7.959685921669e-01    0.000000000000e+00    5.390316247940e-01    2.754611074924e-01   -5.390317440033e-01    2.754611372948e-01    7.959686517715e-01    0.000000000000e+00
  78    7.712159156799e-01    0.000000000000e+00    6.063979268074e-01    1.936683505774e-01   -6.063980460167e-01    1.936683654785e-01    7.712159156799e-01    0.000000000000e+00
  79    8.201823830605e-01    0.000000000000e+00    5.397480726242e-01    1.896649599075e-01   -5.397480726242e-01    1.896649450064e-01    8.201823234558e-01    0.000000000000e+00
  80    8.060657978058e-01    0.000000000000e+00    5.842161178589e-01    9.460175782442e-02   -5.842160582542e-01    9.460175037384e-02    8.060657382011e-01    0.000000000000e+00
  81    7.821206450462e-01    0.000000000000e+00    6.214060187340e-01    4.628166556358e-02   -6.214060187340e-01    4.628166183829e-02    7.821205258369e-01    0.000000000000e+00
  82    8.223277330399e-01    0.000000000000e+00    5.582736134529e-01    1.100346148014e-01   -5.582736134529e-01    1.100346446037e-01    8.223277330399e-01    0.000000000000e+00
  83    8.253607153893e-01    0.000000000000e+00    5.615280270576e-01    5.887342616916e-02   -5.615279674530e-01    5.887341871858e-02    8.253606557846e-01    0.000000000000e+00
  84    8.131535053253e-01    0.000000000000e+00    5.814567804337e-01   -2.625247649848e-02   -5.814568400383e-01   -2.625247649848e-02    8.131536841393e-01    0.000000000000e+00
  85    8.089635372162e-01    0.000000000000e+00    5.858830213547e-01   -4.815619066358e-02   -5.858830809593e-01   -4.815619438887e-02    8.089635372162e-01    0.000000000000e+00
  86    8.104712367058e-01    0.000000000000e+00    5.837172865868e-01   -4.909638315439e-02   -5.837173461914e-01   -4.909638687968e-02    8.104712367058e-01    0.000000000000e+00
  87    8.070529103279e-01    0.000000000000e+00    5.853667259216e-01   -7.753288745880e-02   -5.853666663170e-01   -7.753288745880e-02    8.070529699326e-01    0.000000000000e+00
  88    8.012744784355e-01    0.000000000000e+00    5.844058394432e-01   -1.281760782003e-01   -5.844057798386e-01   -1.281760483980e-01    8.012745380402e-01    0.000000000000e+00
  89    7.968090176582e-01    0.000000000000e+00    5.932241082191e-01   -1.148072406650e-01   -5.932239890099e-01   -1.148072034121e-01    7.968088984489e-01    0.000000000000e+00
  90    8.006274700165e-01    0.000000000000e+00    5.793218016624e-01   -1.529119908810e-01   -5.793216228485e-01   -1.529119461775e-01    8.006274700165e-01    0.000000000000e+00
  91    7.964485883713e-01    0.000000000000e+00    5.807974338531e-01   -1.683567762375e-01   -5.807974934578e-01   -1.683567911386e-01    7.964485287666e-01    0.000000000000e+00
  92    8.025188446045e-01    0.000000000000e+00    5.639104843140e-01   -1.948553770781e-01   -5.639104843140e-01   -1.948553919792e-01    8.025186657906e-01    0.000000000000e+00
  93    7.907733917236e-01    0.000000000000e+00    5.719790458679e-01   -2.179845571518e-01   -5.719790458679e-01   -2.179845720530e-01    7.907734513283e-01    0.000000000000e+00
  94    7.784333825111e-01    0.000000000000e+00    5.825983285904e-01   -2.337107360363e-01   -5.825983285904e-01   -2.337107062340e-01    7.784333825111e-01    0.000000000000e+00
  95    7.699049711227e-01    0.000000000000e+00    5.891842246056e-01   -2.451702207327e-01   -5.891842246056e-01   -2.451702058315e-01    7.699048519135e-01    0.000000000000e+00
  96    7.658493518829e-01    0.000000000000e+00    5.884574055672e-01   -2.592158019543e-01   -5.884573459625e-01   -2.592157721519e-01    7.658492922783e-01    0.000000000000e+00
  97    8.324745297432e-01    0.000000000000e+00    5.232991576195e-01   -1.820553243160e-01   -5.232992172241e-01   -1.820553392172e-01    8.324745297432e-01    0.000000000000e+00
  98    7.659417390823e-01    0.000000000000e+00    5.761411190033e-01   -2.852973043919e-01   -5.761411786079e-01   -2.852972149849e-01    7.659416794777e-01    0.000000000000e+00
  99    7.621679902077e-01    0.000000000000e+00    5.803526639938e-01   -2.868636846542e-01   -5.803526043892e-01   -2.868636548519e-01    7.621679902077e-01    0.000000000000e+00
 100    7.568088173866e-01    0.000000000000e+00    5.783358812332e-01   -3.045786023140e-01   -5.783358812332e-01   -3.045786321163e-01    7.568087577820e-01    0.000000000000e+00
 101    7.455731630325e-01    0.000000000000e+00    5.776521563530e-01   -3.323229551315e-01   -5.776522159576e-01   -3.323230147362e-01    7.455732822418e-01    0.000000000000e+00
 102    7.440966963768e-01    0.000000000000e+00    5.678324699402e-01   -3.519750833511e-01   -5.678325891495e-01   -3.519751131535e-01    7.440966367722e-01    0.000000000000e+00
 103    7.448109984398e-01    0.000000000000e+00    5.689088702202e-01   -3.487108349800e-01   -5.689089298248e-01   -3.487108647823e-01    7.448111176491e-01    0.000000000000e+00
 104    7.428733110428e-01    0.000000000000e+00    5.706195235252e-01   -3.500466048717e-01   -5.706195235252e-01   -3.500466346741e-01    7.428733110428e-01    0.000000000000e+00
 105    7.315182089806e-01    0.000000000000e+00    5.654889345169e-01   -3.809244632721e-01   -5.654889941216e-01   -3.809244334698e-01    7.315180897713e-01    0.000000000000e+00
 106    7.290946245193e-01    0.000000000000e+00    5.527055859566e-01   -4.036554694176e-01   -5.527055263519e-01   -4.036554098129e-01    7.290945649147e-01    0.000000000000e+00
 107    7.257439494133e-01    0.000000000000e+00    5.484088659286e-01   -4.153834879398e-01   -5.484088063240e-01   -4.153834283352e-01    7.257439494133e-01    0.000000000000e+00
 108    7.160176038742e-01    0.000000000000e+00    5.693488717079e-01   -4.039314985275e-01   -5.693488717079e-01   -4.039315283298e-01    7.160176634789e-01    0.000000000000e+00
 109    7.082458138466e-01    0.000000000000e+00   -5.654740929604e-01    4.226427972317e-01    5.654741525650e-01    4.226428866386e-01    7.082458138466e-01    0.000000000000e+00
 110    7.220687270164e-01    0.000000000000e+00   -5.393652319908e-01    4.332455396652e-01    5.393653512001e-01    4.332455694675e-01    7.220686674118e-01    0.000000000000e+00
 111    7.289097309113e-01    0.000000000000e+00   -5.229018330574e-01    4.418873488903e-01    5.229017138481e-01    4.418872594833e-01    7.289096713066e-01    0.000000000000e+00
 112    7.377945184708e-01    0.000000000000e+00   -5.114375352859e-01    4.405575394630e-01    5.114374756813e-01    4.405575394630e-01    7.377944588661e-01    0.000000000000e+00
 113    7.432965636253e-01    0.000000000000e+00   -5.039561390877e-01    4.399299323559e-01    5.039562582970e-01    4.399300217628e-01    7.432965636253e-01    0.000000000000e+00
 114    7.567942738533e-01    0.000000000000e+00   -4.851005077362e-01    4.381096959114e-01    4.851005077362e-01    4.381096363068e-01    7.567942142487e-01    0.000000000000e+00
 115    7.713966369629e-01    0.000000000000e+00   -4.606063067913e-01    4.390776157379e-01    4.606062769890e-01    4.390775561333e-01    7.713965773582e-01    0.000000000000e+00
 116    7.859025001526e-01    0.000000000000e+00   -4.375342726707e-01    4.369451999664e-01    4.375341832638e-01    4.369451105595e-01    7.859025001526e-01    0.000000000000e+00
 117    7.941089868546e-01    0.000000000000e+00   -4.245894253254e-01    4.348733723164e-01    4.245894253254e-01    4.348733127117e-01    7.941089868546e-01    0.000000000000e+00
 118    8.033332824707e-01    0.000000000000e+00   -4.114664494991e-01    4.305242896080e-01    4.114663302898e-01    4.305242598057e-01    8.033332228661e-01    0.000000000000e+00
 119    8.104645609856e-01    0.000000000000e+00   -3.892775774002e-01    4.377331733704e-01    3.892775475979e-01    4.377331733704e-01    8.104645013809e-01    0.000000000000e+00
 120    8.234021663666e-01    0.000000000000e+00   -3.650170564651e-01    4.344784915447e-01    3.650170266628e-01    4.344784617424e-01    8.234021663666e-01    0.000000000000e+00
 121    8.303591012955e-01    0.000000000000e+00   -3.198344111443e-01    4.563000500202e-01    3.198343515396e-01    4.563000202179e-01    8.303591012955e-01    0.000000000000e+00
 122    8.412294387817e-01    0.000000000000e+00   -2.913346290588e-01    4.554746747017e-01    2.913345992565e-01    4.554746150970e-01    8.412293791771e-01    0.000000000000e+00
 123    8.553560972214e-01    0.000000000000e+00   -2.641876637936e-01    4.456128180027e-01    2.641876041889e-01    4.456127583981e-01    8.553560972214e-01    0.000000000000e+00
 124    8.668875098228e-01    0.000000000000e+00   -2.488800883293e-01    4.319313466549e-01    2.488801330328e-01    4.319314360619e-01    8.668875098228e-01    0.000000000000e+00
 125    8.797025680542e-01    0.000000000000e+00   -2.275928258896e-01    4.175223410130e-01    2.275928109884e-01    4.175223410130e-01    8.797025680542e-01    0.000000000000e+00
 126    8.919247388840e-01    0.000000000000e+00   -1.973808556795e-01    4.068305194378e-01    1.973808556795e-01    4.068306088448e-01    8.919246196747e-01    0.000000000000e+00
 127    9.021618962288e-01    0.000000000000e+00   -1.667786240578e-01    3.978552520275e-01    1.667785942554e-01    3.978552520275e-01    9.021619558334e-01    0.000000000000e+00
 128    9.107266664505e-01    0.000000000000e+00   -1.447645574808e-01    3.868077397346e-01    1.447645872831e-01    3.868077993393e-01    9.107266068459e-01    0.000000000000e+00
 129    9.202260971069e-01    0.000000000000e+00   -1.269470900297e-01    3.702275753021e-01    1.269470602274e-01    3.702275454998e-01    9.202261567116e-01    0.000000000000e+00
 130    9.308646321297e-01    0.000000000000e+00   -1.062829345465e-01    3.495640158653e-01    1.062829270959e-01    3.495638966560e-01    9.308645725250e-01    0.000000000000e+00
 131    9.416326284409e-01    0.000000000000e+00   -7.156895846128e-02    3.289467096329e-01    7.156893610954e-02    3.289466202259e-01    9.416326284409e-01    0.000000000000e+00
 132    9.490011930466e-01    0.000000000000e+00   -4.015037417412e-02    3.127053380013e-01    4.015038534999e-02    3.127053678036e-01    9.490011930466e-01    0.000000000000e+00
 133    9.553862810135e-01    0.000000000000e+00   -1.527851447463e-02    2.949635088444e-01    1.527850702405e-02    2.949635088444e-01    9.553864002228e-01    0.000000000000e+00
 134    9.621364474297e-01    0.000000000000e+00    2.109787892550e-03    2.725599110126e-01   -2.109781140462e-03    2.725599706173e-01    9.621363878250e-01    0.000000000000e+00
 135    9.691250920296e-01    0.000000000000e+00    2.498281933367e-02    2.453005909920e-01   -2.498283423483e-02    2.453005611897e-01    9.691250920296e-01    0.000000000000e+00
 136    9.739164113998e-01    0.000000000000e+00    4.931733012199e-02    2.214825600386e-01   -4.931733012199e-02    2.214826196432e-01    9.739164710045e-01    0.000000000000e+00
 137    9.767401218414e-01    0.000000000000e+00    6.481311470270e-02    2.043968141079e-01   -6.481312960386e-02    2.043968290091e-01    9.767400622368e-01    0.000000000000e+00
 138    9.791408181190e-01    0.000000000000e+00    7.574059814215e-02    1.885382533073e-01   -7.574061304331e-02    1.885382682085e-01    9.791408777237e-01    0.000000000000e+00
 139    9.817757606506e-01    0.000000000000e+00    9.235201030970e-02    1.660948395729e-01   -9.235204011202e-02    1.660948693752e-01    9.817757606506e-01    0.000000000000e+00
 140    9.837072491646e-01    0.000000000000e+00    1.139426454902e-01    1.390580683947e-01   -1.139426752925e-01    1.390580534935e-01    9.837071895599e-01    0.000000000000e+00
 141    9.842531681061e-01    0.000000000000e+00    1.348399221897e-01    1.142976954579e-01   -1.348399519920e-01    1.142977178097e-01    9.842531085014e-01    0.000000000000e+00
 142    9.844260215759e-01    0.000000000000e+00    1.490045040846e-01    9.329003095627e-02   -1.490044891834e-01    9.329000860453e-02    9.844260811806e-01    0.000000000000e+00
 143    9.843707680702e-01    0.000000000000e+00    1.591488122940e-01    7.540445774794e-02   -1.591488122940e-01    7.540446519852e-02    9.843707084656e-01    0.000000000000e+00
 144    9.833609461784e-01    0.000000000000e+00    1.726294308901e-01    5.657042190433e-02   -1.726294606924e-01    5.657042562962e-02    9.833609461784e-01    0.000000000000e+00
 145    9.816032648087e-01    0.000000000000e+00    1.875407546759e-01    3.582558780909e-02   -1.875407546759e-01    3.582558780909e-02    9.816032648087e-01    0.000000000000e+00
 146    9.794648289680e-01    0.000000000000e+00    2.011072188616e-01    1.429844275117e-02   -2.011071890593e-01    1.429844461381e-02    9.794648289680e-01    0.000000000000e+00
 147    9.777284264565e-01    0.000000000000e+00    2.097901403904e-01   -5.928386002779e-03   -2.097901254892e-01   -5.928385537118e-03    9.777284860611e-01    0.000000000000e+00
 148    9.755240678787e-01    0.000000000000e+00    2.185831665993e-01   -2.396431937814e-02   -2.185831964016e-01   -2.396431937814e-02    9.755240678787e-01    0.000000000000e+00
 149    9.726442098618e-01    0.000000000000e+00    2.285039275885e-01   -4.182450473309e-02   -2.285039275885e-01   -4.182450845838e-02    9.726442098618e-01    0.000000000000e+00
 150    9.686192274094e-01    0.000000000000e+00    2.406108081341e-01   -6.231586262584e-02   -2.406108528376e-01   -6.231586635113e-02    9.686191678047e-01    0.000000000000e+00
 151    9.642640352249e-01    0.000000000000e+00    2.516361176968e-01   -8.291033655405e-02   -2.516361176968e-01   -8.291032910347e-02    9.642640352249e-01    0.000000000000e+00
 152    9.608837962151e-01    0.000000000000e+00    2.579102516174e-01   -1.009183377028e-01   -2.579101920128e-01   -1.009183153510e-01    9.608839154243e-01    0.000000000000e+00
 153    9.584169387817e-01    0.000000000000e+00    2.612409889698e-01   -1.148480400443e-01   -2.612409889698e-01   -1.148480400443e-01    9.584169387817e-01    0.000000000000e+00
 154    9.556414484978e-01    0.000000000000e+00    2.651285827160e-01   -1.282816231251e-01   -2.651286125183e-01   -1.282816231251e-01    9.556415081024e-01    0.000000000000e+00
 155    9.519217610359e-01    0.000000000000e+00    2.708459794521e-01   -1.431336104870e-01   -2.708460092545e-01   -1.431336253881e-01    9.519218206406e-01    0.000000000000e+00
 156    9.471126794815e-01    0.000000000000e+00    2.780395448208e-01   -1.602233499289e-01   -2.780395746231e-01   -1.602233499289e-01    9.471127390862e-01    0.000000000000e+00
 157    9.420826435089e-01    0.000000000000e+00    2.857764065266e-01   -1.755335479975e-01   -2.857764661312e-01   -1.755335628986e-01    9.420827627182e-01    0.000000000000e+00
 158    9.379963874817e-01    0.000000000000e+00    2.909760475159e-01   -1.884032785892e-01   -2.909760773182e-01   -1.884033083916e-01    9.379963278770e-01    0.000000000000e+00
 159    9.344961643219e-01    0.000000000000e+00    2.954585850239e-01   -1.985475420952e-01   -2.954585552216e-01   -1.985475271940e-01    9.344962239265e-01    0.000000000000e+00
 160    9.307414293289e-01    0.000000000000e+00    2.995511889458e-01   -2.097365111113e-01   -2.995511293411e-01   -2.097365111113e-01    9.307414293289e-01    0.000000000000e+00
 161    9.258115291595e-01    0.000000000000e+00    3.050046861172e-01   -2.232603132725e-01   -3.050046563148e-01   -2.232603132725e-01    9.258115291595e-01    0.000000000000e+00
 162    9.207521677017e-01    0.000000000000e+00    3.096749484539e-01   -2.373118549585e-01   -3.096749186516e-01   -2.373118102551e-01    9.207522273064e-01    0.000000000000e+00
 163    9.160072207451e-01    0.000000000000e+00    3.132752478123e-01   -2.505781948566e-01   -3.132752478123e-01   -2.505781948566e-01    9.160072207451e-01    0.000000000000e+00
 164    9.112052917480e-01    0.000000000000e+00    3.162986636162e-01   -2.639318108559e-01   -3.162987232208e-01   -2.639318704605e-01    9.112052321434e-01    0.000000000000e+00
 165    9.064227342606e-01    0.000000000000e+00    3.191380798817e-01   -2.766742706299e-01   -3.191380500793e-01   -2.766742706299e-01    9.064227938652e-01    0.000000000000e+00
 166    9.019786715508e-01    0.000000000000e+00    3.219366669655e-01   -2.877345681190e-01   -3.219367265701e-01   -2.877346277237e-01    9.019786715508e-01    0.000000000000e+00
 167    8.982135057449e-01    0.000000000000e+00    3.237043917179e-01   -2.973685562611e-01   -3.237043619156e-01   -2.973684966564e-01    8.982134461403e-01    0.000000000000e+00
 168    8.941428661346e-01    0.000000000000e+00    3.263090550900e-01   -3.066445887089e-01   -3.263090848923e-01   -3.066446185112e-01    8.941428661346e-01    0.000000000000e+00
 169    8.889291286469e-01    0.000000000000e+00    3.303804695606e-01   -3.172596395016e-01   -3.303804993629e-01   -3.172596395016e-01    8.889291286469e-01    0.000000000000e+00
 170    8.837432265282e-01    0.000000000000e+00    3.341722786427e-01   -3.276075422764e-01   -3.341723978519e-01   -3.276076316833e-01    8.837432861328e-01    0.000000000000e+00
 171    8.798941373825e-01    0.000000000000e+00    3.361042439938e-01   -3.358872830868e-01   -3.361041843891e-01   -3.358872532845e-01    8.798941969872e-01    0.000000000000e+00
 172    8.775527477264e-01    0.000000000000e+00    3.354839980602e-01   -3.425661027431e-01   -3.354840874672e-01   -3.425661027431e-01    8.775528073311e-01    0.000000000000e+00
 173    8.751595616341e-01    0.000000000000e+00    3.345008194447e-01   -3.495781421661e-01   -3.345008790493e-01   -3.495781719685e-01    8.751595020294e-01    0.000000000000e+00
 174    8.714698553085e-01    0.000000000000e+00    3.353508710861e-01   -3.578826785088e-01   -3.353509008884e-01   -3.578827083111e-01    8.714697957039e-01    0.000000000000e+00
 175    8.674406409264e-01    0.000000000000e+00    3.369210660458e-01   -3.661022186279e-01   -3.369211554527e-01   -3.661023080349e-01    8.674407005310e-01    0.000000000000e+00
 176    8.640614151955e-01    0.000000000000e+00    3.383600711823e-01   -3.727068603039e-01   -3.383601009846e-01   -3.727067708969e-01    8.640614151955e-01    0.000000000000e+00
 177    8.608517050743e-01    0.000000000000e+00    3.399148881435e-01   -3.786716163158e-01   -3.399148583412e-01   -3.786715567112e-01    8.608517646790e-01    0.000000000000e+00
 178    8.574134111404e-01    0.000000000000e+00    3.420065641403e-01   -3.845433890820e-01   -3.420066833496e-01   -3.845435082912e-01    8.574134111404e-01    0.000000000000e+00
 179    8.534342050552e-01    0.000000000000e+00    3.440932333469e-01   -3.914715349674e-01   -3.440931439400e-01   -3.914715051651e-01    8.534341454506e-01    0.000000000000e+00
 180    8.497863411903e-01    0.000000000000e+00    3.455460667610e-01   -3.980717062950e-01   -3.455460965633e-01   -3.980717360973e-01    8.497863411903e-01    0.000000000000e+00
 181    8.464990854263e-01    0.000000000000e+00    3.467580676079e-01   -4.039780497551e-01   -3.467579483986e-01   -4.039779305458e-01    8.464989662170e-01    0.000000000000e+00
 182    8.433039188385e-01    0.000000000000e+00    3.474829196930e-01   -4.099929630756e-01   -3.474829196930e-01   -4.099929630756e-01    8.433038592339e-01    0.000000000000e+00
 183    8.405821323395e-01    0.000000000000e+00    3.482327163219e-01   -4.149165153503e-01   -3.482326865196e-01   -4.149165153503e-01    8.405820727348e-01    0.000000000000e+00
 184    8.378776311874e-01    0.000000000000e+00    3.490551412106e-01   -4.196683168411e-01   -3.490552604198e-01   -4.196684062481e-01    8.378776907921e-01    0.000000000000e+00
 185    8.348095417023e-01    0.000000000000e+00    3.503785431385e-01   -4.246503114700e-01   -3.503784835339e-01   -4.246502518654e-01    8.348095417023e-01    0.000000000000e+00
 186    8.312878012657e-01    0.000000000000e+00    3.521735370159e-01   -4.300401210785e-01   -3.521735072136e-01   -4.300400912762e-01    8.312877416611e-01    0.000000000000e+00
 187    8.282490372658e-01    0.000000000000e+00    3.540469408035e-01   -4.343435466290e-01   -3.540469110012e-01   -4.343435168266e-01    8.282490372658e-01    0.000000000000e+00
 188    8.262113332748e-01    0.000000000000e+00    3.554866015911e-01   -4.370401203632e-01   -3.554866015911e-01   -4.370401203632e-01    8.262113332748e-01    0.000000000000e+00
 189    8.245927691460e-01    0.000000000000e+00    3.563619852066e-01   -4.393778145313e-01   -3.563619852066e-01   -4.393777847290e-01    8.245928287506e-01    0.000000000000e+00
 190    8.219271898270e-01    0.000000000000e+00    3.564748466015e-01   -4.442536234856e-01   -3.564749062061e-01   -4.442536532879e-01    8.219271898270e-01    0.000000000000e+00
 191    8.171657323837e-01    0.000000000000e+00    3.534125089645e-01   -4.553457796574e-01   -3.534124791622e-01   -4.553458094597e-01    8.171656727791e-01    0.000000000000e+00
 192    8.156457543373e-01    0.000000000000e+00    3.575061261654e-01   -4.548751711845e-01   -3.575060665607e-01   -4.548751413822e-01    8.156456947327e-01    0.000000000000e+00
 193    8.154255151749e-01    0.000000000000e+00    3.626616895199e-01   -4.511736631393e-01   -3.626618385315e-01   -4.511737823486e-01    8.154253959656e-01    0.000000000000e+00
 194    8.141553997993e-01    0.000000000000e+00    3.635366857052e-01   -4.527604877949e-01   -3.635365664959e-01   -4.527605772018e-01    8.141553401947e-01    0.000000000000e+00
 195    8.139473795891e-01    0.000000000000e+00    3.644521534443e-01   -4.523982107639e-01   -3.644522428513e-01   -4.523981809616e-01    8.139475584030e-01    0.000000000000e+00
 196    8.111787438393e-01    0.000000000000e+00    3.641163110733e-01   -4.576115608215e-01   -3.641162812710e-01   -4.576115906239e-01    8.111788630486e-01    0.000000000000e+00
 197    8.077267408371e-01    0.000000000000e+00    3.647868633270e-01   -4.631500244141e-01   -3.647868633270e-01   -4.631499946117e-01    8.077267408371e-01    0.000000000000e+00
 198    8.047013878822e-01    0.000000000000e+00    3.655364215374e-01   -4.678021967411e-01   -3.655363619328e-01   -4.678021669388e-01    8.047013282776e-01    0.000000000000e+00
 199    8.003613948822e-01    0.000000000000e+00    3.611052632332e-01   -4.785652756691e-01   -3.611052036285e-01   -4.785651862621e-01    8.003613352776e-01    0.000000000000e+00
 200    7.988026142120e-01    0.000000000000e+00    3.605018556118e-01   -4.816148281097e-01   -3.605018854141e-01   -4.816148877144e-01    7.988025546074e-01    0.000000000000e+00
 201    8.005464076996e-01    0.000000000000e+00    3.660335242748e-01   -4.744946062565e-01   -3.660335242748e-01   -4.744945168495e-01    8.005463480949e-01    0.000000000000e+00
 202    7.994540929794e-01    0.000000000000e+00    3.684892654419e-01   -4.744352400303e-01   -3.684892356396e-01   -4.744352102280e-01    7.994541525841e-01    0.000000000000e+00
 203    7.981651425362e-01    0.000000000000e+00    3.705521821976e-01   -4.749982953072e-01   -3.705522119999e-01   -4.749982953072e-01    7.981652021408e-01    0.000000000000e+00
 204    7.987463474274e-01    0.000000000000e+00    3.724907040596e-01   -4.724987447262e-01   -3.724906444550e-01   -4.724987447262e-01    7.987462878227e-01    0.000000000000e+00
 205    7.991606593132e-01    0.000000000000e+00    3.752939105034e-01   -4.695708453655e-01   -3.752937912941e-01   -4.695708453655e-01    7.991605997086e-01    0.000000000000e+00
 206    7.975310683250e-01    0.000000000000e+00    3.764090240002e-01   -4.714449644089e-01   -3.764090240002e-01   -4.714449346066e-01    7.975311875343e-01    0.000000000000e+00
 207    7.965912818909e-01    0.000000000000e+00    3.793592751026e-01   -4.706684947014e-01   -3.793592154980e-01   -4.706684648991e-01    7.965914011002e-01    0.000000000000e+00
 208    7.948243618011e-01    0.000000000000e+00    3.784027695656e-01   -4.744108319283e-01   -3.784026503563e-01   -4.744107723236e-01    7.948243618011e-01    0.000000000000e+00
 209    7.936800122261e-01    0.000000000000e+00    3.784662783146e-01   -4.762722849846e-01   -3.784663081169e-01   -4.762722551823e-01    7.936800122261e-01    0.000000000000e+00
 210    7.921618819237e-01    0.000000000000e+00    3.798607885838e-01   -4.776873290539e-01   -3.798609077930e-01   -4.776873290539e-01    7.921619415283e-01    0.000000000000e+00
 211    7.909322977066e-01    0.000000000000e+00    3.820996284485e-01   -4.779394567013e-01   -3.820995986462e-01   -4.779395163059e-01    7.909321784973e-01    0.000000000000e+00
 212    7.901700735092e-01    0.000000000000e+00    3.829970657825e-01   -4.784813225269e-01   -3.829971253872e-01   -4.784814119339e-01    7.901700735092e-01    0.000000000000e+00
 213    7.903290987015e-01    0.000000000000e+00    3.830846846104e-01   -4.781485795975e-01   -3.830846846104e-01   -4.781486093998e-01    7.903289794922e-01    0.000000000000e+00
 214    7.905567884445e-01    0.000000000000e+00    3.840986788273e-01   -4.769571423531e-01   -3.840987086296e-01   -4.769571423531e-01    7.905569076538e-01    0.000000000000e+00
 215    7.900553941727e-01    0.000000000000e+00    3.865003585815e-01   -4.758464097977e-01   -3.865004479885e-01   -4.758464694023e-01    7.900555133820e-01    0.000000000000e+00
 216    7.894683480263e-01    0.000000000000e+00    3.884206712246e-01   -4.752568304539e-01   -3.884207308292e-01   -4.752568900585e-01    7.894684076309e-01    0.000000000000e+00
 217    7.894173860550e-01    0.000000000000e+00    3.888380825520e-01   -4.750001728535e-01   -3.888380527496e-01   -4.750002324581e-01    7.894173860550e-01    0.000000000000e+00
 218    7.895964980125e-01    0.000000000000e+00    3.887608945370e-01   -4.747654795647e-01   -3.887608945370e-01   -4.747655093670e-01    7.895965576172e-01    0.000000000000e+00
 219    7.892634868622e-01    0.000000000000e+00    3.898147642612e-01   -4.744551479816e-01   -3.898147940636e-01   -4.744551479816e-01    7.892635464668e-01    0.000000000000e+00
 220    7.886562347412e-01    0.000000000000e+00    3.918241560459e-01   -4.738091230392e-01   -3.918241858482e-01   -4.738091528416e-01    7.886562943459e-01    0.000000000000e+00
 221    7.886134982109e-01    0.000000000000e+00    3.935296833515e-01   -4.724649190903e-01   -3.935297131538e-01   -4.724649190903e-01    7.886135578156e-01    0.000000000000e+00
 222    7.890286445618e-01    0.000000000000e+00    3.946622312069e-01   -4.708242416382e-01   -3.946623206139e-01   -4.708243310452e-01    7.890285253525e-01    0.000000000000e+00
 223    7.891035079956e-01    0.000000000000e+00    3.959532976151e-01   -4.696133434772e-01   -3.959533572197e-01   -4.696133136749e-01    7.891034483910e-01    0.000000000000e+00
 224    7.886648774147e-01    0.000000000000e+00    3.977096974850e-01   -4.688652753830e-01   -3.977096974850e-01   -4.688653349876e-01    7.886649370193e-01    0.000000000000e+00
 225    7.885015606880e-01    0.000000000000e+00    3.992574810982e-01   -4.678233265877e-01   -3.992575705051e-01   -4.678233861923e-01    7.885016798973e-01    0.000000000000e+00
 226    7.890730500221e-01    0.000000000000e+00    3.999692797661e-01   -4.662492275238e-01   -3.999691009521e-01   -4.662492573261e-01    7.890730500221e-01    0.000000000000e+00
 227    7.897858619690e-01    0.000000000000e+00    4.001293778419e-01   -4.649029374123e-01   -4.001293778419e-01   -4.649030268192e-01    7.897859811783e-01    0.000000000000e+00
 228    7.898934483528e-01    0.000000000000e+00    4.009005427361e-01   -4.640550911427e-01   -4.009005725384e-01   -4.640550613403e-01    7.898935079575e-01    0.000000000000e+00
 229    7.895376682281e-01    0.000000000000e+00    4.023243486881e-01   -4.634277522564e-01   -4.023243486881e-01   -4.634277820587e-01    7.895376682281e-01    0.000000000000e+00
 230    7.893165946007e-01    0.000000000000e+00    4.037723243237e-01   -4.625442624092e-01   -4.037723839283e-01   -4.625442326069e-01    7.893166542053e-01    0.000000000000e+00
 231    7.895210981369e-01    0.000000000000e+00    4.046543538570e-01   -4.614230692387e-01   -4.046543836594e-01   -4.614232182503e-01    7.895210981369e-01    0.000000000000e+00
 232    7.898788452148e-01    0.000000000000e+00    4.052441120148e-01   -4.602918922901e-01   -4.052441418171e-01   -4.602919518948e-01    7.898788452148e-01    0.000000000000e+00
 233    7.900481224060e-01    0.000000000000e+00    4.059713780880e-01   -4.593595564365e-01   -4.059714078903e-01   -4.593594968319e-01    7.900482416153e-01    0.000000000000e+00
 234    7.901281714439e-01    0.000000000000e+00    4.069261252880e-01   -4.583762288094e-01   -4.069261550903e-01   -4.583760797977e-01    7.901281118393e-01    0.000000000000e+00
 235    7.904480695724e-01    0.000000000000e+00    4.077709019184e-01   -4.570717215538e-01   -4.077710509300e-01   -4.570719003677e-01    7.904480695724e-01    0.000000000000e+00
 236    7.909868359566e-01    0.000000000000e+00    4.083299934864e-01   -4.556386172771e-01   -4.083299040794e-01   -4.556385874748e-01    7.909867167473e-01    0.000000000000e+00
 237    7.914239168167e-01    0.000000000000e+00    4.087105691433e-01   -4.545368850231e-01   -4.087105393410e-01   -4.545369446278e-01    7.914239168167e-01    0.000000000000e+00
 238    7.915946245193e-01    0.000000000000e+00    4.092173576355e-01   -4.537831544876e-01   -4.092173576355e-01   -4.537832438946e-01    7.915946245193e-01    0.000000000000e+00
 239    7.917032241821e-01    0.000000000000e+00    4.099979996681e-01   -4.528879225254e-01   -4.099980890751e-01   -4.528880119324e-01    7.917032241821e-01    0.000000000000e+00
 240    7.919377088547e-01    0.000000000000e+00    4.108828008175e-01   -4.516745805740e-01   -4.108827412128e-01   -4.516745805740e-01    7.919377684593e-01    0.000000000000e+00
 241    7.923604846001e-01    0.000000000000e+00    4.113247096539e-01   -4.505297243595e-01   -4.113246202469e-01   -4.505296349525e-01    7.923603653908e-01    0.000000000000e+00
 242    7.927971482277e-01    0.000000000000e+00    4.112412631512e-01   -4.498367905617e-01   -4.112412929535e-01   -4.498368799686e-01    7.927972674370e-01    0.000000000000e+00
 243    7.932322025299e-01    0.000000000000e+00    4.111919999123e-01   -4.491145610809e-01   -4.111920297146e-01   -4.491146206856e-01    7.932322621346e-01    0.000000000000e+00
 244    7.937486767769e-01    0.000000000000e+00    4.115296304226e-01   -4.478911757469e-01   -4.115296304226e-01   -4.478912353516e-01    7.937485575676e-01    0.000000000000e+00
 245    7.943753004074e-01    0.000000000000e+00    4.118530750275e-01   -4.464804828167e-01   -4.118530452251e-01   -4.464805126190e-01    7.943754196167e-01    0.000000000000e+00
 246    7.951801419258e-01    0.000000000000e+00    4.113271534443e-01   -4.455317258835e-01   -4.113272130489e-01   -4.455317258835e-01    7.951802015305e-01    0.000000000000e+00
 247    7.962347269058e-01    0.000000000000e+00    4.098382890224e-01   -4.450201392174e-01   -4.098381996155e-01   -4.450199902058e-01    7.962347865105e-01    0.000000000000e+00
 248    7.974289655685e-01    0.000000000000e+00    4.083693921566e-01   -4.442314207554e-01   -4.083694219589e-01   -4.442312717438e-01    7.974290251732e-01    0.000000000000e+00
 249    7.986224889755e-01    0.000000000000e+00    4.077046513557e-01   -4.426953494549e-01   -4.077045917511e-01   -4.426952600479e-01    7.986224293709e-01    0.000000000000e+00
 250    7.998922467232e-01    0.000000000000e+00    4.073418676853e-01   -4.407322704792e-01   -4.073419272900e-01   -4.407322704792e-01    7.998923659325e-01    0.000000000000e+00
 251    8.015900850296e-01    0.000000000000e+00    4.058777093887e-01   -4.389948546886e-01   -4.058777689934e-01   -4.389949142933e-01    8.015902042389e-01    0.000000000000e+00
 252    8.038722276688e-01    0.000000000000e+00    4.031016528606e-01   -4.373768568039e-01   -4.031016826630e-01   -4.373768568039e-01    8.038721680641e-01    0.000000000000e+00
