   0    0.000000000000e+00    0.000000000000e+00    0.000000000000e+00    0.000000000000e+00    0.000000000000e+00    0.000000000000e+00    0.000000000000e+00    0.000000000000e+00
   1    0.000000000000e+00    0.000000000000e+00    0.000000000000e+00    0.000000000000e+00    0.000000000000e+00    0.000000000000e+00    0.000000000000e+00    0.000000000000e+00
   2    0.000000000000e+00    0.000000000000e+00    0.000000000000e+00    0.000000000000e+00    0.000000000000e+00    0.000000000000e+00    0.000000000000e+00    0.000000000000e+00
   3    0.000000000000e+00    0.000000000000e+00    0.000000000000e+00    0.000000000000e+00    0.000000000000e+00    0.000000000000e+00    0.000000000000e+00    0.000000000000e+00
   4    0.000000000000e+00    0.000000000000e+00    0.000000000000e+00    0.000000000000e+00    0.000000000000e+00    0.000000000000e+00    0.000000000000e+00    0.000000000000e+00
   5    3.882884357154e-06    5.416826525106e-07    8.349965128218e-07    5.802651230624e-07   -3.314933564980e-06   -5.014183557250e-07   -1.107407427980e-07   -3.875977085954e-07
   6    2.765240878944e-06   -3.241219701522e-07    1.658592282183e-06   -3.432189032537e-06   -2.741654725469e-06    3.830446360098e-07   -1.503272869741e-06    3.759200126296e-06
   7    0.000000000000e+00    0.000000000000e+00    0.000000000000e+00    0.000000000000e+00    0.000000000000e+00    0.000000000000e+00    0.000000000000e+00    0.000000000000e+00
   8    0.000000000000e+00    0.000000000000e+00    0.000000000000e+00    0.000000000000e+00    0.000000000000e+00    0.000000000000e+00    0.000000000000e+00    0.000000000000e+00
   9    0.000000000000e+00    0.000000000000e+00    0.000000000000e+00    0.000000000000e+00    0.000000000000e+00    0.000000000000e+00    0.000000000000e+00    0.000000000000e+00
  10    0.000000000000e+00    0.000000000000e+00    0.000000000000e+00    0.000000000000e+00    0.000000000000e+00    0.000000000000e+00    0.000000000000e+00    0.000000000000e+00
  11    1.636576257624e-06    5.310300252859e-07   -9.209275617650e-07    1.747966621224e-06   -1.657595248616e-06   -4.234983919105e-07    8.918669891500e-07   -1.678779312897e-06
  12    2.416359848212e-06   -6.105590841798e-07   -9.040806503435e-08   -3.892449456089e-07   -2.441528522468e-06    7.580285341646e-07    4.043190315883e-08    5.075750664219e-07
  13    0.000000000000e+00    0.000000000000e+00    0.000000000000e+00    0.000000000000e+00    0.000000000000e+00    0.000000000000e+00    0.000000000000e+00    0.000000000000e+00
  14    1.408182356499e-06    7.992658765943e-07    7.511316084674e-07    2.463504415573e-06   -1.336915033789e-06   -6.791754572077e-07   -5.473410737977e-07   -2.245011046398e-06
  15    5.600836630038e-06    3.097103444816e-06    5.143235739524e-06    7.109144462447e-06   -5.277812761051e-06   -2.724139449128e-06   -4.422274741955e-06   -6.582690275536e-06
  16    5.581621280726e-06    3.505275799398e-06    4.207875463180e-06    6.824092452007e-06   -5.170857548364e-06   -3.118307631667e-06   -3.409999862924e-06   -6.368877166096e-06
  17    8.020832865441e-06    5.020318894822e-06    6.308100637398e-06    9.661330295785e-06   -7.485147762054e-06   -4.339512088336e-06   -5.282957317831e-06   -8.810123290459e-06
  18    5.349957973522e-06    3.886622380378e-06    3.438201247263e-06    6.579532964679e-06   -4.906436970487e-06   -3.256681338826e-06   -2.645187805683e-06   -5.811210940010e-06
  19    8.388330570597e-06    6.239170943445e-06    4.840359451919e-06    1.032164072967e-05   -7.600533535879e-06   -5.293488356983e-06   -3.448299594311e-06   -9.249521099264e-06
  20    1.036219691741e-05    1.214599069499e-05    4.363899734017e-06    1.690853787295e-05   -8.491007065459e-06   -1.070544476534e-05   -1.753906985869e-06   -1.548843101773e-05
  21    1.562712895975e-05    1.040431925503e-05    9.314005183114e-06    1.380044523103e-05   -1.401195913786e-05   -8.736617928662e-06   -6.952386684134e-06   -1.209728634421e-05
  22    1.408226944477e-05    1.420098578819e-05    8.245033313869e-06    1.824968603614e-05   -1.232110844285e-05   -1.319920829701e-05   -5.654042524839e-06   -1.728557799652e-05
  23    1.203983720188e-05    5.938069989497e-06    9.000513273349e-06    6.362743079080e-06   -1.057357349055e-05   -5.293240974424e-06   -6.856965683255e-06   -5.769259132649e-06
  24    2.133503585355e-06    1.105732553697e-05   -3.988286152889e-06    1.273017460335e-05   -8.339033229277e-06   -1.105532828660e-05   -1.890896214718e-06   -1.308973605774e-05
  25    1.774050906533e-05    2.138857780665e-05    1.179917126137e-05    2.499954098312e-05   -1.315858207818e-05   -2.137398587365e-05   -5.871992470929e-06   -2.554157435952e-05
  26    3.131476233875e-08   -3.214450771338e-06   -7.805125278537e-06   -1.815696009544e-06   -9.396770224157e-07    4.942054601997e-06    7.398698016914e-06    3.025707201232e-06
  27    3.188709524693e-05    1.455267920392e-05    2.548821066739e-05    1.712531957310e-05   -9.921794116963e-06   -1.498073197581e-05   -1.051621893566e-06   -1.798859921109e-05
  28    1.713731035125e-05    2.832717291312e-05    6.936831596249e-06    3.475458652247e-05   -1.921081820910e-05   -2.828912693076e-05   -8.279223038699e-06   -3.563118298189e-05
  29   -1.578213300490e-06    9.283210602007e-06   -1.346418139292e-05    9.810139999900e-06    1.522672505416e-06   -1.159125076811e-05    1.279006210098e-05   -1.244966551894e-05
  30   -9.980141840060e-06    2.241560196126e-06   -2.773241794785e-05    7.601713605254e-07   -1.578747833264e-05   -5.210649305809e-06    2.268285612672e-07   -4.380154678074e-06
  31    1.516898919363e-06   -6.510256298498e-06   -2.579697502370e-05   -8.837436325848e-06    6.133043370937e-07    4.523746156337e-06    2.677838892851e-05    5.134029834153e-06
  32   -2.182839671150e-05   -2.313395089004e-05   -4.369665475679e-05   -2.666276304808e-05    1.717292775538e-06    2.180076808145e-05    2.192153806391e-05    2.325800232938e-05
  33   -1.480992978031e-05   -3.823802762781e-05   -3.412597288843e-05   -4.259109118721e-05   -9.690880688140e-06    4.624850043911e-05    7.051173270156e-06    5.029801832279e-05
  34    1.319339389738e-05    9.113389751292e-06    4.314940440509e-07    1.211989274452e-05   -1.375066767650e-05   -6.033875706635e-06   -2.075160182358e-06   -1.044061991706e-05
  35   -1.201761369884e-05   -2.633191434143e-05   -3.602215656429e-05   -2.909171598731e-05   -1.882862420644e-06    3.520533209667e-05    1.906769284687e-05    3.673083847389e-05
  36    6.482412572950e-06   -6.168408435769e-05   -1.800600148272e-05   -7.140734669520e-05   -3.290011954959e-05    8.619630534668e-05   -1.067132143362e-05    9.225923713529e-05
  37   -4.821647053177e-06   -1.075886466424e-04   -4.712332156487e-05   -1.170656469185e-04   -6.224120443221e-05    1.521765661892e-04   -2.393882459728e-05    1.586349535501e-04
  38    1.249058732355e-05   -5.941691051703e-05   -1.286608858209e-05   -6.135329022072e-05   -4.288748095860e-05    8.791622531135e-05   -1.713865640340e-05    8.693074050825e-05
  39   -5.798273195978e-05   -1.294445100939e-04   -1.037165493472e-04   -1.483725645812e-04   -4.804448508366e-06    1.686698378762e-04    3.354919681442e-05    1.850012922660e-04
  40   -7.409937825287e-05   -1.243010774488e-04   -1.246536266990e-04   -1.377699081786e-04   -1.885986057459e-05    1.419285690645e-04    2.140807555406e-05    1.542572572362e-04
  41   -4.338764847489e-05   -1.438617473468e-04   -9.801079431782e-05   -1.618405367481e-04    6.514559572679e-06    1.690610661171e-04    5.761404827354e-05    1.857966999523e-04
  42   -1.161375621450e-04   -2.560356806498e-04   -2.020688261837e-04   -2.925089793280e-04    3.351905434101e-06    2.471995539963e-04    7.189284951892e-05    2.793309395202e-04
  43   -1.038275513565e-04   -2.160429285141e-04   -1.749176444719e-04   -2.452574262861e-04   -2.165105070162e-05    2.212348626927e-04    3.502294202917e-05    2.481775882188e-04
  44   -6.474859401351e-05   -2.015287464019e-04   -1.271594228456e-04   -2.230308309663e-04   -8.150280336849e-05    2.417585928924e-04   -3.108422606601e-05    2.605745394249e-04
  45   -1.537900534458e-04   -4.582391993608e-04   -2.707701642066e-04   -5.168564384803e-04   -5.779412458651e-05    5.083798314445e-04    4.130717570661e-05    5.656878929585e-04
  46   -2.120684803231e-04   -4.514912725426e-04   -3.640703507699e-04   -5.096670938656e-04   -2.311128992005e-05    4.887003451586e-04    9.857968689175e-05    5.502153071575e-04
  47   -3.980878391303e-04   -5.485120927915e-04   -5.967796314508e-04   -6.239155190997e-04    3.464693008937e-06    5.431676399894e-04    1.449766132282e-04    6.189057021402e-04
  48   -2.137775882147e-04   -4.759840376209e-04   -3.804608131759e-04   -5.424413830042e-04   -7.996957720025e-05    5.350342835300e-04    4.744768011733e-05    6.078425794840e-04
  49   -2.239635505248e-04   -4.026726819575e-04   -3.806184104178e-04   -4.588745359797e-04   -1.526445703348e-05    4.334696859587e-04    1.091318335966e-04    4.936557961628e-04
  50   -3.655913169496e-04   -5.992087535560e-04   -5.924997385591e-04   -6.878804997541e-04   -8.079291546892e-06    5.877002258785e-04    1.565824495628e-04    6.790178013034e-04
  51   -4.182548436802e-04   -6.352862110361e-04   -6.615826277994e-04   -7.228672038764e-04   -3.045918128919e-05    5.984254530631e-04    1.383224589517e-04    6.908127688803e-04
  52   -4.800571186934e-04   -6.848720950074e-04   -7.715168176219e-04   -7.808677619323e-04   -1.530149893370e-05    6.484737386927e-04    1.868735125754e-04    7.538592326455e-04
  53   -4.670271882787e-04   -7.002974743955e-04   -7.578810909763e-04   -8.076562662609e-04   -1.026917161653e-04    7.961415685713e-04    1.024859520840e-04    9.197873878293e-04
  54   -6.714037735946e-04   -8.623294997960e-04   -1.044701552019e-03   -9.855569805950e-04   -5.305578724801e-06    8.346501854248e-04    2.350059803575e-04    9.714110055938e-04
  55   -5.909598548897e-04   -8.948016911745e-04   -9.810592746362e-04   -1.041814568453e-03    2.278288229718e-05    8.642859174870e-04    2.942251740023e-04    1.016317633912e-03
  56   -7.115649059415e-04   -1.012877910398e-03   -1.154797151685e-03   -1.168146380223e-03    5.920317107666e-06    9.407355100848e-04    3.035234403796e-04    1.102597918361e-03
  57   -8.229181985371e-04   -1.115455641411e-03   -1.328205224127e-03   -1.279406365938e-03    6.457388735726e-06    1.040887320414e-03    3.295928181615e-04    1.234490540810e-03
  58   -7.765745394863e-04   -1.093621016480e-03   -1.297102542594e-03   -1.262013916858e-03   -2.217341261712e-06    1.005994388834e-03    3.373306826688e-04    1.190911512822e-03
  59   -9.156650630757e-04   -1.148776267655e-03   -1.504032057710e-03   -1.332655316219e-03    3.285204002168e-05    1.047024154104e-03    4.008690011688e-04    1.247129170224e-03
  60   -8.920216350816e-04   -1.152417738922e-03   -1.478044665419e-03   -1.328049227595e-03    1.406526644132e-05    1.041561132297e-03    3.821780264843e-04    1.238552504219e-03
  61   -9.586694650352e-04   -1.200048602186e-03   -1.593242050149e-03   -1.387047115713e-03    2.203093572462e-05    1.067823497579e-03    4.093739844393e-04    1.279713003896e-03
  62   -9.983435738832e-04   -1.321524730884e-03   -1.676588901319e-03   -1.511216862127e-03   -1.305008936470e-05    1.179603510536e-03    4.055205790792e-04    1.408762880601e-03
  63   -9.703534306027e-04   -1.324550947174e-03   -1.651038415730e-03   -1.507865265012e-03   -5.027227234677e-05    1.172563526779e-03    3.715747443493e-04    1.398010877892e-03
  64   -1.027190475725e-03   -1.277036033571e-03   -1.757738180459e-03   -1.469765906222e-03   -2.099676203215e-05    1.119403052144e-03    4.215120570734e-04    1.346982317045e-03
  65   -1.052123960108e-03   -1.346545876004e-03   -1.833927351981e-03   -1.559813274071e-03   -4.598248324328e-06    1.169183407910e-03    4.735445545521e-04    1.414899015799e-03
  66   -1.027496298775e-03   -1.331948675215e-03   -1.802059356123e-03   -1.518993987702e-03   -4.600120155374e-05    1.145924674347e-03    4.267775802873e-04    1.378097338602e-03
  67   -1.132988370955e-03   -1.508005079813e-03   -2.013291465119e-03   -1.732364180498e-03   -7.378547888948e-05    1.304285950027e-03    4.612684133463e-04    1.584632904269e-03
  68   -1.111674006097e-03   -1.414705766365e-03   -1.971109537408e-03   -1.611344749108e-03   -8.889198943507e-05    1.214451622218e-03    4.271634679753e-04    1.467583351769e-03
  69   -1.094931503758e-03   -1.347002340481e-03   -1.963226823136e-03   -1.538932905532e-03   -8.926502050599e-05    1.148203271441e-03    4.296888364479e-04    1.390847377479e-03
  70   -1.112752477638e-03   -1.355204149149e-03   -2.024363027886e-03   -1.545424107462e-03   -1.413436984876e-04    1.168020768091e-03    4.028307157569e-04    1.418930245563e-03
  71   -1.257681054994e-03   -1.484246342443e-03   -2.257264452055e-03   -1.689335098490e-03   -1.074742685887e-04    1.238385215402e-03    4.758285649586e-04    1.514049596153e-03
  72   -1.220445032232e-03   -1.463552936912e-03   -2.221171511337e-03   -1.662739668973e-03   -1.115341146942e-04    1.216378877871e-03    4.765734192915e-04    1.489658956416e-03
  73   -1.170212752186e-03   -1.422296045348e-03   -2.176376292482e-03   -1.619845977984e-03   -1.435264275642e-04    1.195702236146e-03    4.477119073272e-04    1.466752844863e-03
  74   -1.164760789834e-03   -1.410331577063e-03   -2.206254750490e-03   -1.601686701179e-03   -1.980838278541e-04    1.197764067911e-03    4.126798303332e-04    1.470053452067e-03
  75   -1.203994499519e-03   -1.419684500434e-03   -2.267184434459e-03   -1.599439303391e-03   -2.007566945395e-04    1.184391905554e-03    4.162588447798e-04    1.454295706935e-03
  76   -1.240538083948e-03   -1.472166972235e-03   -2.342176623642e-03   -1.648816978559e-03   -2.162744785892e-04    1.215202268213e-03    4.190890176687e-04    1.496478798799e-03
  77   -1.194760436192e-03   -1.398619846441e-03   -2.290562726557e-03   -1.566940452904e-03   -1.994204358198e-04    1.149056130089e-03    4.301516164560e-04    1.419546082616e-03
  78   -1.239123172127e-03   -1.428835792467e-03   -2.377772005275e-03   -1.587410224602e-03   -1.912069274113e-04    1.163617474958e-03    4.571733297780e-04    1.438626321033e-03
  79   -1.283823163249e-03   -1.480496022850e-03   -2.484158147126e-03   -1.638960326090e-03   -2.693030983210e-04    1.228391774930e-03    4.170986649115e-04    1.516383839771e-03
  80   -1.287298509851e-03   -1.449813717045e-03   -2.485328819603e-03   -1.592618762515e-03   -2.663393097464e-04    1.183017971925e-03    4.161380347796e-04    1.460035564378e-03
  81   -1.266072271392e-03   -1.401015673764e-03   -2.468788297847e-03   -1.535009709187e-03   -2.426832943456e-04    1.129120937549e-03    4.403082712088e-04    1.396588981152e-03
  82   -1.227580360137e-03   -1.368875033222e-03   -2.445244463161e-03   -1.503000268713e-03   -3.007542109117e-04    1.131953438744e-03    3.974119317718e-04    1.399575499818e-03
  83   -1.256658462808e-03   -1.345153432339e-03   -2.499513095245e-03   -1.468479866162e-03   -2.898059028666e-04    1.108923228458e-03    4.109683795832e-04    1.371067599393e-03
  84   -1.288312370889e-03   -1.344927819446e-03   -2.551003359258e-03   -1.457297592424e-03   -3.008586645592e-04    1.091499463655e-03    4.064202366862e-04    1.351429615170e-03
  85   -1.272227382287e-03   -1.308159320615e-03   -2.533410210162e-03   -1.414648024365e-03   -3.065005003009e-04    1.053560408764e-03    4.007454845123e-04    1.306787831709e-03
  86   -1.235474250279e-03   -1.256832503714e-03   -2.503450727090e-03   -1.362238544971e-03   -3.073713742197e-04    1.013903529383e-03    4.037371254526e-04    1.262252801098e-03
  87   -1.248759916052e-03   -1.244864310138e-03   -2.537555759773e-03   -1.341865514405e-03   -3.112072008662e-04    1.002380740829e-03    4.085118416697e-04    1.246319618076e-03
  88   -1.292279921472e-03   -1.260633696802e-03   -2.609911607578e-03   -1.341950730421e-03   -3.292946494184e-04    1.007983111776e-03    4.023568762932e-04    1.251009758562e-03
  89   -1.309653162025e-03   -1.263781450689e-03   -2.649225294590e-03   -1.331299310550e-03   -3.343779826537e-04    9.923969628289e-04    4.085144610144e-04    1.233458286151e-03
  90   -1.300298958085e-03   -1.225323067047e-03   -2.658861456439e-03   -1.284666941501e-03   -3.645428514574e-04    9.857560507953e-04    3.819226985797e-04    1.228896318935e-03
  91   -1.296594506130e-03   -1.195952645503e-03   -2.661219798028e-03   -1.256421557628e-03   -3.542480990291e-04    9.527807123959e-04    3.957876469940e-04    1.186594716273e-03
  92   -1.312270644121e-03   -1.171984360553e-03   -2.690850058571e-03   -1.220974954776e-03   -3.647640696727e-04    9.417281253263e-04    3.868911007885e-04    1.172945369035e-03
  93   -1.317161484621e-03   -1.163409324363e-03   -2.706073224545e-03   -1.200513332151e-03   -3.776976373047e-04    9.296790813096e-04    3.823371371254e-04    1.155539299361e-03
  94   -1.320109004155e-03   -1.161451684311e-03   -2.730799606070e-03   -1.187491696328e-03   -3.883271128871e-04    9.240098879673e-04    3.846122126561e-04    1.148685812950e-03
  95   -1.327266101725e-03   -1.156055019237e-03   -2.759239869192e-03   -1.174942241050e-03   -3.932449326385e-04    9.159626788460e-04    3.893265093211e-04    1.141784014180e-03
  96   -1.330627361313e-03   -1.139239873737e-03   -2.779123606160e-03   -1.152032753453e-03   -4.030162235722e-04    9.008292108774e-04    3.867351624649e-04    1.125985174440e-03
  97   -1.341194263659e-03   -1.080875052139e-03   -2.812997670844e-03   -1.076740678400e-03   -4.295807448216e-04    8.942025597207e-04    3.464180917945e-04    1.118242973462e-03
  98   -1.332599669695e-03   -1.089313649572e-03   -2.814097795635e-03   -1.092508668080e-03   -4.151711473241e-04    8.614109829068e-04    3.822603903245e-04    1.078720204532e-03
  99   -1.326398458332e-03   -1.068318728358e-03   -2.826364245266e-03   -1.069353893399e-03   -4.242020659149e-04    8.449339657091e-04    3.783807333093e-04    1.062424154952e-03
 100   -1.324644661509e-03   -1.048688893206e-03   -2.840017667040e-03   -1.042607356794e-03   -4.385717329569e-04    8.283237111755e-04    3.723052504938e-04    1.044929027557e-03
 101   -1.334981527179e-03   -1.040406408720e-03   -2.855235477909e-03   -1.018107635900e-03   -4.557513457257e-04    8.189679356292e-04    3.650055150501e-04    1.029682811350e-03
 102   -1.327903359197e-03   -1.009767409414e-03   -2.853637794033e-03   -9.777528466657e-04   -4.620177787729e-04    7.972655585036e-04    3.589272382669e-04    9.982931660488e-04
 103   -1.320573035628e-03   -9.857894619927e-04   -2.868626499549e-03   -9.524452616461e-04   -4.615951620508e-04    7.774090627208e-04    3.663498209789e-04    9.751818724908e-04
 104   -1.316224341281e-03   -9.709048899822e-04   -2.884748624638e-03   -9.299185476266e-04   -4.788356309291e-04    7.638530805707e-04    3.634351596702e-04    9.580779005773e-04
 105   -1.325938035734e-03   -9.599858312868e-04   -2.903507789597e-03   -9.081021999009e-04   -5.021964898333e-04    7.514804601669e-04    3.544351784512e-04    9.411528008059e-04
 106   -1.342921867035e-03   -9.425221942365e-04   -2.930030692369e-03   -8.766137179919e-04   -5.224610213190e-04    7.435452425852e-04    3.428465279285e-04    9.291095775552e-04
 107   -1.327825128101e-03   -9.049014770426e-04   -2.924102125689e-03   -8.337119943462e-04   -5.282220663503e-04    7.216260419227e-04    3.392687067389e-04    9.010120993480e-04
 108   -1.281036180444e-03   -8.579404093325e-04   -2.877613529563e-03   -7.926551625133e-04   -5.170534714125e-04    6.773247150704e-04    3.552561101969e-04    8.414304465987e-04
 109   -1.277948031202e-03   -8.356950129382e-04   -2.887744689360e-03   -7.645811419934e-04   -5.315574235283e-04    6.579838227481e-04    3.475757839624e-04    8.187174680643e-04
 110   -1.293300651014e-03   -8.302088826895e-04   -2.914540702477e-03   -7.479838677682e-04   -5.514252698049e-04    6.502199685201e-04    3.411108627915e-04    8.065451984294e-04
 111   -1.308528357185e-03   -8.254934800789e-04   -2.948652021587e-03   -7.278971024789e-04   -5.788262933493e-04    6.533613195643e-04    3.322333213873e-04    8.094683289528e-04
 112   -1.293871668167e-03   -8.115253294818e-04   -2.952271606773e-03   -7.052371511236e-04   -5.909900646657e-04    6.461892044172e-04    3.362668503541e-04    8.008155855350e-04
 113   -1.275954185985e-03   -7.797833532095e-04   -2.950394526124e-03   -6.662338855676e-04   -6.035630940460e-04    6.276095518842e-04    3.354692016728e-04    7.763116736896e-04
 114   -1.265221624635e-03   -7.543455576524e-04   -2.937109442428e-03   -6.380166159943e-04   -6.224016542546e-04    6.093595293351e-04    3.256640920881e-04    7.493079174310e-04
 115   -1.264194375835e-03   -7.360501913354e-04   -2.934832824394e-03   -6.118501769379e-04   -6.519065937027e-04    5.967353354208e-04    3.102929622401e-04    7.292882073671e-04
 116   -1.256208168343e-03   -7.240802515298e-04   -2.933561569080e-03   -5.917871603742e-04   -6.765155121684e-04    5.883250851184e-04    3.029860963579e-04    7.152933394536e-04
 117   -1.242832164280e-03   -7.032245048322e-04   -2.938806777820e-03   -5.672059487551e-04   -6.987361703068e-04    5.760572967120e-04    2.977146650665e-04    6.985556101426e-04
 118   -1.235294621438e-03   -6.770548061468e-04   -2.950313035399e-03   -5.390748847276e-04   -7.223893771879e-04    5.628525395878e-04    2.930224291049e-04    6.831677164882e-04
 119   -1.239303383045e-03   -6.654319586232e-04   -2.966962056234e-03   -5.170420627110e-04   -7.837243028916e-04    5.657040164806e-04    2.579757128842e-04    6.889085052535e-04
 120   -1.255662646145e-03   -6.668163114227e-04   -2.993171801791e-03   -5.012974143028e-04   -8.402102976106e-04    5.719318869524e-04    2.325168170501e-04    6.984065985307e-04
 121   -1.322266645730e-03   -7.103906827979e-04   -3.064724151045e-03   -5.110123893246e-04   -9.538615704514e-04    6.129979738034e-04    1.652997307247e-04    7.520416984335e-04
 122   -1.323308562860e-03   -6.943641346879e-04   -3.086171345785e-03   -4.893704899587e-04   -9.789608884603e-04    6.062171887606e-04    1.618032401893e-04    7.433985592797e-04
 123   -1.311380532570e-03   -6.827131728642e-04   -3.097343025729e-03   -4.716418625321e-04   -1.003389828838e-03    5.977851687931e-04    1.618762180442e-04    7.361916359514e-04
 124   -1.305991550907e-03   -6.616802420467e-04   -3.113208105788e-03   -4.432961577550e-04   -1.025529811159e-03    5.828001303598e-04    1.654615916777e-04    7.216195808724e-04
 125   -1.293333712965e-03   -6.461035809480e-04   -3.119229339063e-03   -4.213482025079e-04   -1.052324078046e-03    5.705526564270e-04    1.638433022890e-04    7.063951925375e-04
 126   -1.283177523874e-03   -6.326079019345e-04   -3.128828946501e-03   -4.030376730952e-04   -1.076596556231e-03    5.591635126621e-04    1.627301389817e-04    6.902298773639e-04
 127   -1.280199387111e-03   -6.181561038829e-04   -3.148805815727e-03   -3.843233862426e-04   -1.096679014154e-03    5.479684914462e-04    1.650969497859e-04    6.784739089198e-04
 128   -1.276124268770e-03   -6.048388895579e-04   -3.168803406879e-03   -3.659458598122e-04   -1.119216438383e-03    5.393151659518e-04    1.663392613409e-04    6.747876177542e-04
 129   -1.263039303012e-03   -6.000060238875e-04   -3.177927108482e-03   -3.568475658540e-04   -1.147545874119e-03    5.381102673709e-04    1.651819911785e-04    6.795665249228e-04
 130   -1.244958955795e-03   -5.794135504402e-04   -3.181237261742e-03   -3.332911001053e-04   -1.175617566332e-03    5.185131449252e-04    1.662583090365e-04    6.608964758925e-04
 131   -1.224645529874e-03   -5.661327741109e-04   -3.181641688570e-03   -3.182333894074e-04   -1.203605905175e-03    5.065789446235e-04    1.639150432311e-04    6.463634199463e-04
 132   -1.221393817104e-03   -5.415129126050e-04   -3.200343111530e-03   -2.885370922741e-04   -1.217060256749e-03    4.869514086749e-04    1.744846958900e-04    6.236824556254e-04
 133   -1.207450754009e-03   -5.266273510642e-04   -3.208602778614e-03   -2.656732976902e-04   -1.241153571755e-03    4.794503911398e-04    1.763853506418e-04    6.152971182019e-04
 134   -1.199282472953e-03   -5.107746692374e-04   -3.228022716939e-03   -2.409352600807e-04   -1.260666409507e-03    4.694943199866e-04    1.899436465465e-04    6.040085572749e-04
 135   -1.183919957839e-03   -5.001596873626e-04   -3.246822627261e-03   -2.247919182992e-04   -1.287301885895e-03    4.598980885930e-04    2.004087000387e-04    5.934020155109e-04
 136   -1.165804686025e-03   -4.915500176139e-04   -3.266192506999e-03   -2.133585512638e-04   -1.307505299337e-03    4.472044820432e-04    2.164257894037e-04    5.822040257044e-04
 137   -1.152590615675e-03   -4.813891137019e-04   -3.287085797638e-03   -1.999997621169e-04   -1.328651909716e-03    4.365227068774e-04    2.279423642904e-04    5.753439036198e-04
 138   -1.140922773629e-03   -4.696460673586e-04   -3.307908307761e-03   -1.819620520109e-04   -1.355560147204e-03    4.285297472961e-04    2.351979928790e-04    5.687746452168e-04
 139   -1.125504262745e-03   -4.623252898455e-04   -3.328647464514e-03   -1.689178752713e-04   -1.379241584800e-03    4.223753057886e-04    2.506870368961e-04    5.620142910630e-04
 140   -1.106249983422e-03   -4.445491649676e-04   -3.348108381033e-03   -1.493782328907e-04   -1.406173571013e-03    4.042623622809e-04    2.637427533045e-04    5.453722551465e-04
 141   -1.086445525289e-03   -4.333679389674e-04   -3.369582351297e-03   -1.371015823679e-04   -1.431692857295e-03    3.926774370484e-04    2.794853062369e-04    5.378313362598e-04
 142   -1.064419280738e-03   -4.213305073790e-04   -3.385972231627e-03   -1.199616672238e-04   -1.449333503842e-03    3.810925118160e-04    3.018790739588e-04    5.280109471641e-04
 143   -1.045461860485e-03   -4.078673373442e-04   -3.404593560845e-03   -9.828776819631e-05   -1.471424824558e-03    3.698258369695e-04    3.213077143300e-04    5.148748168722e-04
 144   -1.027272315696e-03   -4.009998810943e-04   -3.427346702665e-03   -8.519655239070e-05   -1.494198571891e-03    3.618383489083e-04    3.426086914260e-04    5.065280129202e-04
 145   -1.011772197671e-03   -3.924564225599e-04   -3.458906663582e-03   -7.415641448461e-05   -1.512764836662e-03    3.495318524074e-04    3.698492364492e-04    4.995233030058e-04
 146   -9.858048288152e-04   -3.909181978088e-04   -3.483931301162e-03   -7.227562309708e-05   -1.538891228847e-03    3.443257301114e-04    3.918309521396e-04    5.039956886321e-04
 147   -9.636686882004e-04   -3.786708693951e-04   -3.509587375447e-03   -5.692638296750e-05   -1.559826661833e-03    3.311074979138e-04    4.180596151855e-04    4.963880637661e-04
 148   -9.298807126470e-04   -3.747251757886e-04   -3.522688988596e-03   -4.632187847164e-05   -1.592133776285e-03    3.272847970948e-04    4.342529864516e-04    4.924527602270e-04
 149   -9.213620214723e-04   -3.534084826242e-04   -3.563087200746e-03   -1.588673694641e-05   -1.609780476429e-03    3.068782098126e-04    4.655678931158e-04    4.709885688499e-04
 150   -8.989845518954e-04   -3.460710868239e-04   -3.595348214731e-03   -2.207833631473e-06   -1.623313291930e-03    2.993177622557e-04    5.039684474468e-04    4.680435231421e-04
 151   -8.723697974347e-04   -3.399307315703e-04   -3.626440418884e-03    8.480255928589e-06   -1.638993970118e-03    2.921771956608e-04    5.429753218777e-04    4.683894803748e-04
 152   -8.445465355180e-04   -3.332845808472e-04   -3.657618537545e-03    2.158088136639e-05   -1.670716097578e-03    2.823274699040e-04    5.676007131115e-04    4.634748329408e-04
 153   -8.153913076967e-04   -3.287219442427e-04   -3.689902368933e-03    3.487734284136e-05   -1.697032130323e-03    2.726957609411e-04    5.996367544867e-04    4.557502106763e-04
 154   -7.873300346546e-04   -3.239921061322e-04   -3.723529400304e-03    4.768500730279e-05   -1.720386324450e-03    2.645838831086e-04    6.347647868097e-04    4.507408011705e-04
 155   -7.600942626595e-04   -3.141908091493e-04   -3.757435828447e-03    6.366369780153e-05   -1.738484250382e-03    2.536447718740e-04    6.767285522074e-04    4.455450398382e-04
 156   -7.260024431162e-04   -2.999754797202e-04   -3.785741049796e-03    8.388928108616e-05   -1.760254614055e-03    2.357660705457e-04    7.167749572545e-04    4.356340214144e-04
 157   -6.950374809094e-04   -3.012188244611e-04   -3.821864258498e-03    9.037644485943e-05   -1.781058381312e-03    2.291214623256e-04    7.594357011840e-04    4.351912648417e-04
 158   -6.669973954558e-04   -2.956415410154e-04   -3.864306723699e-03    1.030514831655e-04   -1.801573554985e-03    2.160423464375e-04    8.018619846553e-04    4.260953282937e-04
 159   -6.317928200588e-04   -2.915009099524e-04   -3.902211086825e-03    1.142088367487e-04   -1.824414939620e-03    2.079067635350e-04    8.443855331279e-04    4.220290866215e-04
 160   -5.996659165248e-04   -2.805905824061e-04   -3.943714778870e-03    1.363096380373e-04   -1.846451428719e-03    1.936676853802e-04    8.897985098884e-04    4.138832155149e-04
 161   -5.703046335839e-04   -2.763138036244e-04   -3.993145190179e-03    1.548016152810e-04   -1.867407700047e-03    1.805700012483e-04    9.412941290066e-04    4.091324517503e-04
 162   -5.270877154544e-04   -2.708949614316e-04   -4.030775744468e-03    1.694876409601e-04   -1.890645013191e-03    1.646054151934e-04    9.896169649437e-04    3.996209998149e-04
 163   -4.794318519998e-04   -2.668634115253e-04   -4.067703615874e-03    1.761832099874e-04   -1.910849707201e-03    1.506868575234e-04    1.043258816935e-03    3.896476991940e-04
 164   -4.318016872276e-04   -2.635054697748e-04   -4.108820110559e-03    1.834222639445e-04   -1.923042465933e-03    1.426631642971e-04    1.111628487706e-03    3.866576589644e-04
 165   -3.901097516064e-04   -2.549992059357e-04   -4.158250521868e-03    2.050585899269e-04   -1.941853086464e-03    1.310881489189e-04    1.178885460831e-03    3.838660195470e-04
 166   -3.512848925311e-04   -2.482265408617e-04   -4.206601995975e-03    2.301071217516e-04   -1.959518529475e-03    1.205669759656e-04    1.243901206180e-03    3.824939776678e-04
 167   -3.029511135537e-04   -2.373570605414e-04   -4.244346637279e-03    2.550095668994e-04   -1.982877263799e-03    1.028867336572e-04    1.299271942116e-03    3.698084910866e-04
 168   -2.490634797141e-04   -2.262942871312e-04   -4.283020272851e-03    2.727319952101e-04   -2.005814108998e-03    8.318567415699e-05    1.356387161650e-03    3.540144534782e-04
 169   -1.932699524332e-04   -2.183928736486e-04   -4.328069277108e-03    2.890160540119e-04   -2.028135349974e-03    6.694647890981e-05    1.420624670573e-03    3.452548698988e-04
 170   -1.490401191404e-04   -2.132092049578e-04   -4.384719766676e-03    3.102333575953e-04   -2.041687257588e-03    5.300909469952e-05    1.496477518231e-03    3.416589170229e-04
 171   -9.657451300882e-05   -2.081275306409e-04   -4.430790897459e-03    3.305858408567e-04   -2.060964237899e-03    3.900582305505e-05    1.566874329001e-03    3.399073611945e-04
 172   -3.249213841627e-05   -2.070493501378e-04   -4.468088038266e-03    3.427507181186e-04   -2.088516484946e-03    2.658118137333e-05    1.632204162888e-03    3.381231799722e-04
 173    3.180931526003e-05   -2.014345518546e-04   -4.513410385698e-03    3.599626361392e-04   -2.113078953698e-03    7.608558917127e-06    1.705541857518e-03    3.292453184258e-04
 174    9.681939991424e-05   -2.003310510190e-04   -4.567394964397e-03    3.792150237132e-04   -2.132931724191e-03   -4.708510914497e-06    1.788807334378e-03    3.280522360001e-04
 175    1.584921119502e-04   -1.994557969738e-04   -4.625344648957e-03    4.023133951705e-04   -2.150593791157e-03   -1.562292345625e-05    1.871347893029e-03    3.265500999987e-04
 176    2.307524700882e-04   -1.903429802042e-04   -4.673345480114e-03    4.279073909856e-04   -2.174441469833e-03   -3.347211168148e-05    1.948788645677e-03    3.182346408721e-04
 177    3.021618467756e-04   -1.787542860257e-04   -4.719614516944e-03    4.534322943073e-04   -2.192854182795e-03   -5.242772022029e-05    2.033041091636e-03    3.056574496441e-04
 178    3.703651018441e-04   -1.663528964855e-04   -4.774162080139e-03    4.827981756534e-04   -2.207752782851e-03   -7.456223829649e-05    2.128400374204e-03    2.933926298283e-04
 179    4.380437894724e-04   -1.636044908082e-04   -4.832743201405e-03    5.079712718725e-04   -2.220974536613e-03   -9.019468416227e-05    2.225938020274e-03    2.913798962254e-04
 180    5.131638026796e-04   -1.688155753072e-04   -4.893759265542e-03    5.203228793107e-04   -2.239660592750e-03   -1.017926697386e-04    2.320401137695e-03    2.965877065435e-04
 181    6.020001601428e-04   -1.738419523463e-04   -4.950009286404e-03    5.287558306009e-04   -2.267304807901e-03   -1.146542563220e-04    2.409998327494e-03    2.961891877931e-04
 182    6.867350894026e-04   -1.697728293948e-04   -5.013135727495e-03    5.493597709574e-04   -2.291022567078e-03   -1.338498113910e-04    2.507722470909e-03    2.851940807886e-04
 183    7.645732839592e-04   -1.599297102075e-04   -5.077797453851e-03    5.815961048938e-04   -2.302778884768e-03   -1.531538873678e-04    2.616515150294e-03    2.776327601168e-04
 184    8.426856365986e-04   -1.533964095870e-04   -5.142684094608e-03    6.093052797951e-04   -2.317551290616e-03   -1.735983096296e-04    2.721331780776e-03    2.777148329187e-04
 185    9.289408335462e-04   -1.532435126137e-04   -5.203723907471e-03    6.266491836868e-04   -2.333186101168e-03   -1.911718718475e-04    2.824133960530e-03    2.804910182022e-04
 186    1.022838405333e-03   -1.533947215648e-04   -5.264641717076e-03    6.462036981247e-04   -2.351390430704e-03   -2.087556204060e-04    2.928369678557e-03    2.728660765570e-04
 187    1.116635277867e-03   -1.427488750778e-04   -5.325254518539e-03    6.831242935732e-04   -2.368528861552e-03   -2.304276858922e-04    3.036772366613e-03    2.522609720472e-04
 188    1.207210705616e-03   -1.242063008249e-04   -5.388527177274e-03    7.323669851758e-04   -2.384042833000e-03   -2.561743895058e-04    3.152312478051e-03    2.276236191392e-04
 189    1.299586845562e-03   -1.064107855200e-04   -5.452999379486e-03    7.733128149994e-04   -2.395646413788e-03   -2.827938005794e-04    3.275169758126e-03    2.145510225091e-04
 190    1.376690343022e-03   -1.072032100637e-04   -5.454897414893e-03    7.866048254073e-04   -2.382769482210e-03   -2.987009938806e-04    3.352723782882e-03    2.139423595509e-04
 191    1.393398852088e-03   -9.808922914090e-05   -5.182995926589e-03    7.934761233628e-04   -2.274216385558e-03   -3.137209278066e-04    3.236355260015e-03    2.043974382104e-04
 192    1.533933915198e-03   -9.585489169694e-05   -5.339333787560e-03    8.171378867701e-04   -2.332690870389e-03   -3.320499090478e-04    3.428014228120e-03    2.014536148636e-04
 193    1.724883331917e-03   -8.236202847911e-05   -5.668740719557e-03    8.669627713971e-04   -2.451919950545e-03   -3.640786162578e-04    3.748531220481e-03    1.954606414074e-04
 194    1.836571609601e-03   -7.642441778444e-05   -5.738103296608e-03    8.888990851119e-04   -2.463908866048e-03   -3.846946929116e-04    3.886333201081e-03    1.924574171426e-04
 195    1.903177937493e-03   -8.322755456902e-05   -5.640805698931e-03    8.656725403853e-04   -2.414353890345e-03   -3.773854987230e-04    3.917847760022e-03    1.860397169366e-04
 196    2.043352229521e-03   -8.918831008486e-05   -5.790241528302e-03    9.083983022720e-04   -2.457413356751e-03   -4.006538074464e-04    4.096338059753e-03    1.931693259394e-04
 197    2.170745050535e-03   -8.643747423775e-05   -5.918466020375e-03    9.627122199163e-04   -2.488241530955e-03   -4.274922248442e-04    4.260316025466e-03    1.927581033669e-04
 198    2.254996681586e-03   -7.336852286244e-05   -5.938289687037e-03    1.001915894449e-03   -2.477508969605e-03   -4.573887272272e-04    4.343724809587e-03    1.863374491222e-04
 199    2.186048543081e-03   -5.555596726481e-05   -5.584119819105e-03    1.010996638797e-03   -2.321105450392e-03   -4.782325122505e-04    4.126208834350e-03    1.722961169435e-04
 200    2.254463033751e-03   -5.678232628270e-05   -5.521744024009e-03    1.024325611070e-03   -2.287671901286e-03   -4.889814881608e-04    4.150502383709e-03    1.670759811532e-04
 201    2.494157291949e-03   -4.218228423269e-05   -5.839048884809e-03    1.060793991201e-03   -2.389947185293e-03   -5.123472656123e-04    4.501679446548e-03    1.501212827861e-04
 202    2.633630996570e-03   -3.539778845152e-05   -5.963174626231e-03    1.090744277462e-03   -2.401133999228e-03   -5.337036564015e-04    4.698365926743e-03    1.364882627968e-04
 203    2.753057982773e-03   -1.308520586463e-05   -6.031582597643e-03    1.121208653785e-03   -2.402389189228e-03   -5.624668556266e-04    4.848610144109e-03    1.202707135235e-04
 204    2.994069131091e-03    3.474155619188e-06   -6.376236677170e-03    1.208105008118e-03   -2.505770884454e-03   -6.101049948484e-04    5.228451918811e-03    1.212802380905e-04
 205    3.079371992499e-03    8.937873644754e-06   -6.324657704681e-03    1.211560913362e-03   -2.485773060471e-03   -6.163518410176e-04    5.273605231196e-03    1.078042259905e-04
 206    3.294832538813e-03    2.127287916664e-05   -6.593375466764e-03    1.302598277107e-03   -2.551264129579e-03   -6.673127063550e-04    5.593411624432e-03    1.092665843316e-04
 207    3.361066104844e-03    3.245409970987e-05   -6.560872774571e-03    1.310825697146e-03   -2.497169887647e-03   -6.772097549401e-04    5.673167761415e-03    7.621525583090e-05
 208    3.554047318175e-03    6.316734652501e-05   -6.772708613425e-03    1.393123646267e-03   -2.530063968152e-03   -7.293818634935e-04    5.948583129793e-03    7.472607831005e-05
 209    3.721272572875e-03    7.952495798236e-05   -6.903334986418e-03    1.436832477339e-03   -2.560079796240e-03   -7.614669157192e-04    6.139998324215e-03    8.809701830614e-05
 210    3.909333609045e-03    9.474198304815e-05   -7.082748226821e-03    1.504164887592e-03   -2.602531109005e-03   -8.033463964239e-04    6.373002659529e-03    9.956048597815e-05
 211    4.046387039125e-03    1.144131965702e-04   -7.164799608290e-03    1.550653018057e-03   -2.598185557872e-03   -8.394469041377e-04    6.541258189827e-03    8.625994087197e-05
 212    4.193918313831e-03    1.471601281082e-04   -7.249211892486e-03    1.603335025720e-03   -2.588859293610e-03   -8.824895485304e-04    6.715347524732e-03    6.435208342737e-05
 213    4.355879966170e-03    1.724551402731e-04   -7.341859396547e-03    1.644362811930e-03   -2.591680036858e-03   -9.179594926536e-04    6.886412855238e-03    6.173519068398e-05
 214    4.511840641499e-03    1.837878371589e-04   -7.444345857948e-03    1.673860475421e-03   -2.604047767818e-03   -9.428416960873e-04    7.055532187223e-03    7.998288492672e-05
 215    4.655078984797e-03    1.972805184778e-04   -7.538797333837e-03    1.709815580398e-03   -2.608909038827e-03   -9.615250164643e-04    7.228563074023e-03    9.676168701844e-05
 216    4.792453255504e-03    2.267280215165e-04   -7.620726246387e-03    1.762369065545e-03   -2.599450526759e-03   -9.848161134869e-04    7.401589304209e-03    9.146538650384e-05
 217    4.940905608237e-03    2.644249179866e-04   -7.699813693762e-03    1.828491804190e-03   -2.579696243629e-03   -1.012589200400e-03    7.577892858535e-03    7.565880514449e-05
 218    5.099256057292e-03    2.975928073283e-04   -7.804175373167e-03    1.895473338664e-03   -2.577549079433e-03   -1.050794497132e-03    7.758504711092e-03    6.825391028542e-05
 219    5.251042544842e-03    3.281908866484e-04   -7.922322489321e-03    1.955784158781e-03   -2.579836640507e-03   -1.091019017622e-03    7.945179939270e-03    7.787845970597e-05
 220    5.391822662205e-03    3.562474739738e-04   -8.028591051698e-03    1.999030821025e-03   -2.579459920526e-03   -1.125781447627e-03    8.119148202240e-03    8.914526551962e-05
 221    5.540574900806e-03    3.827251784969e-04   -8.113265037537e-03    2.030220814049e-03   -2.579461084679e-03   -1.156254089437e-03    8.275319822133e-03    8.799199713394e-05
 222    5.707611795515e-03    4.156913782936e-04   -8.195346221328e-03    2.070688176900e-03   -2.572278957814e-03   -1.185079221614e-03    8.445807732642e-03    8.469775639242e-05
 223    5.867157131433e-03    4.663801810239e-04   -8.299397304654e-03    2.134770154953e-03   -2.561502624303e-03   -1.223453320563e-03    8.635475300252e-03    8.756665920373e-05
 224    6.000191904604e-03    5.267573287711e-04   -8.413980714977e-03    2.207666402683e-03   -2.535220934078e-03   -1.263774000108e-03    8.831639774144e-03    1.018254042719e-04
 225    6.143144331872e-03    5.781592917629e-04   -8.516877889633e-03    2.264756942168e-03   -2.538980683312e-03   -1.300343428738e-03    8.996195159853e-03    1.113836624427e-04
 226    6.309856195003e-03    6.254561594687e-04   -8.588355034590e-03    2.309315605089e-03   -2.541083144024e-03   -1.326617435552e-03    9.150122292340e-03    1.215248557855e-04
 227    6.477490998805e-03    6.841199938208e-04   -8.659802377224e-03    2.362850122154e-03   -2.528833691031e-03   -1.357632922009e-03    9.315161965787e-03    1.273075176869e-04
 228    6.626760121435e-03    7.559446967207e-04   -8.760476484895e-03    2.432260662317e-03   -2.509471494704e-03   -1.396417734213e-03    9.500812739134e-03    1.313334942097e-04
 229    6.761086173356e-03    8.218750590459e-04   -8.880433626473e-03    2.497154986486e-03   -2.486845012754e-03   -1.432792400010e-03    9.692816063762e-03    1.463656954002e-04
 230    6.901835091412e-03    8.720498299226e-04   -8.996983990073e-03    2.539855893701e-03   -2.473802072927e-03   -1.460093772039e-03    9.872041642666e-03    1.779675512807e-04
 231    7.053437177092e-03    9.214505553246e-04   -9.100136347115e-03    2.570061245933e-03   -2.463057637215e-03   -1.486482564360e-03    1.003777328879e-02    2.163893659599e-04
 232    7.203899323940e-03    9.927599458024e-04   -9.203216060996e-03    2.612948650494e-03   -2.435411792248e-03   -1.516925287433e-03    1.021162606776e-02    2.504620351829e-04
 233    7.339574396610e-03    1.081582508050e-03   -9.318637661636e-03    2.670620102435e-03   -2.397522097453e-03   -1.552036264911e-03    1.039224769920e-02    2.775987959467e-04
 234    7.462565321475e-03    1.165609108284e-03   -9.446667507291e-03    2.728885971010e-03   -2.368674147874e-03   -1.582024153322e-03    1.056716684252e-02    3.090975515079e-04
 235    7.591856177896e-03    1.244301442057e-03   -9.567278437316e-03    2.780529903248e-03   -2.349720802158e-03   -1.604644581676e-03    1.073711458594e-02    3.599714254960e-04
 236    7.732657250017e-03    1.327661797404e-03   -9.679579176009e-03    2.829708158970e-03   -2.338663907722e-03   -1.628769561648e-03    1.090203691274e-02    4.155811911914e-04
 237    7.879522629082e-03    1.437752274796e-03   -9.789640083909e-03    2.888220129535e-03   -2.305718604475e-03   -1.657488173805e-03    1.108215562999e-02    4.670576890931e-04
 238    8.013296872377e-03    1.556391129270e-03   -9.912634268403e-03    2.943618223071e-03   -2.256219973788e-03   -1.686552888714e-03    1.126702688634e-02    5.118556437083e-04
 239    8.138463832438e-03    1.663025468588e-03   -1.003893837333e-02    2.987838350236e-03   -2.210719045252e-03   -1.708848052658e-03    1.144513953477e-02    5.620992742479e-04
 240    8.276460692286e-03    1.770583447069e-03   -1.015518233180e-02    3.033743938431e-03   -2.188871847466e-03   -1.728665316477e-03    1.161407120526e-02    6.251726299524e-04
 241    8.422300219536e-03    1.902380492538e-03   -1.026827376336e-02    3.081756178290e-03   -2.169190673158e-03   -1.750113093294e-03    1.178453210741e-02    7.113061728887e-04
 242    8.551047183573e-03    2.075107302517e-03   -1.038810983300e-02    3.127961652353e-03   -2.125632017851e-03   -1.771910698153e-03    1.195325050503e-02    8.184055914171e-04
 243    8.671958930790e-03    2.271562116221e-03   -1.051238831133e-02    3.170527517796e-03   -2.080614212900e-03   -1.783435931429e-03    1.211518421769e-02    9.309659944847e-04
 244    8.788991719484e-03    2.460464602336e-03   -1.063091866672e-02    3.214951837435e-03   -2.035617129877e-03   -1.792057999410e-03    1.227368135005e-02    1.030007726513e-03
 245    8.909306488931e-03    2.638688776642e-03   -1.074815634638e-02    3.257964272052e-03   -1.993937417865e-03   -1.807533088140e-03    1.242799870670e-02    1.118898973800e-03
 246    9.034845046699e-03    2.843282418326e-03   -1.087508164346e-02    3.274044720456e-03   -1.954405801371e-03   -1.815201016143e-03    1.257047243416e-02    1.255649025552e-03
 247    9.161854162812e-03    3.122848225757e-03   -1.101085077971e-02    3.248560940847e-03   -1.912472187541e-03   -1.784274238162e-03    1.270283851773e-02    1.487166853622e-03
 248    9.279861114919e-03    3.451891476288e-03   -1.115336921066e-02    3.202395280823e-03   -1.859422191046e-03   -1.710983226076e-03    1.285136956722e-02    1.765520311892e-03
 249    9.377665817738e-03    3.752226009965e-03   -1.130776386708e-02    3.160504624248e-03   -1.791059854440e-03   -1.629247562960e-03    1.303003728390e-02    1.999278320000e-03
 250    9.460576809943e-03    4.074153490365e-03   -1.147327665240e-02    3.104712814093e-03   -1.717870472930e-03   -1.548794563860e-03    1.320899929851e-02    2.236579079181e-03
 251    9.513506665826e-03    4.636157769710e-03   -1.164936926216e-02    2.955087693408e-03   -1.641615061089e-03   -1.405961578712e-03    1.334836054593e-02    2.723808865994e-03
 252    9.548046626151e-03    5.580794531852e-03   -1.184191182256e-02    2.647583372891e-03   -1.571393106133e-03   -1.105673494749e-03    1.346134673804e-02    3.602763405070e-03
