   0    0.000000000000e+00    0.000000000000e+00    0.000000000000e+00    0.000000000000e+00    0.000000000000e+00    0.000000000000e+00    0.000000000000e+00    0.000000000000e+00
   1    0.000000000000e+00    0.000000000000e+00    0.000000000000e+00    0.000000000000e+00    0.000000000000e+00    0.000000000000e+00    0.000000000000e+00    0.000000000000e+00
   2    0.000000000000e+00    0.000000000000e+00    0.000000000000e+00    0.000000000000e+00    0.000000000000e+00    0.000000000000e+00    0.000000000000e+00    0.000000000000e+00
   3    0.000000000000e+00    0.000000000000e+00    0.000000000000e+00    0.000000000000e+00    0.000000000000e+00    0.000000000000e+00    0.000000000000e+00    0.000000000000e+00
   4    0.000000000000e+00    0.000000000000e+00    0.000000000000e+00    0.000000000000e+00    0.000000000000e+00    0.000000000000e+00    0.000000000000e+00    0.000000000000e+00
   5    0.000000000000e+00    0.000000000000e+00    0.000000000000e+00    0.000000000000e+00    0.000000000000e+00    0.000000000000e+00    0.000000000000e+00    0.000000000000e+00
   6   -4.501067678575e-07    0.000000000000e+00    2.768722140445e-07    0.000000000000e+00   -7.010488843662e-06    0.000000000000e+00   -7.750913027849e-06    0.000000000000e+00
   7    0.000000000000e+00    0.000000000000e+00    0.000000000000e+00    0.000000000000e+00    0.000000000000e+00    0.000000000000e+00    0.000000000000e+00    0.000000000000e+00
   8    0.000000000000e+00    0.000000000000e+00    0.000000000000e+00    0.000000000000e+00    0.000000000000e+00    0.000000000000e+00    0.000000000000e+00    0.000000000000e+00
   9    0.000000000000e+00    0.000000000000e+00    0.000000000000e+00    0.000000000000e+00    0.000000000000e+00    0.000000000000e+00    0.000000000000e+00    0.000000000000e+00
  10   -7.088323400239e-06    0.000000000000e+00   -6.884130016260e-06    0.000000000000e+00   -1.383612811878e-06    0.000000000000e+00   -1.592642888681e-06    0.000000000000e+00
  11   -4.914478722640e-06    0.000000000000e+00   -4.594944584824e-06    0.000000000000e+00   -4.195243946015e-06    0.000000000000e+00   -4.526209067990e-06    0.000000000000e+00
  12    0.000000000000e+00    0.000000000000e+00    0.000000000000e+00    0.000000000000e+00    0.000000000000e+00    0.000000000000e+00    0.000000000000e+00    0.000000000000e+00
  13    0.000000000000e+00    0.000000000000e+00    0.000000000000e+00    0.000000000000e+00    0.000000000000e+00    0.000000000000e+00    0.000000000000e+00    0.000000000000e+00
  14   -1.170325276689e-06    0.000000000000e+00   -1.389805220242e-06    0.000000000000e+00   -7.082028787408e-06    0.000000000000e+00   -6.873096936033e-06    0.000000000000e+00
  15   -3.096893124166e-05   -1.508899913460e-05   -3.369437399670e-05   -1.438555955247e-05    1.022256401484e-05    8.048818563111e-05    1.296064328926e-05    7.969361467985e-05
  16   -1.178713500849e-05    1.028292081173e-05   -1.300231269852e-05    1.120008164435e-05   -2.078519719362e-05    6.565928197233e-05   -1.965179035324e-05    6.462907913374e-05
  17    1.221009256369e-06    7.894040209067e-06    4.797425390279e-07    8.685462489666e-06   -1.685413008090e-05    2.831745769072e-05   -1.622355375730e-05    2.746888822003e-05
  18    2.494200089131e-06    1.157048359346e-07    2.777866257020e-07    4.425101849392e-07   -4.229234036757e-05    4.885267844656e-05   -4.016681123176e-05    4.851135599893e-05
  19   -4.027236718684e-05   -5.163573587197e-05   -4.774976696353e-05   -5.140319262864e-05   -4.910300776828e-05    2.180589217460e-04   -4.205044751870e-05    2.174800611101e-04
  20   -9.150325058727e-05   -6.432486406993e-05   -1.022575597744e-04   -6.283514085226e-05   -2.704146390897e-05    2.942528517451e-04   -1.685464121692e-05    2.923375868704e-04
  21   -1.203336796607e-04   -1.178233505925e-04   -1.391853729729e-04   -1.166827714769e-04   -3.816448224825e-05    4.999469965696e-04   -1.990123928408e-05    4.981750389561e-04
  22   -3.042260941584e-04   -1.389907847624e-04   -3.388588083908e-04   -1.354644628009e-04    4.270717545296e-05    9.148994577117e-04    7.645912410226e-05    9.107916266657e-04
  23   -2.917801029980e-04   -1.373569248244e-04   -3.318799135741e-04   -1.331961975666e-04   -1.814441930037e-05    9.829252958298e-04    2.060437873297e-05    9.780948748812e-04
  24   -3.547773230821e-04   -1.681443245616e-04   -4.037286271341e-04   -1.636018423596e-04   -1.378620527248e-05    1.132108271122e-03    3.338091846672e-05    1.126650255173e-03
  25   -4.628347815014e-04   -2.443655102979e-04   -5.253789713606e-04   -2.379471261520e-04    1.628072277526e-05    1.386482268572e-03    7.630732579855e-05    1.379041001201e-03
  26   -4.732060187962e-04   -2.415034541627e-04   -5.423369584605e-04   -2.341155777685e-04   -2.546832774897e-06    1.388211036101e-03    6.365995068336e-05    1.379699213430e-03
  27   -4.305309266783e-04   -2.036650548689e-04   -5.032335757278e-04   -1.960834779311e-04   -5.115308886161e-05    1.316689886153e-03    1.835247348936e-05    1.307777594775e-03
  28   -3.873129026033e-04   -2.308703551535e-04   -4.638536192942e-04   -2.227158256574e-04   -1.004410150927e-04    1.309898565523e-03   -2.724517071329e-05    1.300086965784e-03
  29   -3.581558994483e-04   -2.313435252290e-04   -4.388991801534e-04   -2.227596996818e-04   -1.374226849293e-04    1.277113216929e-03   -6.025860056980e-05    1.266495557502e-03
  30   -3.479604783934e-04   -2.319910418009e-04   -4.325482004788e-04   -2.227023214800e-04   -1.584326091688e-04    1.245708321221e-03   -7.785292109475e-05    1.234146300703e-03
  31   -3.695731575135e-04   -2.410258020973e-04   -4.584707203321e-04   -2.321098145330e-04   -1.505146210548e-04    1.225803745911e-03   -6.607328396058e-05    1.214665826410e-03
  32   -3.891362866852e-04   -2.177645801567e-04   -4.819920577575e-04   -2.083663130179e-04   -1.432050630683e-04    1.177030266263e-03   -5.518161560758e-05    1.165469759144e-03
  33   -3.675775660668e-04   -2.111393259838e-04   -4.655098600779e-04   -2.001887332881e-04   -1.754358090693e-04    1.149142510258e-03   -8.258162415586e-05    1.135779311880e-03
  34   -3.654324682429e-04   -1.612558553461e-04   -4.670846392401e-04   -1.491060102126e-04   -1.889161503641e-04    1.074385480024e-03   -9.275412594434e-05    1.059454167262e-03
  35   -3.466276393738e-04   -1.252500951523e-04   -4.521576338448e-04   -1.110329831135e-04   -2.223470219178e-04    1.012445427477e-03   -1.228815672221e-04    9.952277177945e-04
  36   -3.243816026952e-04   -1.474238233641e-04   -4.343309847172e-04   -1.339570299024e-04   -2.607534406707e-04    1.012467080727e-03   -1.573416666361e-04    9.959680028260e-04
  37   -3.143868816551e-04   -1.677105756244e-04   -4.272581136320e-04   -1.541567471577e-04   -2.853181795217e-04    1.012969762087e-03   -1.794304844225e-04    9.963365737349e-04
  38   -3.430200740695e-04   -1.235171948792e-04   -4.599262611009e-04   -1.093963073799e-04   -2.672072150744e-04    9.528840892017e-04   -1.577554503456e-04    9.352365741506e-04
  39   -3.664134419523e-04   -6.145431689220e-05   -4.880955093540e-04   -4.429418549989e-05   -2.543289447203e-04    8.742729551159e-04   -1.405766233802e-04    8.531346684322e-04
  40   -3.640700888354e-04   -1.081928130588e-04   -4.930050345138e-04   -8.849329606164e-05   -2.682251797523e-04    9.020856814459e-04   -1.475304452470e-04    8.784831734374e-04
  41   -3.379748086445e-04   -1.247273758054e-04   -4.732586967293e-04   -1.057024346665e-04   -3.062402538490e-04    8.994388044812e-04   -1.792614057194e-04    8.766332175583e-04
  42   -3.526434011292e-04   -1.014695662889e-04   -4.936074255966e-04   -8.340921340277e-05   -3.029830695596e-04    8.573418599553e-04   -1.702864828985e-04    8.352886652574e-04
  43   -3.479344886728e-04   -1.195102959173e-04   -4.901557695121e-04   -1.001931595965e-04   -3.103478229605e-04    8.179312571883e-04   -1.768000656739e-04    7.941655348986e-04
  44   -3.513006959110e-04   -1.229067711392e-04   -4.976960481144e-04   -1.028952319757e-04   -3.234175383113e-04    8.065790170804e-04   -1.864359655883e-04    7.817671867087e-04
  45   -3.424245514907e-04   -1.208596149809e-04   -4.941510851495e-04   -1.002428034553e-04   -3.507954534143e-04    7.902037468739e-04   -2.090785274049e-04    7.652227650397e-04
  46   -3.342967829667e-04   -1.241524441866e-04   -4.916565376334e-04   -1.036127578118e-04   -3.784855362028e-04    7.796151912771e-04   -2.312500000698e-04    7.554274052382e-04
  47   -3.292928158771e-04   -1.444360241294e-04   -4.919546772726e-04   -1.212399802171e-04   -4.009227850474e-04    7.867764215916e-04   -2.483842545189e-04    7.601435645483e-04
  48   -3.220747457817e-04   -1.299101568293e-04   -4.897156031802e-04   -1.063279923983e-04   -4.232893115841e-04    7.611577166244e-04   -2.662203041837e-04    7.337944698520e-04
  49   -3.221144143026e-04   -1.161421168945e-04   -4.935534670949e-04   -9.326096187579e-05   -4.378459125292e-04    7.350826635957e-04   -2.777343615890e-04    7.081920048222e-04
  50   -3.369434562046e-04   -1.138186053140e-04   -5.143561866134e-04   -9.012174996315e-05   -4.392391711008e-04    7.194954669103e-04   -2.736855822150e-04    6.922406028025e-04
  51   -3.540502220858e-04   -1.136721621151e-04   -5.390927544795e-04   -8.855279884301e-05   -4.397401353344e-04    7.069583516568e-04   -2.667851222213e-04    6.791584310122e-04
  52   -3.586715320125e-04   -1.215763550135e-04   -5.471279728226e-04   -9.380627307110e-05   -4.426029918250e-04    6.758475210518e-04   -2.664832281880e-04    6.461715092883e-04
  53   -3.650051367003e-04   -1.127884606831e-04   -5.581464502029e-04   -8.371405419894e-05   -4.531519080047e-04    6.561666959897e-04   -2.727966639213e-04    6.250694277696e-04
  54   -3.451265802141e-04   -7.813210686436e-05   -5.478518432938e-04   -4.789962258656e-05   -4.955973126926e-04    6.339863757603e-04   -3.061506431550e-04    6.012474186718e-04
  55   -3.430562210269e-04   -8.623707981315e-05   -5.519864498638e-04   -5.620686351904e-05   -5.117637920193e-04    6.279919180088e-04   -3.164616646245e-04    5.954753141850e-04
  56   -3.417737025302e-04   -1.204536893056e-04   -5.588137428276e-04   -9.100541501539e-05   -5.310476408340e-04    6.483578472398e-04   -3.281857061666e-04    6.171364802867e-04
  57   -3.823256120086e-04   -1.321216113865e-04   -5.998507258482e-04   -1.004457735689e-04   -5.031307809986e-04    6.280174711719e-04   -3.004839527421e-04    5.949374753982e-04
  58   -3.920007147826e-04   -1.360777241644e-04   -6.172462599352e-04   -1.016433670884e-04   -5.179062718526e-04    6.438846467063e-04   -3.082291514147e-04    6.071779644117e-04
  59   -3.722051333170e-04   -1.210232148878e-04   -6.114530842751e-04   -8.603887545178e-05   -5.517694517039e-04    6.210193969309e-04   -3.277162904851e-04    5.832989700139e-04
  60   -4.107965214644e-04   -1.105194824049e-04   -6.552479462698e-04   -7.509379065596e-05   -5.259278696030e-04    6.025087204762e-04   -2.961693098769e-04    5.646475474350e-04
  61   -4.227817407809e-04   -1.519750949228e-04   -6.670174770989e-04   -1.163670167443e-04   -5.244915373623e-04    6.163292564452e-04   -2.950354537461e-04    5.788038833998e-04
  62   -4.275412065908e-04   -1.315152039751e-04   -6.750447209924e-04   -9.328484884463e-05   -5.397009663284e-04    5.884746788070e-04   -3.080932365265e-04    5.483137210831e-04
  63   -4.311995871831e-04   -1.328662765445e-04   -6.841333815828e-04   -9.298632357968e-05   -5.551268695854e-04    5.816716584377e-04   -3.191242576577e-04    5.395865882747e-04
  64   -4.300048167352e-04   -1.273671659874e-04   -6.897032726556e-04   -8.649490337120e-05   -5.752294673584e-04    5.661207251251e-04   -3.328016318846e-04    5.233635311015e-04
  65   -4.166678700130e-04   -1.203168067150e-04   -6.856219843030e-04   -7.965970144141e-05   -6.077933358029e-04    5.491998163052e-04   -3.565998922568e-04    5.076974048279e-04
  66   -4.341987369116e-04   -1.401680638082e-04   -7.115927292034e-04   -9.465072071180e-05   -6.095393910073e-04    5.608759820461e-04   -3.515794232953e-04    5.153626552783e-04
  67   -4.627629823517e-04   -1.585842401255e-04   -7.445227820426e-04   -1.101106245187e-04   -6.011641235091e-04    5.737970350310e-04   -3.408961638343e-04    5.252123228274e-04
  68   -4.758572613355e-04   -1.614583597984e-04   -7.592136389576e-04   -1.122610119637e-04   -6.093494012021e-04    5.726063973270e-04   -3.489392693155e-04    5.238011362962e-04
  69   -4.819978494197e-04   -1.894756860565e-04   -7.717949338257e-04   -1.371016696794e-04   -6.226870464161e-04    5.952402134426e-04   -3.568441607058e-04    5.451432080008e-04
  70   -4.779720038641e-04   -1.541294623166e-04   -7.800453458913e-04   -1.056486362359e-04   -6.464474136010e-04    5.536525859497e-04   -3.692641330417e-04    5.091184284538e-04
  71   -4.695481911767e-04   -1.543575781398e-04   -7.772758253850e-04   -1.083780734916e-04   -6.680088117719e-04    5.339308409020e-04   -3.863573947456e-04    4.915341269225e-04
  72   -5.041726981290e-04   -1.669004413998e-04   -8.133124210872e-04   -1.182636187878e-04   -6.581448251382e-04    5.583100719377e-04   -3.757538506761e-04    5.126524483785e-04
  73   -5.461430409923e-04   -1.441914646421e-04   -8.569838246331e-04   -9.339232929051e-05   -6.348718889058e-04    5.337072070688e-04   -3.508231020533e-04    4.872385179624e-04
  74   -5.224818014540e-04   -1.186619701912e-04   -8.450587629341e-04   -6.576696614502e-05   -6.760266260244e-04    5.066047888249e-04   -3.808136389125e-04    4.611380863935e-04
  75   -5.195093690418e-04   -9.435504762223e-05   -8.480033720843e-04   -4.521204755292e-05   -6.941028404981e-04    4.781830357388e-04   -3.946700599045e-04    4.382041224744e-04
  76   -5.238579469733e-04   -1.319657894783e-04   -8.628388750367e-04   -7.983023533598e-05   -7.004850776866e-04    4.953841562383e-04   -3.925302007701e-04    4.517964553088e-04
  77   -5.716772866435e-04   -8.565108146286e-05   -9.115791763179e-04   -2.961942482216e-05   -6.726826541126e-04    4.562903777696e-04   -3.653711755760e-04    4.074921598658e-04
  78   -5.692738341168e-04   -1.345442869933e-04   -9.242902742699e-04   -7.631377957296e-05   -6.890416843817e-04    5.008518346585e-04   -3.670617006719e-04    4.500380309764e-04
  79   -5.807385896333e-04   -1.444645895390e-04   -9.421369177289e-04   -8.199264993891e-05   -6.895994301885e-04    4.945831606165e-04   -3.615192254074e-04    4.414292634465e-04
  80   -5.730455159210e-04   -1.289201027248e-04   -9.390907362103e-04   -6.598653271794e-05   -7.132288883440e-04    4.743288154714e-04   -3.824897576123e-04    4.241512797307e-04
  81   -5.776044563390e-04   -1.267248153454e-04   -9.492584504187e-04   -5.901669283048e-05   -7.253232179210e-04    4.669288755395e-04   -3.915862471331e-04    4.142041434534e-04
  82   -5.924695869908e-04   -1.368982775602e-04   -9.720040834509e-04   -6.439546268666e-05   -7.257268880494e-04    4.716156981885e-04   -3.856913535856e-04    4.144447157159e-04
  83   -5.842062528245e-04   -1.338861184195e-04   -9.679509093985e-04   -5.870350651094e-05   -7.490999414586e-04    4.652742645703e-04   -4.053617594764e-04    4.053137381561e-04
  84   -5.922164418735e-04   -1.292232627748e-04   -9.820522973314e-04   -5.672179031535e-05   -7.506514666602e-04    4.469330597203e-04   -4.014328005724e-04    3.905911871698e-04
  85   -5.903683486395e-04   -1.551428867970e-04   -9.841113351285e-04   -8.038208034122e-05   -7.720172870904e-04    4.786527424585e-04   -4.205836739857e-04    4.227427125443e-04
  86   -6.072708638385e-04   -1.398132735630e-04   -1.009576604702e-03   -6.242149538593e-05   -7.699055131525e-04    4.587119910866e-04   -4.123053513467e-04    4.021171771456e-04
  87   -6.242456729524e-04   -1.322732277913e-04   -1.031702617183e-03   -5.670531390933e-05   -7.678200490773e-04    4.474240122363e-04   -4.070234135725e-04    3.934981650673e-04
  88   -6.014236714691e-04   -1.294545072597e-04   -1.013002474792e-03   -5.719877663068e-05   -8.056703372858e-04    4.414672730491e-04   -4.417017335072e-04    3.924685879610e-04
  89   -6.253165774979e-04   -1.246809842996e-04   -1.044511795044e-03   -4.917784826830e-05   -7.904474623501e-04    4.239167028572e-04   -4.201962146908e-04    3.738836094271e-04
  90   -6.267511053011e-04   -1.203839929076e-04   -1.053647487424e-03   -4.342752799857e-05   -8.001505048014e-04    4.163198173046e-04   -4.240887647029e-04    3.666289558169e-04
  91   -6.462103337981e-04   -9.270895679947e-05   -1.075641717762e-03   -1.615034125280e-05   -7.923989323899e-04    3.842365404125e-04   -4.157118382864e-04    3.356473171152e-04
  92   -6.447359337471e-04   -1.121549721574e-04   -1.085685216822e-03   -3.290826134617e-05   -8.072064956650e-04    4.039117193315e-04   -4.200278490316e-04    3.538855526131e-04
  93   -6.537770386785e-04   -1.137747676694e-04   -1.104171504267e-03   -2.836042222043e-05   -8.096268866211e-04    4.043242370244e-04   -4.138352232985e-04    3.511226095725e-04
  94   -6.567154778168e-04   -1.011042986647e-04   -1.111312885769e-03   -1.444253575755e-05   -8.149981731549e-04    3.877568524331e-04   -4.167921142653e-04    3.361265989952e-04
  95   -6.689967704006e-04   -1.067297853297e-04   -1.128476229496e-03   -1.902050280478e-05   -8.109787595458e-04    3.882914606947e-04   -4.106667474844e-04    3.355836961418e-04
  96   -6.835413514636e-04   -9.475040133111e-05   -1.146905007772e-03   -1.151629112428e-05   -8.066201698966e-04    3.696627391037e-04   -4.057375190314e-04    3.190189017914e-04
  97   -6.752621848136e-04   -9.730978490552e-05   -1.147960429080e-03   -1.480477203586e-05   -8.183355093934e-04    3.587143728510e-04   -4.106815613341e-04    3.077289438806e-04
  98   -6.877934210934e-04   -9.823677100940e-05   -1.172135001980e-03   -9.191641765938e-06   -8.139655692503e-04    3.568222164176e-04   -3.962724586017e-04    3.022673190571e-04
  99   -7.018597098067e-04   -9.428260091227e-05   -1.196684082970e-03    4.897071903542e-07   -8.072818745859e-04    3.501219034661e-04   -3.811135538854e-04    2.943361469079e-04
 100   -6.885282928124e-04   -9.292311733589e-05   -1.191552844830e-03    1.568308903188e-06   -8.292610873468e-04    3.438231651671e-04   -3.985715447925e-04    2.904610882979e-04
 101   -6.982326740399e-04   -8.810253348202e-05   -1.209206064232e-03    1.162999410553e-06   -8.285178919323e-04    3.327716840431e-04   -3.940185415559e-04    2.834433398675e-04
 102   -6.867417250760e-04   -1.233496732311e-04   -1.201584935188e-03   -3.078335430473e-05   -8.434871560894e-04    3.519059973769e-04   -4.069365095347e-04    2.982047153637e-04
 103   -7.006201776676e-04   -1.227477332577e-04   -1.224054372869e-03   -2.778544148896e-05   -8.426193962805e-04    3.566002706066e-04   -3.965247597080e-04    3.040478914045e-04
 104   -6.987015367486e-04   -1.024369048537e-04   -1.237550750375e-03    4.860372428084e-06   -8.615062688477e-04    3.462141030468e-04   -3.987263189629e-04    2.891617768910e-04
 105   -7.118452922441e-04   -1.043178344844e-04   -1.261279569007e-03    7.814751370461e-06   -8.558178669773e-04    3.343116550241e-04   -3.845753963105e-04    2.780459471978e-04
 106   -7.284244638868e-04   -1.002444187179e-04   -1.288146362640e-03    1.357343717245e-05   -8.521747658961e-04    3.265375562478e-04   -3.761574625969e-04    2.698634925764e-04
 107   -7.398601737805e-04   -9.478447464062e-05   -1.306903199293e-03    2.305560883542e-05   -8.508856990375e-04    3.164265071973e-04   -3.707761352416e-04    2.560650755186e-04
 108   -7.392307161354e-04   -9.886929183267e-05   -1.312808133662e-03    2.311853859283e-05   -8.606261690147e-04    3.190414572600e-04   -3.712903708220e-04    2.592054079287e-04
 109   -7.400249596685e-04   -1.043639422278e-04   -1.320780138485e-03    2.043745007541e-05   -8.662103791721e-04    3.177945909556e-04   -3.660015354399e-04    2.621664025355e-04
 110   -7.505560643040e-04   -1.003694997053e-04   -1.339394832030e-03    2.657685399754e-05   -8.685193606652e-04    3.130479308311e-04   -3.615336026996e-04    2.590051735751e-04
 111   -7.559281657450e-04   -9.485962800682e-05   -1.358132809401e-03    3.497157013044e-05   -8.770835120231e-04    3.032306849491e-04   -3.620993811637e-04    2.458386588842e-04
 112   -7.602442055941e-04   -1.006099118968e-04   -1.375667634420e-03    3.103120616288e-05   -8.801444782875e-04    2.945341402665e-04   -3.545288636815e-04    2.347965782974e-04
 113   -7.582729449496e-04   -1.059790592990e-04   -1.385526615195e-03    2.613447031763e-05   -8.878572261892e-04    2.875138015952e-04   -3.493153781164e-04    2.311916323379e-04
 114   -7.602161495015e-04   -1.031540159602e-04   -1.398768392392e-03    3.076219581999e-05   -8.959097904153e-04    2.813083119690e-04   -3.484191256575e-04    2.296125021530e-04
 115   -7.635816000402e-04   -9.481298184255e-05   -1.417249673977e-03    4.270446152077e-05   -9.093644912355e-04    2.769842976704e-04   -3.536962612998e-04    2.261565387016e-04
 116   -7.700493442826e-04   -1.044116870617e-04   -1.441267202608e-03    3.608938277466e-05   -9.112984989770e-04    2.735716407187e-04   -3.442041343078e-04    2.207138459198e-04
 117   -7.720854482614e-04   -1.087901546271e-04   -1.457625417970e-03    3.278589792899e-05   -9.222654043697e-04    2.727192768361e-04   -3.406681062188e-04    2.204804768553e-04
 118   -7.725841132924e-04   -1.158892628155e-04   -1.470802584663e-03    2.855903767340e-05   -9.279441437684e-04    2.669824170880e-04   -3.309745225124e-04    2.150328946300e-04
 119   -7.779081352055e-04   -1.173055788968e-04   -1.490888185799e-03    3.403650771361e-05   -9.304637205787e-04    2.624291810207e-04   -3.204955719411e-04    2.068119647447e-04
 120   -7.859032484703e-04   -1.172087650048e-04   -1.515758456662e-03    4.152754263487e-05   -9.306741994806e-04    2.567496849224e-04   -3.079095331486e-04    1.958173816092e-04
 121   -7.878892938606e-04   -1.255762617802e-04   -1.524846185930e-03    3.447304698057e-05   -9.197177132592e-04    2.499797847122e-04   -2.909624599852e-04    1.874965819297e-04
 122   -7.920464267954e-04   -1.218935358338e-04   -1.545137376525e-03    3.794420990744e-05   -9.339061798528e-04    2.510303747840e-04   -2.862272667699e-04    1.897291804198e-04
 123   -7.940127979964e-04   -1.309957442572e-04   -1.564465928823e-03    2.953821604024e-05   -9.396189707331e-04    2.474718494341e-04   -2.736033638939e-04    1.889762788778e-04
 124   -7.983779069036e-04   -1.322516618529e-04   -1.589164370671e-03    3.388435652596e-05   -9.486163617112e-04    2.430276072118e-04   -2.650987298694e-04    1.843114587246e-04
 125   -8.010216406547e-04   -1.319913135376e-04   -1.612570951693e-03    4.050747884321e-05   -9.577613091096e-04    2.381235972280e-04   -2.573226811364e-04    1.787024666555e-04
 126   -8.009950397536e-04   -1.330338855041e-04   -1.631245599128e-03    4.311051452532e-05   -9.682898526080e-04    2.343124360777e-04   -2.507482422516e-04    1.757362915669e-04
 127   -7.985499105416e-04   -1.369635574520e-04   -1.644314615987e-03    3.969285899075e-05   -9.814884979278e-04    2.305573434569e-04   -2.491755003575e-04    1.747663336573e-04
 128   -7.997230859473e-04   -1.361732720397e-04   -1.657778979279e-03    4.445829472388e-05   -9.989287937060e-04    2.269938413519e-04   -2.554818929639e-04    1.698438427411e-04
 129   -7.993872859515e-04   -1.424658694305e-04   -1.672976184636e-03    4.616593651008e-05   -1.007051323541e-03    2.195938432124e-04   -2.513088402338e-04    1.574755733600e-04
 130   -7.960088551044e-04   -1.416467130184e-04   -1.691429293714e-03    5.371629958972e-05   -1.019241986796e-03    2.145774342353e-04   -2.463119453751e-04    1.500940852566e-04
 131   -7.922556251287e-04   -1.411266421201e-04   -1.710121054202e-03    5.615134068648e-05   -1.027931110002e-03    2.103072911268e-04   -2.370732545387e-04    1.463693188271e-04
 132   -7.904528756626e-04   -1.430602133041e-04   -1.724879490212e-03    5.605883779936e-05   -1.037221285515e-03    2.037900849245e-04   -2.296775928698e-04    1.403712813044e-04
 133   -7.910110871308e-04   -1.495880860602e-04   -1.735022524372e-03    5.538596087717e-05   -1.045256853104e-03    1.992785255425e-04   -2.231799153378e-04    1.313261454925e-04
 134   -7.923675002530e-04   -1.525731204310e-04   -1.750733586960e-03    6.085498534958e-05   -1.055623521097e-03    1.922539959196e-04   -2.160168514820e-04    1.210580012412e-04
 135   -7.901743520051e-04   -1.596296642674e-04   -1.773517695256e-03    5.836712080054e-05   -1.061323215254e-03    1.868563122116e-04   -1.989683514694e-04    1.181976185762e-04
 136   -7.886638632044e-04   -1.535463670734e-04   -1.799524878152e-03    6.638197373832e-05   -1.075032749213e-03    1.835599541664e-04   -1.877951435745e-04    1.176711011794e-04
 137   -7.864224608056e-04   -1.564185804455e-04   -1.819030148908e-03    6.575039151357e-05   -1.084883930162e-03    1.817579613999e-04   -1.728100905893e-04    1.162677726825e-04
 138   -7.878573378548e-04   -1.696585532045e-04   -1.839214935899e-03    5.510355185834e-05   -1.087319920771e-03    1.819539320422e-04   -1.540940720588e-04    1.160299361800e-04
 139   -7.899905322120e-04   -1.799077290343e-04   -1.863815705292e-03    4.862081550527e-05   -1.093368045986e-03    1.833408168750e-04   -1.431984710507e-04    1.186075824080e-04
 140   -7.899505435489e-04   -1.839775795816e-04   -1.888015074655e-03    5.138992855791e-05   -1.101403497159e-03    1.820431061788e-04   -1.328023208771e-04    1.176429796033e-04
 141   -7.857193704695e-04   -1.824537466746e-04   -1.907684607431e-03    6.337142258417e-05   -1.112462370656e-03    1.774304982973e-04   -1.181270999950e-04    1.087678028853e-04
 142   -7.802167092450e-04   -1.794210693333e-04   -1.927494886331e-03    7.669546903344e-05   -1.126710907556e-03    1.709292700980e-04   -1.029870545608e-04    9.968093945645e-05
 143   -7.728333584964e-04   -1.921779476106e-04   -1.948526944034e-03    7.120074587874e-05   -1.131568569690e-03    1.700690772850e-04   -8.173036621884e-05    9.780104301171e-05
 144   -7.667623576708e-04   -2.035126090050e-04   -1.968154450879e-03    6.294742343016e-05   -1.130194403231e-03    1.695841056062e-04   -6.121613114374e-05    9.680551011115e-05
 145   -7.640288677067e-04   -2.044400462182e-04   -1.987105701119e-03    6.587638927158e-05   -1.133619458415e-03    1.679785345914e-04   -4.375303979032e-05    9.090660751099e-05
 146   -7.580335950479e-04   -2.002489491133e-04   -2.003827830777e-03    7.846218068153e-05   -1.140381325968e-03    1.623736898182e-04   -2.365329055465e-05    7.842591730878e-05
 147   -7.468108087778e-04   -1.956937921932e-04   -2.020642394200e-03    9.130563557846e-05   -1.156852231361e-03    1.588431332493e-04   -1.132105171564e-05    7.058767369017e-05
 148   -7.250850903802e-04   -2.058245445369e-04   -2.032102784142e-03    8.526889723726e-05   -1.168145099655e-03    1.572010078235e-04    8.045862159634e-06    7.073415326886e-05
 149   -7.104355026968e-04   -2.199094888056e-04   -2.048814902082e-03    7.552576425951e-05   -1.177368802018e-03    1.582800905453e-04    3.015510083060e-05    7.661106064916e-05
 150   -7.074210443534e-04   -2.217885776190e-04   -2.073482610285e-03    8.731761772651e-05   -1.187641872093e-03    1.506930420874e-04    5.085614975542e-05    6.678530189674e-05
 151   -7.076429319568e-04   -2.211771352449e-04   -2.099204109982e-03    1.032260406646e-04   -1.191858900711e-03    1.436821039533e-04    7.472538709408e-05    4.665034430218e-05
 152   -7.004706421867e-04   -2.240536123281e-04   -2.120251068845e-03    1.086296979338e-04   -1.191017217934e-03    1.389296230627e-04    1.041691721184e-04    2.775584107439e-05
 153   -6.858121487312e-04   -2.309001283720e-04   -2.140308264643e-03    1.069940117304e-04   -1.210543327034e-03    1.421204215148e-04    1.169452661998e-04    2.666393083928e-05
 154   -6.738142110407e-04   -2.501208800822e-04   -2.167123137042e-03    9.815842349781e-05   -1.217745011672e-03    1.394243008690e-04    1.430266711395e-04    3.149547774228e-05
 155   -6.665053660981e-04   -2.584698959254e-04   -2.196874702349e-03    1.019601404550e-04   -1.229500980116e-03    1.282561424887e-04    1.618925452931e-04    3.005640792253e-05
 156   -6.524667842314e-04   -2.635125420056e-04   -2.215103479102e-03    1.007745959214e-04   -1.234492287040e-03    1.180240869871e-04    1.848905230872e-04    2.224615673185e-05
 157   -6.321228574961e-04   -2.630852977745e-04   -2.221942879260e-03    9.688862337498e-05   -1.246337196790e-03    1.141633474617e-04    2.039355022134e-04    1.421307388227e-05
 158   -6.140113109723e-04   -2.725155500229e-04   -2.234895247966e-03    9.035169932758e-05   -1.262216828763e-03    1.188592941617e-04    2.248905366287e-04    1.465329751227e-05
 159   -6.002077134326e-04   -2.877658116631e-04   -2.261752961203e-03    8.943204738898e-05   -1.280877855606e-03    1.172763877548e-04    2.445303252898e-04    1.534520379209e-05
 160   -5.926088779233e-04   -2.960592391901e-04   -2.301147906110e-03    9.951764513971e-05   -1.283998601139e-03    9.891201625578e-05    2.773108426481e-04    3.201940671715e-06
 161   -5.861723911949e-04   -2.955931413453e-04   -2.339127473533e-03    1.124376649386e-04   -1.283144578338e-03    8.124845771817e-05    3.128807584289e-04   -1.433100351278e-05
 162   -5.774434539489e-04   -2.902285777964e-04   -2.364451298490e-03    1.241472346010e-04   -1.289924723096e-03    7.435653242283e-05    3.419657587074e-04   -2.596298872959e-05
 163   -5.554996314459e-04   -3.059817827307e-04   -2.371784066781e-03    1.180402832688e-04   -1.300109783188e-03    8.834134496283e-05    3.680532099679e-04   -2.031606345554e-05
 164   -5.267375963740e-04   -3.298600495327e-04   -2.378603909165e-03    1.111611345550e-04   -1.312736654654e-03    9.871950169327e-05    3.974844876211e-04   -1.922236697283e-05
 165   -5.005256389268e-04   -3.424971655477e-04   -2.395420568064e-03    1.183616768685e-04   -1.321237650700e-03    8.925009024097e-05    4.325229383539e-04   -3.914632543456e-05
 166   -4.896406899206e-04   -3.371665370651e-04   -2.422622870654e-03    1.395488361595e-04   -1.324588316493e-03    7.075938628986e-05    4.637916863430e-04   -6.816211680416e-05
 167   -4.826794902328e-04   -3.330901381560e-04   -2.448917599395e-03    1.582182449056e-04   -1.329716527835e-03    6.209037383087e-05    4.877502506133e-04   -8.579103450757e-05
 168   -4.666438908316e-04   -3.511013055686e-04   -2.473528496921e-03    1.546015118947e-04   -1.334649394266e-03    6.895598926349e-05    5.187288043089e-04   -8.324203372467e-05
 169   -4.357927537058e-04   -3.795952943619e-04   -2.493768697605e-03    1.398687891196e-04   -1.356720807962e-03    7.307830674108e-05    5.421169917099e-04   -8.181540033547e-05
 170   -4.200022958685e-04   -3.946395881940e-04   -2.525174291804e-03    1.318813447142e-04   -1.358253648505e-03    6.188987026690e-05    5.853883340023e-04   -9.085139026865e-05
 171   -4.082438244950e-04   -3.955000720453e-04   -2.552927471697e-03    1.419585605618e-04   -1.358704292215e-03    5.407574644778e-05    6.238372880034e-04   -1.010014457279e-04
 172   -3.950690443162e-04   -3.857735428028e-04   -2.578500192612e-03    1.666697789915e-04   -1.359167741612e-03    4.921682557324e-05    6.628329283558e-04   -1.093225873774e-04
 173   -3.706940333359e-04   -3.993618302047e-04   -2.604056382552e-03    1.671359641477e-04   -1.365729724057e-03    6.144265353214e-05    7.070917054079e-04   -1.015446396195e-04
 174   -3.444124595262e-04   -4.185759753454e-04   -2.636695513502e-03    1.579833187861e-04   -1.375563675538e-03    6.113890412962e-05    7.537138299085e-04   -1.043536758516e-04
 175   -3.269502776675e-04   -4.467517428566e-04   -2.675668336451e-03    1.444845256628e-04   -1.380535308272e-03    5.843567123520e-05    7.977865752764e-04   -1.089629367925e-04
 176   -3.015879483428e-04   -4.580923705362e-04   -2.703696023673e-03    1.556579372846e-04   -1.392866368406e-03    4.430403714650e-05    8.267500088550e-04   -1.253187801922e-04
 177   -2.676125441212e-04   -4.543517134152e-04   -2.721098950133e-03    1.781296014087e-04   -1.400412060320e-03    2.713684443734e-05    8.640971500427e-04   -1.412035198882e-04
 178   -2.289616095368e-04   -4.472406581044e-04   -2.736366819590e-03    1.958470675163e-04   -1.420996151865e-03    9.535299795971e-06    9.052070090547e-04   -1.598298986210e-04
 179   -2.150696382159e-04   -4.689838679042e-04   -2.769002690911e-03    1.884153462015e-04   -1.416084473021e-03    5.682991741196e-06    9.667053818703e-04   -1.748202776071e-04
 180   -1.943085371749e-04   -5.093505023979e-04   -2.795648295432e-03    1.775238488335e-04   -1.415154081769e-03    1.289746887778e-05    1.012852648273e-03   -1.883275836008e-04
 181   -1.564857811900e-04   -5.249368841760e-04   -2.819793764502e-03    1.945153344423e-04   -1.427035662346e-03   -1.352902927465e-06    1.047481084242e-03   -2.190622617491e-04
 182   -9.775817306945e-05   -5.273398128338e-04   -2.839940367267e-03    2.087345346808e-04   -1.460046041757e-03   -1.583119228599e-05    1.086141215637e-03   -2.340340288356e-04
 183   -5.111891005072e-05   -5.481514381245e-04   -2.864989684895e-03    1.988031290239e-04   -1.483455183916e-03   -9.857976692729e-06    1.140536158346e-03   -2.250529068988e-04
 184   -2.769503771560e-05   -5.685181822628e-04   -2.892432967201e-03    2.042191918008e-04   -1.493862946518e-03   -1.496752520325e-05    1.188326976262e-03   -2.367039851379e-04
 185   -1.305750538450e-05   -5.945554585196e-04   -2.920263446867e-03    2.199165901402e-04   -1.489506103098e-03   -1.907280784508e-05    1.231749774888e-03   -2.549524069764e-04
 186    2.163198223570e-05   -6.111578550190e-04   -2.950330032036e-03    2.309341653017e-04   -1.498211408034e-03   -2.774449785647e-05    1.277164090425e-03   -2.650791429915e-04
 187    5.633177352138e-05   -6.072481628507e-04   -2.987913787365e-03    2.379464858677e-04   -1.513821305707e-03   -4.280860230210e-05    1.333416905254e-03   -2.714428410400e-04
 188    1.001469499897e-04   -6.094627315179e-04   -3.010645043105e-03    2.424908452667e-04   -1.541052479297e-03   -5.431111640064e-05    1.384479459375e-03   -2.763159864116e-04
 189    1.117358187912e-04   -6.448432686739e-04   -3.041472518817e-03    2.430374588585e-04   -1.526459120214e-03   -4.790819366463e-05    1.452893833630e-03   -2.765512326732e-04
 190    1.422499044565e-04   -6.950085517019e-04   -3.067334182560e-03    2.373945899308e-04   -1.524132792838e-03   -4.048432310810e-05    1.511579612270e-03   -2.802805393003e-04
 191    1.988581934711e-04   -7.326060440391e-04   -3.084160387516e-03    2.334636228625e-04   -1.542190206237e-03   -3.972491686000e-05    1.559798605740e-03   -2.983028825838e-04
 192    2.476480440237e-04   -7.657788810320e-04   -3.115931060165e-03    2.047255402431e-04   -1.561772776768e-03   -2.914912147389e-05    1.615937566385e-03   -2.973937662318e-04
 193    2.852907055058e-04   -7.914451998658e-04   -3.141524735838e-03    1.997788785957e-04   -1.578003400937e-03   -2.286913695571e-05    1.664122799411e-03   -3.159829357173e-04
 194    3.132087003905e-04   -8.101536659524e-04   -3.156362567097e-03    2.010645694099e-04   -1.570268766955e-03   -3.029000072274e-05    1.719757216051e-03   -3.338087990414e-04
 195    3.848130290862e-04   -8.223357726820e-04   -3.144393675029e-03    2.256834995933e-04   -1.595551730134e-03   -5.073376087239e-05    1.752722891979e-03   -3.734361671377e-04
 196    4.518430214375e-04   -8.469659951515e-04   -3.152847522870e-03    2.293948637089e-04   -1.610127976164e-03   -5.428929580376e-05    1.805254025385e-03   -3.869590291288e-04
 197    5.213142139837e-04   -8.831803570502e-04   -3.175266552716e-03    2.237032895209e-04   -1.642784452997e-03   -4.172737317276e-05    1.859351643361e-03   -3.862119920086e-04
 198    5.427263095044e-04   -9.236964979209e-04   -3.221243619919e-03    2.166172198486e-04   -1.641686889343e-03   -3.019387986569e-05    1.930384198204e-03   -3.839003911708e-04
 199    5.915021756664e-04   -9.586453088559e-04   -3.248386783525e-03    2.267230884172e-04   -1.663519768044e-03   -3.901586023858e-05    1.985183916986e-03   -4.074516764376e-04
 200    6.507196812890e-04   -9.949264349416e-04   -3.280313685536e-03    2.111563371727e-04   -1.684848451987e-03   -4.996998541174e-05    2.043782267720e-03   -4.101097583771e-04
 201    7.120947702788e-04   -1.007213722914e-03   -3.318589180708e-03    2.296267048223e-04   -1.706863869913e-03   -6.978262535995e-05    2.110520377755e-03   -4.379090387374e-04
 202    7.502704975195e-04   -1.019696937874e-03   -3.348292317241e-03    2.465171564836e-04   -1.708666211925e-03   -7.464275404345e-05    2.176848473027e-03   -4.534746694844e-04
 203    8.107811445370e-04   -1.044874195941e-03   -3.363614203408e-03    2.541838912293e-04   -1.726455637254e-03   -7.547798304586e-05    2.235776279122e-03   -4.701019788627e-04
 204    8.804493700154e-04   -1.070318976417e-03   -3.370673628524e-03    2.468736784067e-04   -1.744168694131e-03   -9.270462032873e-05    2.282239962369e-03   -4.865133960266e-04
 205    9.445099276491e-04   -1.108408672735e-03   -3.387199016288e-03    2.402658865321e-04   -1.753661781549e-03   -1.021132848109e-04    2.339918166399e-03   -5.011403700337e-04
 206    1.015105983242e-03   -1.097283442505e-03   -3.414188278839e-03    2.823676622938e-04   -1.771309645846e-03   -1.424828951713e-04    2.424504375085e-03   -5.311503773555e-04
 207    1.085761119612e-03   -1.124131144024e-03   -3.415290266275e-03    3.082211769652e-04   -1.796924625523e-03   -1.371302205371e-04    2.481925068423e-03   -5.452159093693e-04
 208    1.151226810180e-03   -1.175988698378e-03   -3.436879022047e-03    2.888164890464e-04   -1.808155095205e-03   -1.222388236783e-04    2.550062956288e-03   -5.522528081201e-04
 209    1.221073325723e-03   -1.220397767611e-03   -3.452634206042e-03    2.681100449990e-04   -1.820249482989e-03   -1.402304333169e-04    2.597543178126e-03   -5.924946744926e-04
 210    1.273798174225e-03   -1.256094430573e-03   -3.486982546747e-03    2.899989485741e-04   -1.823271857575e-03   -1.751072559273e-04    2.666417043656e-03   -6.535939173773e-04
 211    1.314008608460e-03   -1.281446544454e-03   -3.516112919897e-03    3.324338758830e-04   -1.836362644099e-03   -2.012936747633e-04    2.732969354838e-03   -6.892469245940e-04
 212    1.370193087496e-03   -1.314400578849e-03   -3.537771990523e-03    3.575438167900e-04   -1.870752312243e-03   -2.020008396357e-04    2.786812372506e-03   -6.977541488595e-04
 213    1.450275885873e-03   -1.354844192974e-03   -3.551937406883e-03    3.433999372646e-04   -1.903655822389e-03   -1.955933694262e-04    2.837643958628e-03   -6.957945879549e-04
 214    1.546573825181e-03   -1.407573116012e-03   -3.555579110980e-03    3.348451864440e-04   -1.922519295476e-03   -1.915616157930e-04    2.898007165641e-03   -7.246236782521e-04
 215    1.616903347895e-03   -1.448699040338e-03   -3.583689918742e-03    3.529570822138e-04   -1.922938274220e-03   -1.990030286834e-04    2.989235101268e-03   -7.729878416285e-04
 216    1.663665170781e-03   -1.516684191301e-03   -3.620005445555e-03    3.222252416890e-04   -1.938872621395e-03   -1.563468831591e-04    3.061657305807e-03   -7.428490789607e-04
 217    1.697563333437e-03   -1.520518446341e-03   -3.657238790765e-03    3.439733409323e-04   -1.953894738108e-03   -1.558302319609e-04    3.122672438622e-03   -7.521769730374e-04
 218    1.786369713955e-03   -1.565666403621e-03   -3.688439726830e-03    3.554686845746e-04   -1.996589591727e-03   -1.357700966764e-04    3.188723232597e-03   -7.639573886991e-04
 219    1.873590401374e-03   -1.568108680658e-03   -3.682435024530e-03    4.015329177491e-04   -2.001941669732e-03   -1.884074881673e-04    3.252768889070e-03   -8.374025928788e-04
 220    1.945562544279e-03   -1.604342018254e-03   -3.713665530086e-03    4.133537877351e-04   -2.006134018302e-03   -2.182006137446e-04    3.357509849593e-03   -8.838691865094e-04
 221    1.965914154425e-03   -1.633024308830e-03   -3.728152019903e-03    4.306649207138e-04   -1.993081765249e-03   -2.318715560250e-04    3.424393711612e-03   -9.183908696286e-04
 222    2.021498745307e-03   -1.668011769652e-03   -3.796940203756e-03    4.270527861081e-04   -2.025804482400e-03   -2.255920408061e-04    3.533910028636e-03   -9.247064590454e-04
 223    2.100164769217e-03   -1.683045178652e-03   -3.773599630222e-03    4.510684811976e-04   -2.063468331471e-03   -2.602298336569e-04    3.554588416591e-03   -9.712857427076e-04
 224    2.183033851907e-03   -1.733729382977e-03   -3.811107715592e-03    4.467099206522e-04   -2.087404718623e-03   -2.898924867623e-04    3.636828390881e-03   -1.009258441627e-03
 225    2.250425983220e-03   -1.761780236848e-03   -3.860029159114e-03    4.362962208688e-04   -2.094354713336e-03   -3.244062536396e-04    3.723095171154e-03   -1.034653862007e-03
 226    2.266922732815e-03   -1.794281648472e-03   -3.880698699504e-03    4.357590223663e-04   -2.053955104202e-03   -3.197398327757e-04    3.783251857385e-03   -1.044163131155e-03
 227    2.307215938345e-03   -1.865982776508e-03   -3.924966324121e-03    4.080074722879e-04   -2.045617438853e-03   -2.696307783481e-04    3.868319094181e-03   -1.011924468912e-03
 228    2.362563973293e-03   -1.902045449242e-03   -3.942548297346e-03    4.288621421438e-04   -2.059158869088e-03   -2.777713525575e-04    3.926627337933e-03   -1.036899280734e-03
 229    2.483232179657e-03   -1.955542014912e-03   -3.873237408698e-03    3.884639590979e-04   -2.134126611054e-03   -2.909915638156e-04    3.899107221514e-03   -1.029575127177e-03
 230    2.556470921263e-03   -2.020258689299e-03   -3.924441523850e-03    3.504982450977e-04   -2.141032600775e-03   -2.853441401385e-04    4.002271220088e-03   -1.044209930114e-03
 231    2.618747530505e-03   -2.083548577502e-03   -3.907770384103e-03    3.015821275767e-04   -2.126384293661e-03   -2.697421878111e-04    4.045795183629e-03   -1.045868033543e-03
 232    2.676261588931e-03   -2.153130713850e-03   -3.992966376245e-03    2.924250729848e-04   -2.124395687133e-03   -2.396864292677e-04    4.186852369457e-03   -1.058080233634e-03
 233    2.740736817941e-03   -2.196343615651e-03   -4.021957051009e-03    3.069255035371e-04   -2.154642250389e-03   -2.338144549867e-04    4.259041976184e-03   -1.072117709555e-03
 234    2.858301624656e-03   -2.264859853312e-03   -4.022243432701e-03    3.047317441087e-04   -2.234597224742e-03   -2.195580309490e-04    4.296395462006e-03   -1.079869805835e-03
 235    2.933177165687e-03   -2.330299932510e-03   -4.090996924788e-03    3.190785937477e-04   -2.257038606331e-03   -2.371060982114e-04    4.394557327032e-03   -1.129352138378e-03
 236    2.997745061293e-03   -2.396053401753e-03   -4.133317153901e-03    3.193849406671e-04   -2.270222641528e-03   -2.509073819965e-04    4.459934309125e-03   -1.163513050415e-03
 237    3.027501748875e-03   -2.398655517027e-03   -4.137650132179e-03    3.343080461491e-04   -2.273929072544e-03   -2.873806224670e-04    4.495235625654e-03   -1.184906926937e-03
 238    3.052805783227e-03   -2.386689418927e-03   -4.138872493058e-03    3.843464946840e-04   -2.280503278598e-03   -3.042118914891e-04    4.549593199044e-03   -1.225091749802e-03
 239    3.129940014333e-03   -2.414469374344e-03   -4.158397205174e-03    4.251998325344e-04   -2.316484926268e-03   -3.055004053749e-04    4.636062309146e-03   -1.266616163775e-03
 240    3.228878136724e-03   -2.469621831551e-03   -4.169817082584e-03    4.448986437637e-04   -2.349375514314e-03   -3.165935049765e-04    4.701603204012e-03   -1.313555869274e-03
 241    3.349386621267e-03   -2.544936258346e-03   -4.184301942587e-03    4.073782765772e-04   -2.413615118712e-03   -3.122088091914e-04    4.733446985483e-03   -1.315261702985e-03
 242    3.335584420711e-03   -2.616686513647e-03   -4.259838722646e-03    4.022014327347e-04   -2.364960266277e-03   -2.996389521286e-04    4.807851742953e-03   -1.344540389255e-03
 243    3.369935322553e-03   -2.654315438122e-03   -4.296817351133e-03    4.467947001103e-04   -2.358074299991e-03   -3.101940674242e-04    4.877501167357e-03   -1.402643625624e-03
 244    3.486480563879e-03   -2.706402912736e-03   -4.293224774301e-03    4.397408047225e-04   -2.415767870843e-03   -3.235094482079e-04    4.949178081006e-03   -1.401319983415e-03
 245    3.571360372007e-03   -2.739923540503e-03   -4.284990485758e-03    4.419143951964e-04   -2.453940920532e-03   -3.572731511667e-04    5.012070294470e-03   -1.417442574166e-03
 246    3.644040785730e-03   -2.786392346025e-03   -4.275964107364e-03    3.968580276705e-04   -2.502180635929e-03   -3.650552243926e-04    5.026765167713e-03   -1.411042525433e-03
 247    3.701841924340e-03   -2.820278285071e-03   -4.275472369045e-03    3.848341584671e-04   -2.527020405978e-03   -3.674564359244e-04    5.029169376940e-03   -1.439434592612e-03
 248    3.785319393501e-03   -2.852619159967e-03   -4.258948843926e-03    3.832302172668e-04   -2.553661586717e-03   -3.814533702098e-04    5.043293349445e-03   -1.463209860958e-03
 249    3.830433823168e-03   -2.906006993726e-03   -4.241789225489e-03    3.823635342997e-04   -2.541963243857e-03   -4.002003406640e-04    5.084145348519e-03   -1.481694751419e-03
 250    3.885143203661e-03   -2.946347231045e-03   -4.257488995790e-03    3.838052216452e-04   -2.554748207331e-03   -4.320546577219e-04    5.148273427039e-03   -1.509879948571e-03
 251    3.924812655896e-03   -3.020325908437e-03   -4.283690825105e-03    3.492212854326e-04   -2.556018298492e-03   -4.195360525046e-04    5.188304465264e-03   -1.519950572401e-03
 252    3.996336366981e-03   -3.076063469052e-03   -4.299771506339e-03    3.264216647949e-04   -2.584384055808e-03   -4.040317726322e-04    5.206373054534e-03   -1.533245667815e-03
